0 0.621875 0.38515625 0.075 0.0609375
3 0.65390625 0.42890625 0.0109375 0.0515625
3 0.6235691480744511 0.45390885440423556 0.05196248933799978 0.03467498184962743
5 0.51875 0.46953125 0.28125 0.2734375
5 0.5234375 0.47578125 0.271875 0.2390625
8 0.8296875 0.34453125 0.340625 0.6890625
0 0.0703125 0.753125 0.140625 0.128125
3 0.3426084073838158 0.8223270562978297 0.1002010893539083 0.15213519262201594
3 0.07988223539940602 0.9356345356133742 0.09511360001590834 0.11773292154477702
3 0.009375 0.91640625 0.01875 0.1671875
4 0.3859375 0.93125 0.28125 0.1375
5 0.38984375 0.84453125 0.3921875 0.3109375
5 0.11484375 0.84453125 0.2296875 0.3109375
8 0.8296875 0.79140625 0.340625 0.2046875
8 0.75390625 0.84453125 0.1890625 0.3109375
7 0.921875 0.69296875 0.028125 0.0078125
5 0.91328125 0.71484375 0.0515625 0.0515625