0 0.31875 0.35985366374613703 0.0953125 0.06461701190385671
0 0.4375 0.36306904645608606 0.1421875 0.13051472267624523
0 0.45390625 0.79296875 0.1109375 0.0328125
3 0.3375 0.790625 0.059375 0.0375
3 0.3953125 0.784375 0.075 0.05
3 0.35625 0.40104174512822616 0.0421875 0.054932939695149764
3 0.3125 0.4286400251824555 0.053125 0.03624657220870695
4 0.4046875 0.545291193996758 0.1734375 0.17600902985783762
4 0.41484375 0.6625 0.1890625 0.171875
5 0.25078125 0.7140625 0.3015625 0.190625
5 0.2875 0.70390625 0.44375 0.2109375
5 0.2859375 0.44453125 0.446875 0.2984375
5 0.225 0.456492835290914 0.303125 0.2533260296614458
8 0.7546875 0.9046875 0.490625 0.190625