0 0.21171875 0.01640625 0.1015625 0.0328125
0 0.03984375 0.0265625 0.0796875 0.053125
0 0.3736268348981306 0.05 0.11918633723582168 0.075
4 0.3866757598607532 0.22421875 0.1682692527304745 0.1859375
4 0.1847001694034777 0.1609375 0.1430965359079618 0.15625
4 0.040625 0.16953125 0.08125 0.1546875
3 0.02734375 0.0765625 0.0546875 0.034375
3 0.21338422648687425 0.06484375 0.04709316861791084 0.0375
3 0.34904901571448566 0.11171875 0.04863748789975162 0.034375
5 0.05625 0.196875 0.1125 0.39375
5 0.21640625 0.21875 0.2671875 0.4375
5 0.37405304001317835 0.2453125 0.22618278844204448 0.471875