0 0.25234375 0.0171875 0.1046875 0.034375
0 0.4484375 0.02421875 0.128125 0.0484375
0 0.09310354274365285 0.0546875 0.1207670179539809 0.078125
4 0.08515625 0.23125 0.1703125 0.190625
4 0.28545414832623894 0.1609375 0.14937380698520072 0.1609375
4 0.4791950579671592 0.1625 0.18532039734428024 0.1625
4 0.6296875 0.1984375 0.178125 0.265625
3 0.4437938891528567 0.0703125 0.061155668617910844 0.0375
3 0.25398650058917516 0.0640625 0.05022725897699054 0.0390625
3 0.11852572356000798 0.11640625 0.05021816861791084 0.0375
3 0.6361768318730686 0.03671875 0.12230224687674181 0.0734375
5 0.46796875 0.19609375 0.2359375 0.3921875
5 0.56640625 0.2296875 0.3046875 0.459375
5 0.25234375 0.22265625 0.2828125 0.4453125
5 0.109375 0.23515625 0.21875 0.4484375
8 0.8390625 0.27421875 0.240625 0.3703125
4 0.8497120910464506 0.20078125 0.015761355386194255 0.0234375
2 0.8498348108940256 0.1796875 0.007867042154477843 0.009375
5 0.848190497662309 0.19375 0.02991475897699054 0.0390625
8 0.34140625 0.9078125 0.6828125 0.184375