2 0.46015625 0.3680615943661004 0.128125 0.06793290944452864
2 0.3515625 0.27963087432213385 0.1328125 0.08514768052176755
2 0.07734375 0.17263248234060669 0.1265625 0.1335488190854491
3 0.03828125 0.2587972413175971 0.0703125 0.05040906615858276
3 0.353125 0.38821553396305414 0.071875 0.03791815651766228
4 0.56953125 0.2296875 0.0984375 0.146875
4 0.32265625 0.3796875 0.1390625 0.078125
4 0.0515625 0.3015625 0.103125 0.234375
4 0.09609375 0.05234375 0.1796875 0.1046875
4 0.28359375 0.06640625 0.1234375 0.1328125
4 0.45390625 0.01484375 0.0765625 0.0296875
5 0.4609375 0.09609375 0.10625 0.1921875
5 0.56796875 0.24375 0.1015625 0.35
5 0.30859375 0.3171875 0.2703125 0.203125
5 0.09921875 0.26015625 0.1984375 0.3171875
5 0.284375 0.14921875 0.184375 0.2984375
5 0.10390625 0.1453125 0.2078125 0.290625
8 0.79296875 0.1390625 0.3484375 0.278125
5 0.825 0.08909625703208288 0.0234375 0.048573855386194256
8 0.4265625 0.771875 0.384375 0.45625
4 0.66328125 0.603125 0.0890625 0.36875
5 0.7421875 0.709375 0.246875 0.58125