2 0.41718101404515606 0.40541614862082653 0.12698065651766227 0.07261131908544911
2 0.3220997973208391 0.3114348653451433 0.1333306504675381 0.08983518052176756
2 0.07212200233769109 0.18241602761834236 0.1304692708808471 0.13512949980360833
3 0.459375 0.00859375 0.025 0.0171875
3 0.03046875 0.26015625 0.0609375 0.0546875
3 0.31332476102009393 0.4146144074996211 0.07211134933607007 0.04104315651766246
4 0.28046875 0.41484375 0.1484375 0.1078125
4 0.04609375 0.3203125 0.0921875 0.296875
4 0.103125 0.0625 0.184375 0.125
4 0.28203125 0.084375 0.1328125 0.16875
4 0.4471532977136226 0.051323546259694285 0.07697156615858276 0.07075792759490121
5 0.446875 0.121875 0.121875 0.24375
5 0.3234375 0.40703125 0.371875 0.1234375
5 0.26484375 0.35234375 0.2921875 0.2328125
5 0.0921875 0.27890625 0.184375 0.3796875
5 0.27734375 0.1640625 0.2078125 0.328125
5 0.11328125 0.1515625 0.2265625 0.303125
8 0.13671875 0.8109375 0.2734375 0.378125
8 0.2546875 0.76640625 0.509375 0.4671875
0 0.89921875 0.51171875 0.2015625 0.0859375
3 0.9047395804983264 0.6300565585563345 0.10684087334017534 0.1021806444174139
4 0.90546875 0.79609375 0.1890625 0.3953125
5 0.88828125 0.73203125 0.2234375 0.5265625