3 0.3546875 0.00625 0.075 0.0125
3 0.03937650875235969 0.05746124805058859 0.07398294000636332 0.04772952267663584
4 0.0703125 0.11484375 0.140625 0.2171875
4 0.4234375 0.11484375 0.325 0.2296875
5 0.09921875 0.1546875 0.1984375 0.309375
5 0.11875 0.1546875 0.2375 0.309375
5 0.36875 0.1546875 0.4625 0.309375
0 0.07578125 0.41015625 0.1515625 0.2015625
0 0.32890625 0.39453125 0.1984375 0.1703125
3 0.31168567138763387 0.5589895747533142 0.11906017735518085 0.16230110001590833
3 0.0453125 0.615625 0.090625 0.128125
4 0.06171875 0.8359375 0.1234375 0.328125
4 0.290625 0.79140625 0.3625 0.4171875
5 0.3234375 0.6546875 0.521875 0.690625
5 0.11328125 0.6546875 0.2265625 0.690625
5 0.0609375 0.6546875 0.121875 0.690625
4 0.63125 0.60625 0.0625 0.21875
3 0.6538902580362711 0.5246112906985895 0.0755090773392725 0.04462270401018138
3 0.9761636053469085 0.3611964174092692 0.028434082670272788 0.026889764003817974
2 0.96328125 0.32734375 0.0734375 0.0359375
0 0.65859375 0.45859375 0.1171875 0.0890625
5 0.78359375 0.69921875 0.3671875 0.6015625
5 0.93671875 0.5125 0.1265625 0.40625