2 0.55234375 0.43125 0.0734375 0.109375
2 0.3476759933607006 0.26762056795036593 0.1493283551898025 0.15485222668681722
3 0.43515625 0.01640625 0.0609375 0.0328125
3 0.29108108059652227 0.3432841866247747 0.0784886143631847 0.06340906667727211
3 0.55859375 0.53828125 0.0609375 0.0515625
4 0.5140625 0.5296875 0.15 0.11875
4 0.19451515280522927 0.39753642930459226 0.3457498789975159 0.34774989337999784
4 0.39914706888905727 0.1170114932765935 0.2121646984757483 0.21339198002863508
4 0.54375 0.17265625 0.090625 0.2296875
5 0.459375 0.46015625 0.259375 0.2578125
5 0.23515625 0.3609375 0.4703125 0.45625
5 0.5125 0.22734375 0.153125 0.4546875
5 0.3875 0.2046875 0.328125 0.409375
4 0.6078125 0.3828125 0.0375 0.178125
4 0.6453125 0.54375 0.1125 0.090625
3 0.6256924299325923 0.47653084926004885 0.023682939695149584 0.042460220003181705
2 0.6666759782353902 0.40339279392109456 0.09127950585373235 0.11355451734563574
2 0.59765625 0.2515625 0.0171875 0.065625
5 0.615625 0.40234375 0.053125 0.3734375
5 0.66328125 0.46171875 0.1484375 0.2546875
8 0.71953125 0.29453125 0.2609375 0.5890625
8 0.41875 0.79453125 0.340625 0.4109375
8 0.29453125 0.79453125 0.5890625 0.4109375
3 0.9466265777678519 0.6394121099220491 0.011001132513557365 0.011064769334818082
0 0.9511913579202771 0.6182638159214127 0.022020445745273776 0.025254538669636162
4 0.9310788458200285 0.6528751732575035 0.03933521077238851 0.04732953333863606
4 0.9921875 0.7015625 0.015625 0.06875
5 0.9859375 0.70078125 0.028125 0.1390625
5 0.9351350867448425 0.6786109699236398 0.08839994554888193 0.155705654678545