2 0.065625 0.40527681069763377 0.11875 0.060065867290050964
2 0.16640625 0.3203154825369984 0.1234375 0.07728063836728971
2 0.4203125 0.21336954918656054 0.115625 0.12254768657189175
3 0.0546875 0.015496693211191116 0.021875 0.015752265027114642
3 0.45859375 0.29283433538910997 0.065625 0.04725679508134384
3 0.16640625 0.42187798253699843 0.0671875 0.03476588544042354
4 0.19453125 0.4328125 0.1265625 0.1125
4 0.51953125 0.35625 0.2390625 0.265625
4 0.4 0.07421875 0.165625 0.1484375
4 0.2234375 0.090625 0.1125 0.18125
4 0.06484375 0.0584063558771736 0.0703125 0.06290906615858276
5 0.05859375 0.121875 0.0953125 0.24375
5 0.15546875 0.42890625 0.3109375 0.1203125
5 0.20859375 0.375 0.2453125 0.228125
5 0.478125 0.31875 0.321875 0.340625
5 0.22578125 0.16796875 0.1640625 0.3359375
5 0.40625 0.1609375 0.2125 0.321875
8 0.0546875 0.74453125 0.109375 0.5109375
8 0.5578125 0.74453125 0.1625 0.5109375