0 0.11243793012898404 0.09207282874981053 0.07377384328594587 0.05823974687674207
3 0.11971916500367356 0.1350006721339522 0.042369307181592396 0.031495439695149584
4 0.14279811670087578 0.20752511192729778 0.1336942648307229 0.15233518052176756
5 0.1734375 0.25703125 0.3 0.4453125
9 0.73984375 0.23984375 0.5203125 0.4796875
5 0.86484375 0.23984375 0.2703125 0.4796875
7 0.9140625 0.23984375 0.171875 0.4796875
6 0.09766235782208117 0.8029598108940256 0.023719301131468206 0.048573855386194256
6 0.24925667407885985 0.8075467960633025 0.04260565651766246 0.07212043969514959
6 0.46796875 0.8421875 0.0234375 0.09375
9 0.23984375 0.9046875 0.4796875 0.190625
4 0.3654078731437835 0.6287400191323312 0.009502265027114732 0.021929542154477667
5 0.36781980083688054 0.6404451335937118 0.022229524004105095 0.061064765027114734
1 0.746875 0.8390625 0.50625 0.321875
2 0.73984375 0.58046875 0.5203125 0.2015625
5 0.73984375 0.73984375 0.5203125 0.5203125
4 0.73984375 0.9265625 0.5203125 0.146875