0 0.35078125 0.01875 0.0734375 0.0375
3 0.3562711632551577 0.056161037184508 0.040797716822512695 0.029923849336070063
4 0.3503342597625574 0.13666160344128658 0.12743517447164338 0.1507363190854491
5 0.3328125 0.21953125 0.271875 0.4390625
8 0.74453125 0.228125 0.5109375 0.45625
8 0.24453125 0.7546875 0.4890625 0.490625
7 0.28424617233034394 0.9264376966290367 0.025336343285945872 0.05795794574527378
5 0.2953125 0.93046875 0.05625 0.1390625
8 0.80546875 0.7546875 0.3890625 0.490625
6 0.9515625 0.9296875 0.096875 0.140625
6 0.678125 0.940625 0.121875 0.11875
0 0.5452200337666625 0.6668728408500589 0.042451120413308986 0.04555793969514958
2 0.9091603347999347 0.5514780823640478 0.02981476502711473 0.0220477168225127
7 0.9173859252572102 0.61470933538911 0.06610678903121965 0.08319429508134384
7 0.5626115459651068 0.7659870517206434 0.08834540339440444 0.14582156010845856
3 0.5489444765850701 0.69810011495236 0.018895445745273777 0.02510908430895533
3 0.9082063679774219 0.5811701275435877 0.02043067466803521 0.020430674668035033
5 0.9174950095661657 0.59595933538911 0.09911018657189175 0.11619769262201593
5 0.55859375 0.8203125 0.1234375 0.359375