5 0.1984375 0.12578125 0.30625 0.2515625
5 0.32265625 0.21484375 0.3890625 0.4296875
0 0.8516659973677214 0.25053109006999674 0.10353406615858277 0.07151246801399935
0 0.6927404492613153 0.30571693471513417 0.12077610831306043 0.08108746268299924
4 0.68671875 0.425 0.1765625 0.0875
4 0.884375 0.39765625 0.15 0.1421875
3 0.8520790878249969 0.3138214307367695 0.04866475897699054 0.03962612133990877
3 0.7197342204367501 0.36619135805217945 0.05021816861791084 0.03808180267345431
5 0.85390625 0.3375 0.2890625 0.2625
5 0.70078125 0.36328125 0.2484375 0.2109375
5 0.0390625 0.528125 0.078125 0.11875
8 0.76484375 0.734375 0.4109375 0.53125
8 0.91484375 0.703125 0.1703125 0.46875