5 0.3171875 0.08515625 0.315625 0.1703125
5 0.453125 0.084375 0.24375 0.16875
5 0.4375 0.2703125 0.25625 0.21875
5 0.32578125 0.26640625 0.3234375 0.2265625
7 0.33125 0.2921875 0.253125 0.175
7 0.47890625 0.29375 0.1203125 0.171875
7 0.47109375 0.05234375 0.1109375 0.1046875
7 0.32578125 0.05703125 0.2359375 0.1140625
0 0.23962960568078184 0.12734375 0.12382838544042354 0.0671875
0 0.39747392193756054 0.121875 0.12232042759490121 0.0765625
0 0.39391258470173884 0.196875 0.12549996974937905 0.0859375
0 0.2438762232654204 0.203125 0.13018746974937906 0.0859375
7 0.88203125 0.075 0.1203125 0.15
5 0.88359375 0.18984375 0.1671875 0.3796875
5 0.49921875 0.68984375 0.2390625 0.6203125
3 0.7113353922761146 0.6765625 0.14655787919390767 0.2140625
0 0.7515625 0.45703125 0.265625 0.1546875
7 0.81484375 0.840625 0.3703125 0.31875
5 0.809375 0.68984375 0.38125 0.6203125