5 0.42421875 0.3109375 0.1703125 0.56875
5 0.1109375 0.28984375 0.221875 0.5296875
5 0.07578125 0.325 0.1515625 0.609375
4 0.45859375 0.29609375 0.1015625 0.4609375
7 0.0578125 0.2 0.115625 0.2625
7 0.134375 0.18716157319066565 0.1171875 0.23036927693097126
0 0.0546875 0.01484375 0.109375 0.0296875
0 0.05546875 0.06328125 0.1109375 0.0859375
0 0.8671875 0.16165251308220707 0.0671875 0.04882838544042354
3 0.86953125 0.20538887754358762 0.0375 0.02678066861791084
4 0.86171875 0.28043432933898577 0.1140625 0.13816359621281205
5 0.84453125 0.3438155732888616 0.2390625 0.43420332493918146
2 0.134375 0.93828125 0.26875 0.1234375
5 0.2546875 0.92890625 0.509375 0.1421875
7 0.71171875 0.81484375 0.4046875 0.3703125
5 0.71328125 0.81484375 0.4078125 0.3703125