5 0.08125 0.17734375 0.1625 0.3546875
5 0.028125 0.3984375 0.05625 0.121875
5 0.40234375 0.175 0.3296875 0.35
5 0.434375 0.2296875 0.26875 0.459375
4 0.040625 0.1375 0.08125 0.275
7 0.47265625 0.05703125 0.1921875 0.1140625
7 0.37109375 0.03046875 0.1515625 0.0609375
8 0.67421875 0.2296875 0.2109375 0.459375
8 0.79375 0.33828125 0.4125 0.2421875
8 0.18203125 0.58828125 0.3640625 0.2578125
0 0.8504237434588966 0.7291890928931624 0.03458407825883114 0.036137487899751616
0 0.7628510205862595 0.7161800327847038 0.03928975897699054 0.03928975897699054
0 0.6713584121750031 0.7008044967785462 0.03928066861791084 0.03772725897699036
0 0.8998197554609491 0.7599441892041703 0.03771816861791066 0.037718168617910844
0 0.7974669151018694 0.7577862706844554 0.039317030054229284 0.04397725897699054
0 0.9411623729473917 0.7492475837197803 0.03303975897699054 0.03925339754067192
0 0.7232754361791083 0.7620419786281735 0.04084316861791084 0.03773634933607006
0 0.9785896500747547 0.7369657523376911 0.033030668617910666 0.03769089754067192
0 0.9859375 0.778125 0.028125 0.04375
0 0.642693056690613 0.7420425751355733 0.047129530054229284 0.04402271077238851
3 0.6437288367448424 0.7857971203151131 0.02510908430895551 0.018895445745273777
3 0.6700049904338343 0.7367329064194665 0.023564765027114555 0.022011355386194253
3 0.724274854797019 0.7995465238077134 0.021974993949875808 0.01731476502711473
3 0.7599350988450907 0.7520993520665445 0.02668067466803503 0.020467036104353475
3 0.7938015596174793 0.7991697947867562 0.028252265027114733 0.022038626463433086
3 0.8459544120768072 0.7666618218159236 0.02355567466803521 0.020448855386194252
3 0.8945873547970191 0.8005373729473917 0.03137726502711473 0.022056807181592218
3 0.937460656026683 0.7843811078220811 0.02355567466803521 0.020448855386194252
3 0.9733027072563469 0.7681839360809124 0.02043067466803521 0.020430674668035033
3 0.9853259842855143 0.8205958637740096 0.026707945745273777 0.0251545361043533
7 0.9609375 0.890625 0.078125 0.15
7 0.9617657644379396 0.7993657583878153 0.026707945745273777 0.025154536104353475
7 0.9423390535673551 0.81722087889932 0.059674981849627426 0.0519079336450254
7 0.8918577854169826 0.8684879422292324 0.09610336123992695 0.13649201190385654
7 0.8377879089535494 0.8400493248409857 0.0804147287263695 0.1254636083130606
7 0.7500424692583996 0.797352764732527 0.032994307181592394 0.03144089754067192
7 0.6711271288993201 0.7953312015990063 0.0535704275949012 0.07687157220870686
7 0.6254833516737611 0.8724067860061577 0.10096357806243947 0.16620678298109545
7 0.7044123275714601 0.8767720991396782 0.0915249455488821 0.15521474082661788
5 0.65 0.83828125 0.13125 0.3234375
5 0.62890625 0.85859375 0.1203125 0.2828125
5 0.6984375 0.86953125 0.121875 0.2609375
5 0.7453125 0.846875 0.096875 0.30625
5 0.77109375 0.86484375 0.1328125 0.2703125
5 0.83359375 0.85234375 0.1203125 0.2953125
5 0.87890625 0.86484375 0.1453125 0.2703125
5 0.92578125 0.86171875 0.1109375 0.2765625
5 0.971722026538188 0.7650498457218328 0.050590873340175334 0.10185339149054781
5 0.94765625 0.875 0.1046875 0.25
5 0.98203125 0.8734375 0.0359375 0.253125