0 0.348448153001621 0.4012520078968359 0.10194429508134402 0.06621587334017516
0 0.1453125 0.428125 0.078125 0.04375
3 0.3572146198241337 0.43098950487177384 0.05490566861791084 0.03781816256778665
5 0.353125 0.38515625 0.271875 0.1296875
8 0.74453125 0.225 0.5109375 0.45
8 0.81484375 0.21328125 0.3703125 0.4265625
0 0.2396690924021831 0.9391549662333375 0.01885908430895533 0.01885908430895533
4 0.25625 0.971875 0.05 0.05625
4 0.24453125 0.96171875 0.0921875 0.0765625
2 0.63125 0.76640625 0.284375 0.2046875
3 0.70390625 0.9125 0.4296875 0.175
5 0.74453125 0.7859375 0.5109375 0.428125