0 0.0375 0.33984375 0.075 0.0640625
0 0.23150782272436105 0.3717407281371942 0.0773079346753633 0.0645079275949012
0 0.08666803739654254 0.41152032474278977 0.04429544000636332 0.047129530054229284
0 0.43434082670272556 0.21355656517662416 0.10737724267981755 0.097493144417414
3 0.44667774204327076 0.2667497428697213 0.061464758672817865 0.04566702400410509
3 0.24058337806331523 0.41319697511213216 0.03155908267027243 0.026744307181592396
3 0.06750041406745141 0.4426566952542945 0.028434082670272608 0.026726126463433177
3 0.021875 0.3703125 0.04375 0.034375
4 0.040625 0.47890625 0.078125 0.0609375
4 0.23671875 0.46171875 0.1203125 0.0953125
4 0.53125 0.35390625 0.15625 0.2828125
5 0.44921875 0.33359375 0.3203125 0.3515625
5 0.08046875 0.38828125 0.1609375 0.2421875
5 0.0515625 0.4421875 0.103125 0.134375
5 0.19921875 0.41796875 0.2484375 0.1828125
8 0.8703125 0.1515625 0.259375 0.303125
8 0.64609375 0.0578125 0.0734375 0.115625
8 0.08046875 0.62734375 0.1546875 0.2359375
8 0.4546875 0.7546875 0.309375 0.490625