3 0.01862798993477579 0.03203125 0.03155908267027243 0.0265625
4 0.04921875 0.1015625 0.0984375 0.140625
5 0.253125 0.12578125 0.39375 0.2515625
5 0.07109375 0.16953125 0.1421875 0.3390625
6 0.5403046372931383 0.16484375 0.023928396005726958 0.0421875
6 0.659317719287093 0.209375 0.03829997867599957 0.06875
6 0.93046875 0.31484375 0.0921875 0.0484375
6 0.8006796106381376 0.07890625 0.01918635200509078 0.0375
6 0.6443750666375013 0.08359375 0.011264764003817974 0.028125
6 0.5755887039704104 0.08671875 0.011173857336090798 0.0203125
6 0.538070522636865 0.08828125 0.006395450668363623 0.0125
6 0.488197244629229 0.14453125 0.01756930800445424 0.0328125
6 0.4735625799650016 0.1265625 0.009611357336090798 0.0203125
6 0.49011428063336515 0.1140625 0.009629538669636162 0.021875
6 0.4594182639640471 0.13359375 0.012790901336727067 0.025
2 0.3671875 0.559375 0.165625 0.190625
3 0.3359375 0.79453125 0.228125 0.2734375
4 0.225 0.91015625 0.45 0.1796875
5 0.225 0.71875 0.45 0.5625
8 0.725 0.55546875 0.55 0.4328125
8 0.6953125 0.7515625 0.490625 0.496875
7 0.4668183999045499 0.8546875 0.03324885200509069 0.0375
7 0.922735329288684 0.48046875 0.03323067067154532 0.0359375
2 0.45939679857577687 0.82109375 0.017387494668999894 0.0171875
2 0.9184114559595928 0.44921875 0.017387494668999894 0.0171875
5 0.9140143099538658 0.49140625 0.0668431493475449 0.1046875
5 0.46875 0.84296875 0.0375 0.0640625