3 0.065625 0.01953125 0.065625 0.0390625
4 0.1421875 0.16171875 0.271875 0.3234375
5 0.1984375 0.21953125 0.396875 0.4390625
8 0.74296875 0.15078125 0.3671875 0.3015625
5 0.75703125 0.06095373994285502 0.0296875 0.050172716822512696
8 0.1359375 0.715625 0.271875 0.515625
8 0.38046875 0.65078125 0.3578125 0.4234375
5 0.09765625 0.7215629452542945 0.0171875 0.02822499394987581
5 0.38828125 0.6654412520431034 0.0234375 0.037636355386194253
8 0.50859375 0.7 0.1015625 0.109375
0 0.60859375 0.78125 0.0984375 0.296875
3 0.57109375 0.83125 0.0234375 0.1625
5 0.73203125 0.71953125 0.3453125 0.5609375