0 0.4640625 0.13671875 0.13125 0.1609375
3 0.4390625 0.2171875 0.0640625 0.0515625
5 0.45703125 0.021875 0.1453125 0.04375
0 0.4859375 0.01953125 0.0875 0.0390625
4 0.3625 0.35234375 0.2703125 0.346875
5 0.31171875 0.3796875 0.4359375 0.71875
0 0.4671875 0.81171875 0.021875 0.028125
0 0.40390625 0.81171875 0.021875 0.0265625
3 0.4640625 0.83046875 0.009375 0.0109375
4 0.47265625 0.8484375 0.0375 0.046875
4 0.3875 0.8609375 0.0328125 0.065625
5 0.384375 0.85859375 0.0703125 0.134375
5 0.46171875 0.8671875 0.0796875 0.1484375