1 0.2734375 0.03828125 0.13125 0.0765625
4 0.34375 0.4015625 0.1125 0.615625
4 0.178125 0.340625 0.35625 0.6
5 0.28828125 0.3546875 0.2234375 0.709375
5 0.2 0.3546875 0.4 0.709375
6 0.9605810352205907 0.4112202001450781 0.05518746974937905 0.08625566256778665
6 0.7222856288011241 0.27588318472518003 0.04416815651766246 0.07212953005422928
6 0.5493384873105764 0.22688766940347777 0.04105224687674216 0.07367384933607006
6 0.4125 0.2046875 0.025 0.059375
9 0.64765625 0.4671875 0.4953125 0.484375
0 0.0578125 0.8703125 0.115625 0.153125
3 0.026259535613374175 0.9701710785534189 0.03619203005422929 0.04395907825883114
5 0.11328125 0.88984375 0.2265625 0.2203125
8 0.671875 0.8546875 0.54375 0.290625
8 0.8625 0.8546875 0.275 0.290625