4 0.2640625 0.0125 0.059375 0.025
5 0.22578125 0.11875 0.1515625 0.2375
1 0.8458322131100797 0.23186956431187103 0.12262040944452864 0.1288340480082102
1 0.5125 0.04921875 0.15 0.0984375
3 0.765625 0.01953125 0.046875 0.0390625
3 0.6686657251121322 0.2633700700674077 0.07858860831306061 0.0801420179539809
2 0.6703125 0.06640625 0.1875 0.1328125
2 0.83515625 0.05703125 0.1328125 0.1140625
4 0.59453125 0.37421875 0.3171875 0.2296875
4 0.4828125 0.24453125 0.228125 0.4890625
4 0.8265625 0.38125 0.275 0.215625
5 0.79609375 0.0359375 0.1140625 0.071875
5 0.8265625 0.24453125 0.346875 0.4890625
5 0.64609375 0.24453125 0.4734375 0.4890625
5 0.49453125 0.24453125 0.2515625 0.4890625
9 0.246875 0.74453125 0.24375 0.5109375
7 0.2600850897699044 0.7126605011783503 0.023782933645025393 0.05951135538619425
0 0.26763396935659556 0.6673025493829523 0.015743174668035032 0.02040340359079611
5 0.2578549692583996 0.7322053867169698 0.03999880698520073 0.16116475897699045