0 0.134375 0.15721409894328664 0.05 0.04560339149054773
4 0.14765625 0.24557261699546337 0.0671875 0.10351588544042353
5 0.19140625 0.31067089704969264 0.1875 0.37921584308955403
7 0.8765625 0.3280543606507515 0.1796875 0.25573289129415605
0 0.82421875 0.053125 0.1015625 0.10625
1 0.82578125 0.13479017398066398 0.0578125 0.06283634328594587
5 0.88046875 0.284375 0.2390625 0.56875
9 0.42890625 0.321875 0.0984375 0.134375
9 0.4 0.325 0.040625 0.128125
8 0.33984375 0.72265625 0.0796875 0.1859375
8 0.78984375 0.9114072161351416 0.1234375 0.15384313836729008