0 0.1698640898681003 0.30485410900043153 0.08628293364502548 0.059874969749379045
0 0.44158000858420704 0.2759286365205781 0.10194429508134384 0.06621587334017516
0 0.04487772540671973 0.307925087726801 0.03764544574527386 0.02521816861791084
0 0.11598056576579933 0.30907397638867834 0.048592036104353475 0.026844301131468205
0 0.09401920735454299 0.294357491415793 0.03135908430895542 0.018931807181592396
1 0.043419764536135295 0.3259029280858806 0.01726931323171659 0.01416249394987581
3 0.11533567115199359 0.3325160215682182 0.014144313231716587 0.014144313231716587
3 0.19355157474278978 0.34768650361423725 0.04234203610435348 0.026807939695149673
3 0.4488657886384363 0.3196377299047198 0.04234203610435365 0.026807939695149764
7 0.4735981439264346 0.40777807933898574 0.1526624334486339 0.18994426483072288
7 0.17150892398066403 0.4532870638208918 0.18088742739850955 0.20729539129415606
7 0.05919475546094901 0.35159327449508443 0.05352497579950324 0.06905907220870695
4 0.0919436229473917 0.3404648769544124 0.02521816861791084 0.03764544574527386
4 0.11556747530852385 0.3723597715682182 0.0723295179539809 0.07854315651766246
5 0.05237258371978024 0.38757168111094276 0.10270788524403188 0.19746587334017515
5 0.10390326746300156 0.3818029492613153 0.07614538524403187 0.19731133723582167
5 0.11381407776785188 0.33955636192729777 0.06299087939029935 0.08473861436318479
5 0.17265625 0.44375 0.2515625 0.35
5 0.48515625 0.4265625 0.2078125 0.384375
7 0.0875 0.790625 0.175 0.34375
5 0.15703125 0.809375 0.3140625 0.38125
3 0.0375 0.63359375 0.06875 0.0296875
1 0.79453125 0.6890625 0.4109375 0.140625
4 0.79453125 0.821875 0.4109375 0.35625
5 0.79453125 0.809375 0.4109375 0.38125