0 0.134375 0.00625 0.090625 0.0125
3 0.13671875 0.027600220829533485 0.0390625 0.020539758976990452
7 0.15078125 0.1118934075978169 0.125 0.1647897287263694
5 0.16484375 0.18984375 0.1671875 0.3796875
8 0.7296875 0.19453125 0.540625 0.3890625
5 0.046875 0.44765625 0.09375 0.1171875
7 0.196875 0.9015625 0.153125 0.196875
0 0.08046875 0.8529643560735654 0.0671875 0.13007838544042372
3 0.11015625 0.9059166392510527 0.0203125 0.03293067466803521
5 0.17421875 0.8921875 0.2609375 0.215625
3 0.50625 0.43411942818407645 0.0171875 0.03916249394987581
0 0.5375 0.41796875 0.059375 0.0578125
4 0.50625 0.58125 0.09375 0.240625
5 0.5125 0.69453125 0.10625 0.6109375