0 0.4765625 0.22421875 0.025 0.0546875
0 0.23515625 0.24391921340466718 0.096875 0.059938602262936326
3 0.4796875 0.2703125 0.01875 0.025
3 0.2359375 0.28767375858420696 0.0421875 0.023682939695149674
7 0.2265625 0.3734375 0.140625 0.171875
7 0.46796875 0.365625 0.0421875 0.1875
5 0.215625 0.33671875 0.19375 0.2453125
7 0.6234375 0.18125 0.215625 0.3625
5 0.628125 0.2296875 0.278125 0.459375
3 0.61171875 0.02734375 0.0640625 0.0546875
8 0.24453125 0.7484375 0.4890625 0.503125
8 0.7296875 0.7296875 0.48125 0.540625
5 0.715625 0.49296875 0.078125 0.0671875