5 0.30859375 0.1765625 0.2203125 0.196875
3 0.31953125 0.2109375 0.1984375 0.0875
4 0.178125 0.42109375 0.35625 0.3765625
5 0.209375 0.3046875 0.41875 0.609375
8 0.58125 0.34765625 0.325 0.5234375
8 0.69453125 0.47734375 0.5515625 0.2640625
8 0.47265625 0.0140625 0.0484375 0.028125
5 0.21953125 0.77578125 0.3984375 0.3328125
5 0.6140625 0.878125 0.29375 0.24375
5 0.81171875 0.86171875 0.2640625 0.2765625
3 0.9475896349494443 0.9336968692349586 0.050263620413308986 0.045603391490547554
3 0.7996243127407372 0.8797128303019347 0.03788179508134402 0.06584316861791102
3 0.6435106681269315 0.9022412943939729 0.05655907220870695 0.05345225292686599
3 0.47533283986810027 0.865326580792914 0.05499657220870695 0.05344316256778647
2 0.4849800297596417 0.7778856681269315 0.06594316256778665 0.05506929508134402
2 0.6546476351458359 0.80230947208707 0.08322156615858275 0.07079428903121965
2 0.847448213502863 0.774525881433403 0.09426815046753809 0.0896079215447771
2 0.96328125 0.8453125 0.0734375 0.06875
4 0.8234375 0.95078125 0.178125 0.0984375
4 0.61328125 0.95625 0.1984375 0.0875
4 0.471875 0.94140625 0.10625 0.1171875