5 0.31875 0.35625 0.18125 0.2875
5 0.16875 0.34375 0.25625 0.3125
3 0.05 0.2721504567154523 0.034375 0.06289998933799978
3 0.19296875 0.3277202987348605 0.0515625 0.05059998400699968
3 0.35859375 0.32964752009067766 0.0515625 0.05059998400699968
2 0.36640625 0.24458217675840482 0.0625 0.052289753341817756
2 0.20234375 0.23095438673613317 0.078125 0.06497156667727229
2 0.034375 0.1625 0.06875 0.084375
4 0.178125 0.4203125 0.175 0.159375
4 0.34453125 0.425 0.1296875 0.15
8 0.71953125 0.1734375 0.3109375 0.346875
8 0.5828125 0.296875 0.346875 0.40625
7 0.37421875 0.8 0.0703125 0.315625
5 0.35234375 0.76171875 0.1140625 0.4765625
8 0.7046875 0.75 0.590625 0.5
8 0.63984375 0.75 0.4609375 0.5
5 0.4796875 0.84765625 0.140625 0.3046875