0 0.15 0.5171875 0.171875 0.165625
0 0.01953125 0.34609375 0.0390625 0.1703125
5 0.05546875 0.42890625 0.1109375 0.3421875
5 0.15703125 0.51484375 0.2640625 0.1703125
5 0.36953125 0.15078125 0.0640625 0.3015625
5 0.3125 0.12734375 0.046875 0.2546875
5 0.49765625 0.3 0.3390625 0.6
5 0.7875 0.3 0.334375 0.6
5 0.93203125 0.3 0.1359375 0.6
3 0.9375 0.10116962611390386 0.06875 0.09923747867599957
2 0.71484375 0.071875 0.1546875 0.14375
2 0.47734375 0.0625 0.1421875 0.125
2 0.37265625 0.00390625 0.0140625 0.0078125
4 0.30625 0.04453125 0.034375 0.0890625
4 0.375 0.09149934603754373 0.0359375 0.11448067067154524
4 0.51015625 0.49921875 0.2171875 0.2015625
4 0.77734375 0.51328125 0.2390625 0.1734375
4 0.946875 0.37109375 0.10625 0.4578125
1 0.715625 0.33530662675045075 0.1421875 0.2360295013526354
1 0.4578125 0.2909004567154523 0.1171875 0.19667610001590835
8 0.1296875 0.82265625 0.259375 0.3546875
9 0.13515625 0.8942549127545869 0.015625 0.05955681333545435
9 0.10625 0.9017310580839961 0.046875 0.0708579400063634
8 0.27578125 0.81171875 0.0265625 0.0484375
9 0.22109375 0.7765048860995863 0.009375 0.012609088001272717
9 0.2328125 0.7992974961011772 0.0140625 0.018913632001908896
9 0.21953125 0.806174204766041 0.0140625 0.020476132001908898
8 0.6015625 0.8 0.625 0.4
8 0.76328125 0.91875 0.4734375 0.1625