5 0.07890625 0.3734375 0.1578125 0.371875
5 0.15546875 0.35234375 0.2890625 0.4140625
5 0.2546875 0.30859375 0.090625 0.5015625
3 0.2703125 0.2299106020846325 0.040625 0.06609771467218159
3 0.1296875 0.29780553206554244 0.0578125 0.05692270934118149
2 0.11015625 0.1999220153962244 0.084375 0.0744192920114541
2 0.2671875 0.115625 0.065625 0.09375
4 0.16484375 0.43203125 0.2171875 0.2546875
4 0.03671875 0.44453125 0.0734375 0.2296875
4 0.3921875 0.36253745735199916 0.15625 0.22369313335454458
4 0.5453125 0.3252567280394527 0.1515625 0.21426358935390813
4 0.72265625 0.28825780939686074 0.13125 0.20152723201781733
4 0.871875 0.24546287675045075 0.1484375 0.2204772266868172
2 0.68515625 0.08782145739177002 0.084375 0.085356792011454
3 0.359375 0.18403064934754482 0.0515625 0.05059998400699968
3 0.70390625 0.17944588339431533 0.0578125 0.055360209341181486
3 0.89375 0.11993616542008692 0.0421875 0.05205339600572696
5 0.95078125 0.2359375 0.0984375 0.471875
5 0.884375 0.3015625 0.23125 0.515625
5 0.69453125 0.2921875 0.3796875 0.534375
5 0.53515625 0.36796875 0.3234375 0.3828125
5 0.4125 0.34609375 0.225 0.4265625
6 0.15 0.80859375 0.3 0.3828125
1 0.54609375 0.9171875 0.2859375 0.165625
1 0.7890625 0.909375 0.2625 0.18125