0 0.071875 0.12421875 0.14375 0.2484375
3 0.03359375 0.28125 0.0421875 0.0375
5 0.10703125 0.15 0.2140625 0.3
0 0.7752919960216353 0.15415429409938533 0.08713746801399927 0.10362496974937896
1 0.7567789007001803 0.24154066461089005 0.056959072008272216 0.06126475292686617
5 0.6625 0.18984375 0.384375 0.2203125
1 0.39140625 0.81875 0.1171875 0.3625
4 0.225 0.91015625 0.45 0.1796875
5 0.225 0.65 0.45 0.7
5 0.725 0.65 0.55 0.7
4 0.67109375 0.76328125 0.4421875 0.4734375
1 0.7197254380569519 0.4974538004440971 0.2327965080362711 0.2685237827847038