5 0.33203125 0.2296875 0.1953125 0.459375
5 0.14609375 0.2296875 0.2234375 0.459375
4 0.15390625 0.15859375 0.1640625 0.3171875
4 0.33125 0.11484375 0.13125 0.2296875
6 0.7893030219207764 0.17284468588452065 0.027053396005727138 0.04234203610435348
9 0.640625 0.2296875 0.303125 0.459375
7 0.903125 0.19375 0.19375 0.3875
5 0.89921875 0.2296875 0.2015625 0.459375
1 0.24453125 0.84765625 0.4890625 0.2296875
2 0.3109375 0.69921875 0.35625 0.0578125
5 0.24453125 0.8296875 0.4890625 0.340625
3 0.8348620646085481 0.7882429477883773 0.07894316000954511 0.07076701795398081
3 0.9578125 0.75 0.084375 0.1375
0 0.9390625 0.56875 0.121875 0.21875
0 0.825369980625411 0.66396056527482 0.13448518268618095 0.14452268052176756
4 0.83828125 0.89609375 0.2234375 0.2078125
5 0.79453125 0.7296875 0.4109375 0.540625
5 0.8515625 0.7953125 0.296875 0.409375