5 0.0875 0.2 0.175 0.4
5 0.26015625 0.2 0.1734375 0.4
5 0.37734375 0.2 0.1453125 0.4
4 0.378125 0.075 0.10625 0.15
4 0.26875 0.103125 0.125 0.20625
4 0.07109375 0.08203125 0.1421875 0.1640625
0 0.6484375 0.22421875 0.396875 0.1484375
5 0.725 0.27109375 0.55 0.2578125
2 0.25859375 0.45234375 0.3828125 0.1046875
3 0.2609375 0.6921875 0.378125 0.165625
4 0.225 0.890625 0.45 0.21875
5 0.225 0.7 0.45 0.6
4 0.4765625 0.6796875 0.053125 0.190625
4 0.6226037913689109 0.6796875 0.09949198165323558 0.18125
4 0.7748748184962739 0.6671875 0.11521697560311148 0.1984375
2 0.6261368157657994 0.48125 0.07229315651766247 0.071875
3 0.6266595114128773 0.57109375 0.048710210772388504 0.046875
3 0.8203004271039219 0.55234375 0.034638620413308986 0.0453125
5 0.9203125 0.6828125 0.159375 0.453125
5 0.788583315373016 0.740625 0.17639186670087562 0.5078125
5 0.590625 0.70859375 0.28125 0.5421875
5 0.48671875 0.77421875 0.0734375 0.4515625