0 0.63359375 0.13165139569396023 0.1875 0.10577834308955411
0 0.06640625 0.18125 0.1328125 0.109375
0 0.45859375 0.038138265910877434 0.1234375 0.0663431383672898
2 0.73046875 0.34609375 0.0578125 0.0640625
2 0.403125 0.26267972365820386 0.184375 0.05107266237139489
9 0.28359375 0.18984375 0.5671875 0.3796875
3 0.465625 0.10997235929501917 0.084375 0.036428379390299345
3 0.03828125 0.29140625 0.0765625 0.0734375
3 0.65390625 0.2276269710259252 0.121875 0.0647715480082102
3 0.4 0.36171875 0.121875 0.0359375
7 0.6421875 0.30234375 0.234375 0.1546875
4 0.475 0.17163656714054146 0.1875 0.1526533430895541
5 0.4515625 0.1272416725267357 0.25625 0.24836581888905734
5 0.3578125 0.30625 0.446875 0.146875
5 0.6140625 0.2265625 0.290625 0.30625
6 0.94765625 0.04375 0.0546875 0.0875
6 0.8078125 0.0171875 0.0375 0.034375
9 0.8796875 0.196875 0.240625 0.365625
1 0.3296875 0.6913859857584523 0.51875 0.28739299921443295
2 0.346875 0.4359375 0.534375 0.1125
4 0.3796875 0.92734375 0.759375 0.1453125
5 0.3796875 0.68984375 0.759375 0.6203125