0 0.10078125 0.015625 0.2015625 0.03125
2 0.03125 0.203125 0.0625 0.084375
2 0.3484375 0.06953125 0.1921875 0.0734375
9 0.3 0.26796875 0.3 0.5359375
3 0.09296875 0.06640625 0.128125 0.0796875
3 0.365625 0.18125 0.1296875 0.071875
3 0.03046875 0.31640625 0.0609375 0.0765625
4 0.11953125 0.45703125 0.2390625 0.3046875
4 0.3328125 0.34765625 0.234375 0.3359375
7 0.1265625 0.19765625 0.253125 0.2953125
4 0.265625 0.0375 0.20625 0.075
5 0.28359375 0.03984375 0.2890625 0.0796875
5 0.30859375 0.309375 0.2828125 0.6
5 0.16796875 0.3703125 0.3359375 0.478125
5 0.15703125 0.18671875 0.3140625 0.3734375
8 0.721875 0.325 0.54375 0.56875
0 0.57421875 0.57890625 0.034375 0.0328125
0 0.871875 0.53515625 0.0484375 0.0484375
0 0.9125 0.521875 0.034375 0.0390625
0 0.9484375 0.48515625 0.0484375 0.05
3 0.96640625 0.52109375 0.0140625 0.015625
3 0.9125 0.5546875 0.0203125 0.0203125
3 0.88515625 0.578125 0.021875 0.0234375
1 0.58046875 0.6046875 0.0234375 0.009375
7 0.85625 0.58828125 0.0875 0.0421875
7 0.91640625 0.58046875 0.0609375 0.0578125
7 0.96171875 0.56875 0.0765625 0.08125
5 0.95625 0.53203125 0.0875 0.1546875
5 0.92421875 0.553125 0.0953125 0.1125
5 0.87265625 0.56015625 0.1390625 0.0984375
1 0.284375 0.90390625 0.33125 0.1921875
2 0.29453125 0.80078125 0.3109375 0.1203125
5 0.225 0.85546875 0.45 0.2890625
8 0.725 0.8046875 0.55 0.390625