0 0.07734375 0.16640625 0.1546875 0.1296875
2 0.42729673556206055 0.2046875 0.18948974687674197 0.0734375
9 0.284375 0.33984375 0.56875 0.6796875
3 0.4711881570086417 0.04609375 0.08932612041330898 0.0453125
3 0.05546875 0.27734375 0.1109375 0.0890625
3 0.4375888200674076 0.315625 0.1285431565176623 0.071875
4 0.40234375 0.48671875 0.3328125 0.3328125
4 0.07890625 0.49140625 0.1578125 0.3765625
4 0.4765625 0.10546875 0.184375 0.1734375
5 0.44140625 0.10078125 0.2546875 0.2015625
5 0.11953125 0.390625 0.2390625 0.578125
5 0.36015625 0.41796875 0.4171875 0.5234375
5 0.85078125 0.2953125 0.2984375 0.590625
8 0.284375 0.83984375 0.56875 0.3203125
3 0.815625 0.73203125 0.36875 0.1046875
7 0.784375 0.83984375 0.43125 0.3203125
5 0.784375 0.83984375 0.43125 0.3203125