0 0.3609375 0.34453125 0.115625 0.0921875
3 0.3562257114597596 0.3723860008837628 0.0439227168225127 0.029942030054229286
4 0.3765625 0.42578125 0.084375 0.1265625
5 0.3546875 0.39140625 0.128125 0.1953125
8 0.6686115610904173 0.3270694765850701 0.2140362706844554 0.265298788834828
8 0.87265625 0.3328125 0.1921875 0.3125
9 0.5087093202637993 0.41862169321119114 0.10342498184962742 0.052162463699254855
2 0.4431843142136752 0.40181598829253506 0.009438632513557366 0.010992042154477666
5 0.44308886544333925 0.418222238292535 0.020567030054229284 0.04386817466803503
6 0.42265625 0.42109375 0.0078125 0.0359375
6 0.4961865943661004 0.422600666083828 0.01426248789975162 0.03445681323171641
8 0.27421875 0.70703125 0.2890625 0.4109375
8 0.17578125 0.81484375 0.3515625 0.3703125