0 0.034375 0.2484375 0.06875 0.09375
3 0.01953125 0.2734375 0.0390625 0.03125
5 0.04453125 0.2984375 0.0890625 0.203125
8 0.46796875 0.121875 0.1171875 0.1875
8 0.840625 0.21484375 0.31875 0.3671875
8 0.696875 0.2 0.575 0.4
3 0.4921875 0.09453125 0.0078125 0.0109375
2 0.48828125 0.0796875 0.0125 0.015625
4 0.490625 0.115625 0.0171875 0.0359375
5 0.49609375 0.11015625 0.034375 0.08125
0 0.0390625 0.559375 0.078125 0.05
0 0.290625 0.546875 0.090625 0.05625
0 0.00546875 0.559375 0.0109375 0.021875
3 0.0578125 0.59921875 0.0375 0.0234375
3 0.29375 0.58671875 0.0390625 0.021875
7 0.3125 0.66953125 0.13125 0.1671875
7 0.05546875 0.69453125 0.1109375 0.1828125
4 0.00859375 0.61796875 0.0171875 0.0703125
5 0.00625 0.5875 0.0125 0.075
5 0.06640625 0.765625 0.1328125 0.46875
5 0.32265625 0.72578125 0.1734375 0.4203125
0 0.94921875 0.52734375 0.0765625 0.0484375
0 0.82890625 0.56953125 0.0734375 0.096875
3 0.83046875 0.58515625 0.0390625 0.040625
3 0.95390625 0.6078125 0.046875 0.0578125
4 0.96875 0.76796875 0.0625 0.2921875
7 0.81171875 0.78125 0.159375 0.3109375
5 0.7875 0.75703125 0.275 0.4859375
5 0.94609375 0.7 0.1078125 0.6