7 0.1359375 0.096875 0.271875 0.125
3 0.16142456460854807 0.06374870540258773 0.1105931493475449 0.10596019334818116
5 0.25 0.0796875 0.5 0.159375
4 0.909375 0.1515625 0.009375 0.015625
5 0.90703125 0.14765625 0.0203125 0.0234375
1 0.178125 0.6359375 0.35625 0.35
2 0.2234375 0.3109375 0.446875 0.303125
4 0.2359375 0.8296875 0.471875 0.340625
5 0.25 0.5796875 0.5 0.840625
8 0.6265625 0.82265625 0.253125 0.3546875
9 0.88828125 0.64375 0.2234375 0.7125
7 0.9601166032781844 0.5462724934356771 0.028834072008272215 0.06126476400381797
0 0.9708001119510022 0.5010781721037225 0.017423857336090975 0.020512494668999893
5 0.9552018366088664 0.5657491994350408 0.05189085868872638 0.16308180267345432
8 0.58828125 0.240625 0.1546875 0.1625