0 0.159976005460949 0.1484375 0.0768352107723885 0.046875
0 0.2820873547970191 0.1890625 0.07243860226293623 0.096875
3 0.280620303567355 0.20546875 0.039298849336070064 0.040625
3 0.1565469993126289 0.23046875 0.04563975292686635 0.05625
4 0.10592989665690924 0.39296875 0.1392089875069681 0.29375
7 0.3044219388113868 0.40234375 0.1580498910977642 0.309375
5 0.328125 0.38203125 0.26875 0.4953125
5 0.10703125 0.31484375 0.2140625 0.6296875
8 0.81875 0.29296875 0.3625 0.5859375
8 0.7275321858845206 0.27421875 0.37275780659241714 0.4203125
7 0.16640625 0.6796875 0.2015625 0.1
5 0.20703125 0.81484375 0.4078125 0.3703125
8 0.8986385296614458 0.8296875 0.152371541958086 0.1390625
8 0.74453125 0.81484375 0.5109375 0.3703125
4 0.7099578247427898 0.8953125 0.02373748184962743 0.0515625
2 0.7151311380727022 0.84453125 0.012581813231716588 0.0140625
5 0.7083044211519935 0.8796875 0.03488406010845857 0.0875
8 0.5421875 0.85 0.10625 0.090625