5 0.209375 0.275 0.41875 0.55
5 0.06640625 0.275 0.1328125 0.55
8 0.8109375 0.40703125 0.378125 0.2859375
8 0.84453125 0.28671875 0.3109375 0.3609375
8 0.115625 0.67890625 0.23125 0.2578125
0 0.09375 0.55625 0.046875 0.0125
0 0.27578125 0.559375 0.0296875 0.01875
0 0.3385878605525557 0.59609375 0.03453862646343318 0.028125
3 0.1828125 0.553125 0.0125 0.00625
3 0.12670548408912258 0.56796875 0.01886817466803503 0.0203125
3 0.09710888767991879 0.58359375 0.020439765027114733 0.021875
7 0.0552440954272452 0.6390625 0.08212267447164337 0.15
7 0.11687648701598885 0.62421875 0.05850336729005079 0.11875
7 0.16528217075921017 0.61875 0.07731699980360815 0.1296875
7 0.24299408030193473 0.68203125 0.0379636083130606 0.0796875
7 0.28335091470908597 0.6359375 0.07432835518980241 0.153125
7 0.3320611254814745 0.6828125 0.053934041958086 0.1390625
5 0.3260292940993853 0.7203125 0.08135103571156996 0.2859375
5 0.28125 0.73125 0.134375 0.3625
5 0.24765625 0.71328125 0.1015625 0.3265625
5 0.159375 0.721875 0.125 0.34375
5 0.10546875 0.715625 0.0921875 0.33125
5 0.06015625 0.72578125 0.1203125 0.3515625
5 0.61015625 0.59375 0.3515625 0.0875