0 0.49747288017586627 0.2390625 0.08626475292686617 0.05625
0 0.3598683410464506 0.25703125 0.08500223477649378 0.1078125
3 0.3582058470965749 0.27421875 0.04558521077238851 0.046875
3 0.48368711524694746 0.32578125 0.05349770472226432 0.0640625
4 0.503125 0.45703125 0.175 0.2234375
7 0.2921875 0.43671875 0.196875 0.2640625
5 0.259375 0.371875 0.334375 0.39375
5 0.5234375 0.284375 0.30625 0.56875
6 0.8376933591968232 0.12578125 0.03321247579950324 0.06875
6 0.9417223290443981 0.1046875 0.02214771077238851 0.046875
6 0.963697322994274 0.0875 0.02054884933607006 0.040625
6 0.9918814103282914 0.07734375 0.015834078258831142 0.0359375
6 0.99765625 0.0609375 0.0046875 0.025
6 0.7328882054096354 0.01171875 0.011064765027114731 0.021875
6 0.8210785518188392 0.02734375 0.012636355386194254 0.0234375
6 0.8913183289462022 0.03984375 0.009484084308955332 0.01875
6 0.9002660820694602 0.11328125 0.02376475292686635 0.05625
6 0.9428308319712644 0.0484375 0.011073855386194254 0.0234375
6 0.9592779885871228 0.04140625 0.011064765027114731 0.021875
6 0.8585921873574586 0.025 0.011064765027114731 0.021875
6 0.7789728650505557 0.01328125 0.009493174668035032 0.0203125
6 0.72109375 0.00703125 0.0046875 0.0140625
6 0.8917632356602564 0.09765625 0.03488406010845857 0.0875
6 0.9081558501216369 0.1 0.030187469749379046 0.0859375
9 0.859375 0.33046875 0.28125 0.4765625
1 0.52890625 0.92734375 0.1015625 0.1453125
2 0.4875080485973854 0.7421875 0.19941016842151918 0.1671875
5 0.4875 0.825 0.4625 0.35
8 0.815625 0.74453125 0.19375 0.3265625
8 0.83828125 0.88984375 0.2390625 0.2203125
4 0.7660870456705191 0.7015625 0.017342036104353475 0.0265625
5 0.7661188619272978 0.69609375 0.023646578258831142 0.0359375