4 0.17265625 0.009375 0.1359375 0.01875
4 0.13203125 0.109375 0.2015625 0.21875
0 0.26328125 0.06171875 0.1109375 0.1234375
3 0.21953125 0.11807203138922469 0.028125 0.03470226400381797
5 0.1578125 0.0234375 0.203125 0.046875
5 0.1609375 0.33203125 0.321875 0.6640625
5 0.40625 0.39453125 0.246875 0.7890625
6 0.928125 0.26640625 0.14375 0.3046875
6 0.8359375 0.1746760200509067 0.1125 0.23880905601527208
6 0.65234375 0.0359375 0.0671875 0.071875
6 0.6859375 0.0609375 0.08125 0.121875
6 0.759375 0.10191013470717998 0.1 0.19647610534690846
7 0.19453125 0.89453125 0.3890625 0.2109375
5 0.26484375 0.89453125 0.5296875 0.2109375
8 0.69609375 0.89453125 0.3328125 0.2109375