2 0.25260074171038066 0.09341976453613529 0.010992042154477666 0.009438632513557366
2 0.20109278386485832 0.08374478268650795 0.012572722872636976 0.012572722872636888
2 0.19007801581268158 0.09696240017295069 0.009429542154477666 0.009429542154477843
4 0.25629336827200955 0.13016124043383437 0.02051248789975162 0.03449317466803503
4 0.20949109114464654 0.11738852966144586 0.01425339754067192 0.032894313231716585
4 0.18988711827200958 0.12977490017295068 0.022065897540671918 0.03293976502711473
5 0.19287576288581532 0.1532305808911099 0.03823631908544902 0.12678066861791065
5 0.20641608811958445 0.10877659894328655 0.025363614363184704 0.06264544574527378
5 0.2344865459651067 0.11831522540671972 0.031677246876741984 0.0736193071815924
4 0.23604904596510673 0.11832431576579934 0.02366475897699045 0.039198855386194255
4 0.2570064405789124 0.14188453561337422 0.03189541549465282 0.11111930718159221
7 0.39296875 0.2046875 0.3328125 0.409375
3 0.41015625 0.02734375 0.1015625 0.0546875
5 0.38125 0.2046875 0.35625 0.409375
6 0.9537183349963264 0.16530035147736938 0.034765885440423715 0.06738748789975162
6 0.7779461753554061 0.1627151860809124 0.030087475799503237 0.06892271682251269
6 0.6403461814055303 0.179102734481906 0.02532725292686635 0.056395445745273776
9 0.81640625 0.28984375 0.3671875 0.2390625
7 0.04284901268942356 0.5778169695529872 0.03961701190385671 0.09553975897699055
7 0.01875 0.6109375 0.0375 0.128125
7 0.08255186212368955 0.6022675237095175 0.05693177693097127 0.11751475292686617
7 0.12632913320092837 0.5978345537637468 0.03805451190385671 0.09553066861791085
7 0.15731096760807964 0.6441101109453392 0.06970448770335987 0.16446247579950324
7 0.19606491628021977 0.5630828247427898 0.04270565046753827 0.08930793969514958
7 0.23078028386485833 0.6390686078220812 0.06631586729005097 0.11913179508134383
7 0.2576154946372469 0.5923481439264346 0.02698974687674216 0.07359203610435365
7 0.30965017242853976 0.6457776709556018 0.09636698165323558 0.18180451190385655
7 0.3576700367917246 0.5835549269075303 0.036510192622015936 0.09864657825883114
7 0.3919086814055303 0.6071924148072818 0.07882495764913067 0.1207670179539809
7 0.4795041301758663 0.5912952249157404 0.05535109621281205 0.11438066256778665
7 0.52109375 0.6171875 0.0765625 0.134375
7 0.5515625 0.58515625 0.015625 0.1046875
0 0.5120126240275462 0.5094503272768727 0.040879530054229285 0.04398634933607006
0 0.48084443725926274 0.49520602009528025 0.03145907825883114 0.0361193071815924
0 0.38155750956616563 0.5063475322937244 0.03144089754067192 0.032994307181592394
0 0.3636296661820239 0.4992117431643089 0.025163626463433175 0.028270445745273952
0 0.31355694330938705 0.5114208516737611 0.04557612041330898 0.04557612041330898
0 0.24859047346181207 0.532137351771957 0.018895445745273777 0.02510908430895533
0 0.22753763007767036 0.5249833819243822 0.03459316861791084 0.03769998789975162
0 0.21592796438662581 0.5061652042312851 0.020403403590796197 0.015743174668035032
0 0.1902467083365016 0.48882771330647135 0.023582945745273955 0.025136355386194253
0 0.15888762402754622 0.507395906124879 0.042442030054229286 0.04399543969514959
0 0.13457342525721022 0.5236612555591449 0.01730567466803503 0.02041249394987581
0 0.07137853366846655 0.5084493460164203 0.03300339754067192 0.03300339754067192
0 0.012825690284324853 0.5010772075509348 0.01572499394987581 0.017278403590796288
0 0.01015625 0.50703125 0.0203125 0.0265625
3 0.01337059094825479 0.5417067527304745 0.01416249394987581 0.01726931323171659
3 0.0711921813073344 0.5404805960164204 0.015706813231716587 0.01415340359079611
3 0.13990581987101597 0.5471305718159235 0.011010222872636888 0.012563632513557365
3 0.16568252469147615 0.5480618127407373 0.01884999394987581 0.01729658430895533
3 0.1947614915139889 0.5185424843837102 0.014144313231716587 0.014144313231716587
3 0.24306263612779463 0.5422617855151783 0.006295451795397966 0.007848861436318444
3 0.23436434699837908 0.5601805385402404 0.012572722872636888 0.012572722872636888
3 0.31873934699837897 0.5606714179305398 0.017323855386194253 0.02353749394987581
3 0.3876211572050335 0.538415143730043 0.01727840359079611 0.01572499394987581
3 0.4876620638208918 0.5319656767111385 0.014135222872636887 0.012581813231716588
3 0.5187938891528567 0.5524599838927309 0.015734084308955332 0.018840903590796286
5 0.03938766940347773 0.635611288834828 0.07044080678880889 0.29102497579950326
5 0.03046875 0.6640625 0.0609375 0.346875
5 0.08774335617176118 0.6499555899662962 0.10656920432948089 0.3240465540583344
5 0.13010357299427389 0.6205135296614459 0.0512544695529872 0.21591589149054774
5 0.17104621468121342 0.7004419241770556 0.1103305294650541 0.4334397347764936
5 0.19964845853289334 0.6185743006404888 0.06103853571156996 0.2862829336450254
5 0.21666376259122772 0.5139822494108248 0.01894089754067192 0.03292158430895533
5 0.2574882296101322 0.6142231439264346 0.03862720452587265 0.19396816861791083
5 0.2346183561717612 0.6508100837197802 0.08605671642972919 0.28955337939029935
5 0.3357632205349459 0.5888964118804155 0.023910198672140125 0.08138635538619425
5 0.3179348502198328 0.6989526679305398 0.11966007766965596 0.42568177693097126
5 0.36448311817381374 0.6210958335233885 0.06096581283893308 0.2737829336450256
5 0.39864449473544267 0.6580145714231401 0.09727601756119739 0.3380545119038568
5 0.4809848169441497 0.60536681527482 0.06711581888905727 0.25663179508134404
5 0.5203125 0.68125 0.078125 0.403125
5 0.55 0.621875 0.01875 0.265625
8 0.7546875 0.7046875 0.390625 0.590625
8 0.9296875 0.70625 0.140625 0.5125