4 0.18046875 0.0359375 0.2015625 0.071875
5 0.03359375 0.2546875 0.0671875 0.509375
5 0.203125 0.2546875 0.346875 0.509375
5 0.4328125 0.2546875 0.134375 0.509375
5 0.846679384070633 0.11003158937712101 0.03848179201145392 0.08459316861791084
8 0.68359375 0.22734375 0.3671875 0.4546875
8 0.80703125 0.15234375 0.3015625 0.3046875
8 0.25 0.7546875 0.5 0.490625
2 0.09715155140036051 0.6624146833504378 0.02530908267027261 0.026707945745273777
3 0.09665211207031495 0.6866288881708981 0.017405676002545344 0.01884999394987581
4 0.09162880474217835 0.7248783219141194 0.03348520934118149 0.058003397540672096
5 0.10117652741086003 0.7397766140685971 0.080252216024817 0.1832670179539809
2 0.76484375 0.5484375 0.4703125 0.078125
1 0.7078125 0.80390625 0.415625 0.3921875
4 0.75 0.9 0.5 0.2
5 0.75 0.7546875 0.5 0.490625