0 0.34754820745273884 0.1578125 0.19331470452587265 0.19375
2 0.15120096916020379 0.3828125 0.010992042154477666 0.009375
2 0.10030608967170859 0.36328125 0.012572722872636888 0.0125
2 0.08552597218526588 0.37421875 0.010992042154477666 0.009375
4 0.14830322813719424 0.421875 0.023655668617910842 0.0375
4 0.10207312275099997 0.3984375 0.01582498789975162 0.034375
4 0.08025266490547764 0.4078125 0.02520907825883114 0.0359375
5 0.07804981547121174 0.43203125 0.046076090162687856 0.13125
5 0.10123733059652226 0.3890625 0.028506795081343926 0.065625
5 0.12710948418731843 0.4046875 0.03639201795398091 0.078125
4 0.12945777936685823 0.40546875 0.025236349336070062 0.040625
4 0.14680890583029135 0.43359375 0.03817268657189175 0.115625
7 0.25625 0.40703125 0.371875 0.2046875
3 0.32821292105379773 0.32578125 0.10840337334017516 0.1015625
5 0.2703125 0.275 0.41875 0.46875
3 0.9167390898681003 0.05703125 0.021974993949875808 0.0171875
2 0.9221123910977642 0.040625 0.03293067466803521 0.0203125
4 0.9122470325883121 0.090625 0.06280907220870695 0.053125
5 0.8961316740788599 0.140625 0.14356923458010193 0.2375
8 0.3671875 0.84140625 0.225 0.3171875
6 0.98515625 0.53359375 0.0296875 0.0484375
9 0.73984375 0.7546875 0.5203125 0.490625