7 0.37734375 0.18984375 0.1828125 0.3796875
5 0.2671875 0.18984375 0.403125 0.3796875
0 0.7540754634046671 0.06015625 0.0956761143631848 0.0625
0 0.5784714754067197 0.090625 0.11764201795398091 0.078125
0 0.9073777254067197 0.090625 0.11135565651766263 0.071875
4 0.928125 0.2484375 0.14375 0.175
4 0.7463543878763105 0.21015625 0.13835449375348424 0.146875
4 0.5707276739806639 0.23671875 0.17117608411256366 0.1484375
3 0.5905265686926656 0.1484375 0.05644998789975162 0.034375
3 0.7622288518701529 0.11875 0.045521578258831144 0.0359375
3 0.8913123638722054 0.14921875 0.0455033975406721 0.0328125
5 0.58125 0.2125 0.21875 0.334375
5 0.5484375 0.18984375 0.159375 0.3796875
5 0.77890625 0.2 0.2609375 0.359375
5 0.90859375 0.2140625 0.1828125 0.33125
8 0.2991026588553535 0.53125 0.20119083703943003 0.2046875
8 0.09296875 0.59765625 0.1859375 0.4359375
3 0.78671875 0.4390625 0.1484375 0.11875
4 0.7653821647090859 0.6453125 0.38831008371978015 0.4078125
5 0.7453125 0.68984375 0.509375 0.6203125