0 0.29684444394495707 0.25546875 0.0817954400063634 0.046875
0 0.16283252327341186 0.29140625 0.07303860534690845 0.1
3 0.16341377860441195 0.30859375 0.041097714672181596 0.040625
3 0.2950450392664122 0.34296875 0.04756589067472685 0.059375
4 0.3390625 0.4671875 0.134375 0.203125
7 0.125 0.4625 0.153125 0.2125
5 0.11171875 0.40234375 0.2234375 0.3328125
5 0.34453125 0.284375 0.1953125 0.56875
3 0.9015625 0.296875 0.196875 0.265625
7 0.76953125 0.471875 0.4609375 0.19375
5 0.76953125 0.284375 0.4609375 0.56875
1 0.7444392486473645 0.6671875 0.07231135200509069 0.0375
1 0.7247705439608654 0.81328125 0.07569089067472685 0.059375
1 0.74375 0.9796875 0.065625 0.040625
1 0.9349540659611837 0.8109375 0.06642497867599957 0.06875
2 0.9367898333068194 0.7203125 0.08190452800763595 0.05625
2 0.90625 0.95859375 0.0875 0.0828125
2 0.75703125 0.59765625 0.0921875 0.0578125
2 0.7402313646165023 0.89453125 0.0788704346753633 0.0640625
2 0.7407142646403648 0.71875 0.09462270401018139 0.075
4 0.56640625 0.75 0.0546875 0.275
4 0.8020875693030014 0.7484375 0.05487040802036276 0.15
4 0.59296875 0.5984375 0.0890625 0.059375
4 0.775 0.6125 0.14375 0.0875
4 0.93515625 0.63515625 0.1296875 0.1328125
4 0.8948552299490933 0.9 0.10145450668363551 0.125
5 0.596875 0.6421875 0.103125 0.146875
5 0.5890625 0.74921875 0.1 0.3609375
5 0.7140625 0.93046875 0.225 0.1390625
5 0.7140625 0.8359375 0.253125 0.328125
5 0.74765625 0.7296875 0.2109375 0.321875
5 0.75859375 0.65 0.2203125 0.1625
5 0.91484375 0.68125 0.1703125 0.225
5 0.915625 0.8484375 0.16875 0.303125