0 0.40703125 0.06015625 0.1640625 0.1203125
3 0.10919099729472906 0.075 0.028724984006999677 0.0515625
4 0.0890625 0.32578125 0.178125 0.4859375
4 0.3578125 0.403125 0.284375 0.33125
4 0.49296875 0.25078125 0.0140625 0.1078125
5 0.4546875 0.284375 0.090625 0.56875
0 0.32421875 0.284375 0.3515625 0.56875
0 0.13828125 0.284375 0.2765625 0.56875
9 0.25 0.284375 0.5 0.56875
3 0.6019228426161842 0.1828125 0.00948408800127254 0.009375
0 0.6037126092855022 0.16328125 0.020567038669636162 0.021875
4 0.5884870512810478 0.19609375 0.03330339600572696 0.0421875
4 0.6575455866088663 0.23671875 0.030414753341817757 0.0625
5 0.6645859272756389 0.2359375 0.060829506683635515 0.125
5 0.5921205812778662 0.21953125 0.07038632001909004 0.140625
1 0.2609375 0.9515625 0.44375 0.096875
2 0.25247627860441196 0.83515625 0.4829772266868172 0.1484375
5 0.25 0.85703125 0.5 0.2859375
4 0.72109375 0.6125 0.4421875 0.0875
5 0.75 0.6265625 0.5 0.115625
3 0.641808761895323 0.89765625 0.25685107869190793 0.1859375
2 0.6559547199236399 0.6890625 0.25299882535009016 0.1234375
5 0.73984375 0.79609375 0.4796875 0.4078125