4 0.24375 0.19453125 0.234375 0.3890625
4 0.41484375 0.12421875 0.0890625 0.2484375
5 0.3890625 0.19453125 0.140625 0.3890625
0 0.22890625 0.19453125 0.3546875 0.3890625
9 0.2296875 0.19453125 0.459375 0.3890625
8 0.61640625 0.19453125 0.3140625 0.3890625
8 0.2296875 0.68515625 0.459375 0.5921875
0 0.8032593847867217 0.9806012786044119 0.01111931333545435 0.015752269334818082
3 0.80234375 0.99609375 0.0078125 0.0078125
5 0.803125 0.98515625 0.03125 0.0296875
9 0.57109375 0.9796875 0.2234375 0.040625