0 0.389411437062871 0.14748144965409876 0.1558419756031114 0.1993374455488821
0 0.05546875 0.115625 0.1109375 0.15625
2 0.49921875 0.1234375 0.0203125 0.096875
3 0.08254783782499686 0.2547319100337038 0.02530907220870695 0.05327044574527395
0 0.36171875 0.18984375 0.2953125 0.2984375
0 0.12890625 0.18359375 0.2578125 0.3109375
9 0.2546875 0.16953125 0.509375 0.3390625
6 0.86171875 0.0078125 0.0234375 0.015625
6 0.684375 0.01171875 0.028125 0.0234375
9 0.659375 0.1828125 0.3 0.3125
6 0.3007443676828344 0.42621498283158604 0.02529089149054773 0.05014544574527395
6 0.04498927137182642 0.47692000654110356 0.03477497579950324 0.06894998789975162
9 0.2546875 0.66953125 0.509375 0.6609375
8 0.8707740247896719 0.7453457361512358 0.18078743344863363 0.19010789129415614
8 0.65625 0.8234375 0.29375 0.225
8 0.55 0.59140625 0.08125 0.2609375
7 0.5910228922761147 0.7579104104264873 0.014207945745273776 0.02508181323171659
5 0.5933711874556545 0.7571155248878678 0.017360216822512698 0.029787493949875808
0 0.5965552747896721 0.7469410941697087 0.006304542154477666 0.009411361436318443
9 0.56640625 0.9796875 0.0921875 0.040625
9 0.8140625 0.95703125 0.178125 0.0859375
8 0.928125 0.9515625 0.14375 0.096875
8 0.58359375 0.92265625 0.1484375 0.1328125
0 0.7030143530485032 0.7103854497522947 0.006295451795397966 0.007848861436318444
0 0.6928581030485033 0.7104445370863122 0.006286361436318444 0.006286361436318444
0 0.7108359434075828 0.7087774979568966 0.007857951795397966 0.007857951795397966
0 0.7279325398167866 0.7243025040070208 0.007857951795397966 0.007857951795397966
7 0.7278689073032293 0.7352400040070208 0.012572722872636888 0.012572722872636888
7 0.7115217446372469 0.7251792027773567 0.012627265027114731 0.02194772287263689
7 0.7037365157144857 0.7205371545727548 0.004742042154477844 0.009402271077238922
7 0.6928035608940255 0.7198195370863122 0.009438632513557366 0.010992042154477666
5 0.6936075367917246 0.7159087419067723 0.011046584308955332 0.018813632513557367
5 0.7029825367917246 0.7158541997522946 0.007930674668035032 0.020357951795397965
5 0.7123302657144857 0.7204871575978169 0.014253397540672097 0.032894313231716585
5 0.7278916332009284 0.7313337540070208 0.014207945745273953 0.02508181323171641