0 0.07109375 0.12890625 0.1421875 0.1984375
0 0.40078125 0.07421875 0.2078125 0.1484375
0 0.33046875 0.05078125 0.0546875 0.1015625
2 0.19504835870584394 0.09152636544333922 0.09901019262201594 0.09901019262201594
3 0.36502906059943785 0.14756676630366092 0.02992384933606971 0.040797716822512695
3 0.43882056372269584 0.22057247424737905 0.06942268657189174 0.11602497579950315
3 0.20373703659533282 0.2094405732888615 0.04408634328594587 0.058067030054229286
4 0.16015625 0.478125 0.3078125 0.303125
4 0.21795355181883913 0.3171667148776051 0.0396806444174139 0.10647725897699054
4 0.31601380191703504 0.3814377722555893 0.18676576443793955 0.412010162371395
4 0.3346052415139889 0.2743019831261736 0.07292039129415606 0.18010565651766247
4 0.41788082894620227 0.3285031489154141 0.16293737899751584 0.34468630698520075
4 0.4796875 0.45 0.11875 0.359375
0 0.30290631050124206 0.08308663066684559 0.05673178903121965 0.08313975292686626
3 0.3165461088040399 0.15566106743512903 0.03616475897699054 0.03927157825883123
0 0.2501534943426592 0.15370365769601277 0.02209316861791084 0.037627265027114644
5 0.23705807582294422 0.25612013056864974 0.11865104781181834 0.25224427693097135
5 0.3150881479334554 0.13770140779420864 0.08558401775758924 0.20830337939029936
5 0.40703125 0.31484375 0.2640625 0.6296875
5 0.42578125 0.31484375 0.2265625 0.6296875
5 0.30546875 0.328125 0.3109375 0.603125
0 0.1796875 0.31953125 0.359375 0.6203125
9 0.23828125 0.31484375 0.4765625 0.6296875
7 0.8371888442679045 0.4094729104264873 0.11992265632127079 0.20225336729005097
7 0.6548803383159761 0.45818818725926275 0.14349651170746505 0.22582722267624522
3 0.8182757386853184 0.3033365399149826 0.03927157825883114 0.03616475897699054
3 0.6407683622218854 0.3324932956705192 0.045530668617910844 0.03776362041330898
0 0.6270149344305924 0.2794501089022357 0.0722204336450254 0.05979315651766246
0 0.8091870849963264 0.25417233206946027 0.05654998184962743 0.05188975292686635
5 0.8546875 0.425 0.190625 0.409375
5 0.6703125 0.43359375 0.24375 0.3921875
8 0.440625 0.75859375 0.196875 0.2578125
8 0.246875 0.74609375 0.35625 0.2328125
8 0.63671875 0.84296875 0.1953125 0.3140625