3 0.4828125 0.04453125 0.06875 0.0890625
4 0.11875 0.3328125 0.2375 0.571875
4 0.23125 0.06244285344128668 0.0375 0.11271816861791084
4 0.3125 0.18671875 0.18125 0.3734375
4 0.3609375 0.0734375 0.06875 0.146875
4 0.43046875 0.15625 0.1578125 0.3125
4 0.4578125 0.3546875 0.1625 0.528125
5 0.2671875 0.06953125 0.115625 0.1390625
5 0.4078125 0.309375 0.2625 0.61875
5 0.43671875 0.309375 0.2046875 0.61875
5 0.28125 0.309375 0.290625 0.61875
0 0.16328125 0.309375 0.3265625 0.61875
9 0.23046875 0.309375 0.4609375 0.61875
5 0.96328125 0.2399997059988106 0.046875 0.0768352107723885
3 0.95625 0.22597811261466885 0.015625 0.0188409035907962
2 0.96015625 0.2095491367169698 0.021875 0.01731476502711473
4 0.9578125 0.25643777225558917 0.03125 0.0361193071815924
4 0.5484375 0.25625 0.01875 0.065625
5 0.55234375 0.3078125 0.0265625 0.184375
0 0.45390625 0.7294616609174666 0.1015625 0.07559087334017515
0 0.1125 0.9369166543763632 0.08125 0.05672269867214012
3 0.43046875 0.766316766303661 0.03125 0.042369307181592396
4 0.4640625 0.88359375 0.15 0.2328125
5 0.4234375 0.8421875 0.23125 0.315625
5 0.11328125 0.94453125 0.2265625 0.1109375
8 0.8109375 0.809375 0.378125 0.38125
5 0.90859375 0.8251014138443329 0.0796875 0.1348386083130606
7 0.88984375 0.8142729981532882 0.03125 0.057994307181592306
3 0.890625 0.7759872029737485 0.0109375 0.011001132513557365
2 0.89140625 0.7619201577942086 0.0109375 0.007876132513557366