0 0.13046875 0.015625 0.0765625 0.03125
0 0.45546875 0.0265625 0.1390625 0.053125
0 0.2671875 0.02265625 0.08125 0.0453125
2 0.02578125 0.02109375 0.0515625 0.0421875
2 0.37421875 0.01171875 0.0609375 0.0234375
3 0.01484375 0.10390625 0.0296875 0.0640625
3 0.1400330848981306 0.0650762759389119 0.040852258976990366 0.039535214672181594
3 0.2813166150505557 0.08452461525304918 0.042451120413308986 0.04580339600572696
3 0.403941048793777 0.0885661305697317 0.04563975292686635 0.05677725867281787
3 0.4712012716664141 0.07528433322727764 0.056595433645025395 0.060029528007636036
4 0.52734375 0.25625 0.1453125 0.4875
4 0.43956441052468315 0.2764201192314138 0.06449987899751583 0.3444772533418178
4 0.3023962086310892 0.22098882658341293 0.12025899960721667 0.2607567813494539
4 0.14314392847866406 0.2017495726050483 0.1295430960164204 0.24524086935072642
4 0.01953125 0.2796875 0.0390625 0.321875
5 0.06875 0.25 0.1375 0.5
5 0.14765625 0.25 0.2203125 0.5
5 0.3171875 0.25 0.203125 0.5
5 0.42734375 0.25 0.1734375 0.5
5 0.49453125 0.25 0.2109375 0.5
8 0.96328125 0.42109375 0.0734375 0.1234375
8 0.7859375 0.471875 0.09375 0.05625
8 0.66953125 0.4609375 0.0515625 0.078125
9 0.6845319977605049 0.413877949952275 0.025172716822512698 0.029978401336727245
9 0.6228132477605048 0.41459611262732 0.0298602168225127 0.030032945337363514
6 0.903125 0.8796875 0.19375 0.240625
2 0.7459194705349459 0.9011046826066391 0.13982609016268793 0.13286813868554467
5 0.8 0.87890625 0.4 0.2421875