3 0.04609375 0.0140625 0.0390625 0.028125
3 0.18520013915285674 0.03527859325273095 0.040879530054229285 0.0442227146721816
3 0.3070251421779188 0.04245419923618625 0.04405907220870695 0.0536340773392725
3 0.37349047951193626 0.03152524256050491 0.05346134328594587 0.05843066534054504
4 0.39453125 0.234375 0.0703125 0.46875
4 0.3356127087292851 0.23117125389882281 0.05354419827935679 0.3412249840069997
4 0.20159677791292996 0.17101609858373107 0.11085672852997774 0.25596019334818115
4 0.05234375 0.146875 0.1046875 0.240625
5 0.071875 0.234375 0.14375 0.46875
5 0.2140625 0.234375 0.175 0.46875
5 0.32265625 0.234375 0.1453125 0.46875
5 0.3640625 0.234375 0.13125 0.46875
5 0.77421875 0.234375 0.4515625 0.46875
4 0.8375 0.325 0.325 0.2875
1 0.92890625 0.15546875 0.1421875 0.2828125
9 0.4125 0.4765625 0.034375 0.015625
9 0.3953125 0.47890625 0.0625 0.0203125
9 0.3046875 0.48828125 0.05 0.0390625
9 0.16458817818407648 0.5093240732415951 0.050272710772388506 0.04745680267345413
9 0.048077389054660816 0.5286473325907307 0.05183521077238851 0.047474984006999676
5 0.6453125 0.96171875 0.215625 0.0765625