0 0.30859375 0.02734375 0.0953125 0.0546875
0 0.02578125 0.09296875 0.0515625 0.1859375
0 0.17333191910889015 0.05948252166641401 0.09905564441741399 0.10682269262201594
2 0.43984375 0.01484375 0.0921875 0.0296875
2 0.05682567515901438 0.07734725341784557 0.07395565046753827 0.08948974687674208
3 0.4692529522863774 0.08744739862082644 0.05041815651766246 0.07216589149054772
3 0.32394499746591715 0.08751155201523093 0.048701120413308985 0.04559430113146812
3 0.1837330879231927 0.15160638915285674 0.05188066256778665 0.05498748184962743
3 0.05614844340758283 0.19375350341784553 0.05506929508134393 0.06594316256778665
3 0.00859375 0.2015625 0.0171875 0.071875
4 0.05078125 0.42890625 0.1015625 0.5609375
4 0.07368942564999367 0.4014569191088902 0.120913505460949 0.372565867290051
4 0.20005245863108917 0.30072514520298094 0.1657533067888089 0.2915794877033598
4 0.35904618443059244 0.23105247375639976 0.1734839935570925 0.2775624394987579
4 0.53203125 0.25859375 0.1359375 0.3578125
5 0.5546875 0.3453125 0.090625 0.690625
5 0.47265625 0.3546875 0.2546875 0.709375
5 0.378125 0.3546875 0.340625 0.709375
5 0.21015625 0.3546875 0.3234375 0.709375
5 0.11953125 0.36875 0.2390625 0.68125
5 0.090625 0.3546875 0.18125 0.709375
4 0.8 0.5890625 0.4 0.240625
1 0.8 0.3546875 0.4 0.45
2 0.8 0.075 0.4 0.15
5 0.8 0.3546875 0.4 0.709375
8 0.359375 0.8546875 0.48125 0.290625
5 0.5331472806434044 0.7496206665748073 0.03626475292686635 0.05645907825883114