8 0.1546875 0.175 0.309375 0.35
7 0.034375 0.17578125 0.06875 0.3484375
5 0.12109375 0.175 0.2421875 0.35
5 0.6109375 0.175 0.603125 0.35
1 0.6014592186107753 0.20744732299427399 0.22489310136854393 0.2606658309893056
1 0.1546875 0.54140625 0.309375 0.3515625
4 0.1546875 0.8125 0.309375 0.375
5 0.1546875 0.675 0.309375 0.65
9 0.4017341279837735 0.4640256176828344 0.05370680267345418 0.05030907220870695
9 0.42763355665181885 0.45371937675802076 0.06488066000954507 0.07068520472226432
9 0.4565398066518188 0.4535512051150478 0.06489884134309047 0.07224770472226431
9 0.49001537798377354 0.46351201239483597 0.033357940006363405 0.04706589754067192
9 0.5049318533179552 0.4571756539835796 0.0632817973424542 0.0675511143631848
9 0.6435029099697741 0.5657370668459538 0.0442227146721816 0.040879530054229285
9 0.757628497294729 0.6267876754536019 0.06462612133990894 0.048810204722264314
9 0.7602904206317743 0.5994302899149825 0.04258748933799979 0.03462043969514976
9 0.7358716759627745 0.6167586904807166 0.05054544000636341 0.04716589149054773
9 0.841612598623502 0.6598905460633027 0.05684998400699968 0.05188975292686617
9 0.975 0.70859375 0.05 0.0546875
8 0.48339101861872946 0.697128488292535 0.11257382001909004 0.14127041549465283
8 0.83671875 0.91171875 0.3265625 0.1765625
8 0.5756170706556368 0.42473533782499684 0.026962489337999784 0.03452953610435348
9 0.6228733313176371 0.4588330818730685 0.02685340133672707 0.025154536104353475
9 0.6415869686505462 0.4618489975641131 0.023728401336727066 0.025136355386194253
9 0.6814307186505462 0.4616171934075828 0.011192038669636162 0.021938632513557366
9 0.6665687873170008 0.46326605181883923 0.02999658267027261 0.026735216822512696