4 0.03671875 0.14609375 0.0734375 0.2921875
4 0.175 0.10078125 0.140625 0.2015625
4 0.3421875 0.0921875 0.15 0.184375
4 0.5109375 0.1578125 0.153125 0.315625
5 0.45859375 0.25 0.2828125 0.5
5 0.3296875 0.25 0.275 0.5
5 0.15390625 0.25 0.2546875 0.5
5 0.0765625 0.25 0.153125 0.5
8 0.75703125 0.29453125 0.1984375 0.265625
8 0.725 0.45 0.171875 0.1
6 0.35234375 0.9859375 0.1296875 0.028125
5 0.37421875 0.5859375 0.3390625 0.171875
8 0.79609375 0.73046875 0.3921875 0.4609375
5 0.81328125 0.7 0.03125 0.053125