8 0.2 0.21484375 0.4 0.4296875
7 0.34765625 0.10546875 0.1046875 0.2109375
5 0.265625 0.21484375 0.26875 0.4296875
1 0.7046875 0.2890625 0.590625 0.28125
2 0.7203125 0.084375 0.559375 0.16875
4 0.7 0.38359375 0.6 0.0921875
5 0.7 0.21484375 0.6 0.4296875
6 0.1015625 0.65078125 0.203125 0.4421875
3 0.31534632415361463 0.7853487101832133 0.0738829275949012 0.0769897468767419
2 0.3027412641433519 0.6329367824901162 0.09736587939029935 0.08493860226293623
4 0.3140625 0.91796875 0.171875 0.1640625
5 0.20234375 0.7890625 0.3953125 0.421875
5 0.5996066529034251 0.8307344539366974 0.09811128883482798 0.2130636022629364
5 0.4512327854169825 0.8408083698241338 0.09504992134838534 0.223982921544777
4 0.6063651921310366 0.7839003605525556 0.03153180113146821 0.04861930718159231
4 0.43379530054229304 0.797739625874258 0.0363011143631848 0.06270907825883114
0 0.5982936168972675 0.7393236587571577 0.022029536104353653 0.026689765027114554
3 0.5968402012062229 0.758064568398078 0.006295451795397966 0.007848861436318444
3 0.43751519818116086 0.765731101771957 0.004732951795397966 0.007839771077238922
0 0.4295890686926656 0.7461543999765589 0.022011355386194253 0.023564765027114732