3 0.57734375 0.0171875 0.0453125 0.034375
3 0.09453125 0.03203125 0.1890625 0.0640625
4 0.06875 0.17578125 0.1375 0.3484375
4 0.3 0.17734375 0.290625 0.3453125
4 0.51796875 0.184375 0.1640625 0.33125
5 0.48515625 0.175 0.2296875 0.35
5 0.34296875 0.175 0.3859375 0.35
5 0.15546875 0.175 0.3109375 0.35
3 0.7956659822424108 0.16205817457036806 0.02210225897699054 0.03931703866963625
0 0.7693307412194013 0.12330475724064063 0.07092155405833438 0.10550566000954502
4 0.778125 0.265625 0.134375 0.16875
5 0.79140625 0.209375 0.3046875 0.28125
5 0.3328125 0.675 0.534375 0.65
4 0.37109375 0.8546875 0.4296875 0.290625
2 0.48828125 0.41484375 0.2234375 0.1296875
1 0.47282285900043153 0.6063541619191855 0.22795332493918147 0.2416987933640895
8 0.84453125 0.715625 0.3109375 0.56875