0 0.0625 0.08984375 0.125 0.1796875
0 0.1757876039545021 0.17421875 0.183540848026726 0.196875
0 0.47421875 0.2359375 0.1515625 0.0875
5 0.37890625 0.22890625 0.3421875 0.1015625
5 0.18359375 0.1765625 0.3671875 0.20625
5 0.06015625 0.13984375 0.1203125 0.2796875
8 0.775 0.13984375 0.45 0.2796875
8 0.9125 0.01015625 0.04375 0.0203125
9 0.8609375 0.01328125 0.04375 0.0265625
4 0.4 0.3234375 0.240625 0.0875
4 0.30454676125877617 0.57265625 0.22725448535963516 0.19375
0 0.3450001332750027 0.453125 0.1241829346753633 0.0640625
3 0.5298665766231838 0.34375 0.039462489337999784 0.034375
5 0.396875 0.39140625 0.30625 0.2234375
5 0.3149837272438223 0.6828125 0.3438271040738147 0.54375
8 0.596875 0.63984375 0.09375 0.7203125
9 0.9859375 0.48828125 0.028125 0.0515625
9 0.9082819306174568 0.4890625 0.059993165340544864 0.053125
9 0.7512870432845478 0.4859375 0.06001134667409058 0.0546875
9 0.623189315284866 0.48359375 0.06159202800763595 0.05625