0 0.23203125 0.03125 0.3484375 0.0625
0 0.390625 0.08125 0.078125 0.1625
3 0.4015625 0.23203125 0.05625 0.1015625
3 0.15742459709657486 0.25231297550491566 0.20577834308955412 0.18869083703942985
5 0.31484375 0.1796875 0.2296875 0.359375
5 0.20234375 0.1796875 0.4046875 0.359375
1 0.66796875 0.20234375 0.4765625 0.3140625
2 0.71484375 0.06328125 0.5703125 0.1265625
4 0.71484375 0.3171875 0.5703125 0.084375
5 0.71484375 0.1796875 0.5703125 0.359375
8 0.25625 0.55390625 0.346875 0.3890625
8 0.1765625 0.6453125 0.353125 0.571875
8 0.69453125 0.5546875 0.5296875 0.390625
5 0.5589058047457055 0.44064474336070064 0.03470225292686635 0.05644998789975162