3 0.17935552406904226 0.05703125 0.08677384134309048 0.071875
3 0.43984375 0.03984375 0.0953125 0.0796875
3 0.63828125 0.10390625 0.0609375 0.1546875
4 0.44921875 0.2640625 0.2390625 0.290625
4 0.2046875 0.253125 0.1875 0.3125
5 0.19140625 0.2046875 0.3109375 0.409375
5 0.42734375 0.2046875 0.2921875 0.409375
5 0.6015625 0.2046875 0.134375 0.409375
5 0.84609375 0.07109375 0.2703125 0.1421875
4 0.61015625 0.4828125 0.1171875 0.146875
4 0.0953125 0.54375 0.190625 0.26875
0 0.5140625 0.42734375 0.09375 0.0359375
3 0.5473942626909535 0.45078125 0.02538180800445424 0.0328125
5 0.56640625 0.7046875 0.2046875 0.590625
5 0.190625 0.7046875 0.38125 0.590625
5 0.03984375 0.7046875 0.0796875 0.590625
6 0.75234375 0.93515625 0.1671875 0.1296875
2 0.7646395907463145 0.86171875 0.09471361067790873 0.0828125
5 0.7921875 0.909375 0.246875 0.18125