5 0.27421875 0.45390625 0.2703125 0.3296875
8 0.89765625 0.52421875 0.2046875 0.1890625
8 0.89921875 0.44921875 0.2015625 0.2484375
9 0.9502410692632305 0.29453125 0.06488066000954511 0.0703125
9 0.7063103506126843 0.17578125 0.031613626670908876 0.03125
8 0.6265625 0.23515625 0.434375 0.4703125
8 0.16796875 0.809375 0.3359375 0.38125
8 0.30703125 0.75703125 0.2046875 0.2765625
7 0.3082979225811858 0.725 0.02699885200509051 0.0375
5 0.3067354225811858 0.725 0.03177725867281787 0.0453125
0 0.4622699966184113 0.91796875 0.01111931333545435 0.015625
0 0.44523703795354763 0.9046875 0.025345445337363513 0.0296875
0 0.4511688646165023 0.93203125 0.044204533338636054 0.0390625
0 0.5372972686187294 0.915625 0.023728401336727066 0.025
0 0.5880148839513204 0.92109375 0.04578521467218159 0.040625
0 0.6340359086171385 0.92734375 0.015843176002545433 0.01875
0 0.6465449992839114 0.9265625 0.017405676002545434 0.01875
0 0.6771137466184113 0.91796875 0.03159544533736351 0.0296875
0 0.7180660106222293 0.88984375 0.023710220003181702 0.0234375
0 0.7558841839592747 0.8625 0.03955339600572714 0.0421875
0 0.7474353372851841 0.9171875 0.0664613413430903 0.071875
0 0.8104620486155479 0.9390625 0.020585220003181703 0.0234375
0 0.8317012492839113 0.9265625 0.011046588001272895 0.009375
7 0.8306472792807297 0.95 0.014389764003817973 0.028125
0 0.8465722712842295 0.92421875 0.025290901336727244 0.025
0 0.8866523786203203 0.90390625 0.030014764003817973 0.028125
0 0.9474626092855022 0.91484375 0.023728401336727246 0.025
0 0.98984375 0.92109375 0.0203125 0.0234375
7 0.98125 0.9765625 0.0375 0.046875
7 0.95078125 0.97265625 0.0359375 0.0546875
7 0.89453125 0.96875 0.0609375 0.0625
7 0.853125 0.9734375 0.05 0.053125
7 0.81796875 0.97890625 0.0390625 0.0421875
7 0.71328125 0.96171875 0.0359375 0.0765625
7 0.65 0.9765625 0.040625 0.046875
7 0.63515625 0.978125 0.0109375 0.04375
7 0.56484375 0.9890625 0.0171875 0.021875
7 0.5390625 0.971875 0.0625 0.05625
7 0.47890625 0.971875 0.0234375 0.05625
7 0.44765625 0.97421875 0.0578125 0.0515625
7 0.41875 0.97421875 0.01875 0.0515625
7 0.44921875 0.9828125 0.0796875 0.034375
7 0.5953125 0.97890625 0.090625 0.0421875
7 0.68515625 0.97421875 0.0703125 0.0515625
7 0.7796875 0.953125 0.053125 0.09375
3 0.4585631939449571 0.96796875 0.020530676002545257 0.01875
3 0.5385325046149114 0.94375 0.012663632001908986 0.0140625
3 0.5789302379455934 0.96328125 0.008030676002545433 0.01875
3 0.6345898919478206 0.946875 0.006359088001272539 0.009375
3 0.6470898919478205 0.946875 0.00948408800127254 0.009375
3 0.6767683012810478 0.94765625 0.01736931333545435 0.015625
0 0.6666847766152296 0.94140625 0.0064499946689998925 0.0171875
3 0.7169938592855022 0.91484375 0.012645450668363622 0.0125
3 0.7272950126114116 0.96953125 0.008139764003817973 0.028125
3 0.810225691279457 0.959375 0.00792158800127254 0.009375
3 0.8478256886139569 0.95078125 0.012645450668363622 0.0125
3 0.8878694332829568 0.93359375 0.01891363200190881 0.0140625
1 0.9511052299490933 0.9375 0.00804885733609062 0.0203125
3 0.9921875 0.94609375 0.015625 0.0140625
5 0.978125 0.95390625 0.04375 0.0921875
5 0.9609375 0.95 0.078125 0.1
5 0.89140625 0.94453125 0.0796875 0.1109375
5 0.8323006859484569 0.9421875 0.019240896005727138 0.0421875
5 0.85078125 0.95546875 0.0640625 0.0890625
5 0.81796875 0.96171875 0.0484375 0.0765625
5 0.77734375 0.9203125 0.0921875 0.159375
5 0.7140625 0.93828125 0.04375 0.1234375
5 0.68671875 0.94921875 0.0953125 0.1015625
5 0.65 0.9578125 0.05 0.084375
5 0.640625 0.9578125 0.034375 0.084375
5 0.5984375 0.9484375 0.109375 0.103125
5 0.53671875 0.95078125 0.0765625 0.0984375
5 0.478125 0.95390625 0.046875 0.0921875
5 0.45234375 0.9421875 0.0796875 0.115625