0 0.39453125 0.33125 0.0890625 0.065625
3 0.42109375 0.3828125 0.0359375 0.040625
4 0.2578125 0.42421875 0.25625 0.1515625
5 0.21953125 0.3984375 0.4390625 0.203125
0 0.83046875 0.18828125 0.2640625 0.3765625
3 0.840625 0.45 0.084375 0.1
5 0.84765625 0.25 0.3046875 0.5
1 0.32578125 0.59375 0.2265625 0.1875
4 0.23359375 0.82421875 0.4109375 0.3515625
5 0.21953125 0.75 0.4390625 0.5
4 0.856710104895215 0.6902870940715128 0.03459316861791066 0.03769998789975162
0 0.8785078368430381 0.6768785790443982 0.009538626463433175 0.028179542154477665
5 0.8632691771039219 0.7433757326351943 0.05406130698520073 0.16124657220870695