2 0.03125 0.009375 0.0625 0.01875
9 0.03203125 0.24453125 0.0640625 0.3234375
2 0.10703125 0.15 0.2140625 0.2375
2 0.26015625 0.2046875 0.1796875 0.409375
2 0.23828125 0.0125 0.0484375 0.025
3 0.22157553903121974 0.04609681989977734 0.026707945745273954 0.025309082670272563
3 0.035588042056281834 0.03966664859168527 0.026726126463433177 0.028434082670272566
3 0.12390669525429451 0.3136575845799131 0.11163745764913066 0.12160337468172652
3 0.28671875 0.5546875 0.1265625 0.1875
4 0.2252323250373774 0.13746670723268645 0.09616699375348414 0.14798406134627212
4 0.028125 0.13515625 0.05625 0.1546875
4 0.1359375 0.4734375 0.271875 0.353125
5 0.21875 0.325 0.2625 0.65
5 0.225 0.12578125 0.121875 0.2515625
5 0.05 0.2125 0.1 0.425
5 0.175 0.3390625 0.35 0.621875
5 0.7125 0.325 0.575 0.65
4 0.725 0.4640625 0.4375 0.371875
2 0.75859375 0.03984375 0.2328125 0.0796875
1 0.7395458516737611 0.26506718527213924 0.19337833703942983 0.20692380402608973
5 0.45390625 0.825 0.2078125 0.35