3 0.28828125 0.08984375 0.1828125 0.1796875
4 0.1375 0.20625 0.275 0.4125
4 0.3484375 0.33046875 0.0625 0.4453125
5 0.20234375 0.29453125 0.3546875 0.5890625
5 0.18984375 0.3046875 0.3796875 0.609375
8 0.56953125 0.03515625 0.1765625 0.0703125
8 0.78203125 0.0515625 0.2390625 0.103125
8 0.68984375 0.30078125 0.6203125 0.6015625
5 0.7953125 0.025 0.05625 0.05
4 0.78984375 0.0125 0.0234375 0.025
8 0.259375 0.94296875 0.240625 0.1140625
8 0.78359375 0.7671875 0.4296875 0.315625
2 0.796875 0.61328125 0.01875 0.0078125
3 0.8030197433959062 0.634375 0.009520450668363623 0.0125
4 0.8095606447326332 0.659375 0.04749316534054522 0.053125
5 0.7984375 0.67890625 0.103125 0.1390625