9 0.2484375 0.1983598485837311 0.1765625 0.32861699069063527
2 0.153125 0.09609375 0.225 0.1921875
2 0.55078125 0.14921875 0.1171875 0.1265625
3 0.0875 0.2244512759389119 0.1140625 0.12320223734881744
4 0.04453125 0.05 0.0890625 0.1
4 0.2484375 0.08195359858373108 0.09375 0.1589033800127267
4 0.10546875 0.32109375 0.2109375 0.2359375
4 0.43125 0.3609375 0.334375 0.15625
3 0.521875 0.28267811521327824 0.1046875 0.0793431493475449
5 0.4140625 0.24921875 0.390625 0.3796875
5 0.053125 0.07109375 0.10625 0.1421875
5 0.23359375 0.1875 0.1921875 0.375
5 0.13125 0.21953125 0.2625 0.4390625
4 0.70390625 0.378125 0.1890625 0.121875
4 0.80078125 0.40078125 0.1078125 0.0765625
4 0.98515625 0.3671875 0.0296875 0.06875
4 0.87265625 0.028125 0.2109375 0.05625
0 0.98203125 0.26875 0.0359375 0.059375
0 0.9171875 0.23061146395609294 0.125 0.11395450668363552
0 0.79765625 0.2601273359723194 0.0828125 0.06815111067790855
0 0.69765625 0.28472844131922787 0.096875 0.07300224267981754
0 0.66015625 0.103125 0.1015625 0.146875
5 0.8671875 0.04609375 0.265625 0.0921875
3 0.63203125 0.27578125 0.0453125 0.0765625
3 0.79453125 0.33672619863941033 0.05 0.04120680267345413
3 0.92109375 0.36025351062222927 0.0734375 0.05241702267663584
3 0.990625 0.328125 0.01875 0.025
5 0.97578125 0.32421875 0.0484375 0.1609375
5 0.90390625 0.3015625 0.1921875 0.275
5 0.81171875 0.33203125 0.1734375 0.2140625
5 0.865625 0.31011769796309263 0.0625 0.13353975334181775
5 0.703125 0.2924773066518188 0.1125 0.11224655601527189
5 0.771875 0.234375 0.325 0.409375
1 0.59609375 0.4984375 0.0265625 0.040625
4 0.5171875 0.5355491238860962 0.1296875 0.1327590506842718
5 0.50390625 0.6015625 0.2109375 0.325
5 0.29453125 0.590625 0.5109375 0.303125
8 0.8046875 0.834375 0.390625 0.33125
8 0.91796875 0.62734375 0.1640625 0.3765625