9 0.1265625 0.1515625 0.16875 0.303125
2 0.253125 0.0828125 0.21875 0.165625
2 0.4140625 0.153125 0.190625 0.30625
3 0.27109375 0.21052349391314035 0.1109375 0.12160337468172662
4 0.37265625 0.05390625 0.0953125 0.1078125
4 0.159375 0.0546875 0.090625 0.109375
4 0.2484375 0.26640625 0.334375 0.1453125
5 0.37265625 0.16953125 0.2734375 0.3390625
5 0.3734375 0.07421875 0.11875 0.1484375
5 0.15625 0.1609375 0.18125 0.321875
5 0.27734375 0.16953125 0.4640625 0.3390625
7 0.91328125 0.059375 0.1734375 0.11875
5 0.79296875 0.16953125 0.4140625 0.3390625
8 0.18203125 0.63828125 0.3640625 0.5984375
8 0.34296875 0.83671875 0.3328125 0.3265625
2 0.0875 0.7389143126193658 0.0140625 0.017351132001908985
7 0.10703125 0.7574370459500478 0.03125 0.04098862667090888
5 0.1 0.7606438619510023 0.05 0.06464430267345414
8 0.7109375 0.66953125 0.403125 0.6609375