3 0.38671875 0.08203125 0.1859375 0.1640625
4 0.16640625 0.175 0.3046875 0.35
4 0.428125 0.32890625 0.103125 0.3796875
5 0.33359375 0.259375 0.2921875 0.51875
5 0.209375 0.259375 0.41875 0.51875
9 0.5415395401018135 0.37854315651766246 0.03479317067154515 0.036137487899751616
9 0.5954457901018134 0.37885677390590916 0.0460579346753633 0.06432612041330898
9 0.7103248080839961 0.24828400565734077 0.04413180800445442 0.033067030054229285
8 0.23984375 0.759375 0.4796875 0.48125
8 0.6734375 0.70546875 0.3875 0.3734375
8 0.88046875 0.81875 0.2390625 0.3625
9 0.5912282680617245 0.7658987525340828 0.06611589600572695 0.04256929508134384
5 0.98203125 0.81171875 0.0359375 0.0890625