7 0.04140625 0.28515625 0.0828125 0.2140625
5 0.0515625 0.27578125 0.103125 0.3859375
1 0.66796875 0.425 0.2765625 0.0875
2 0.65625 0.29140625 0.253125 0.1578125
5 0.76484375 0.32578125 0.4703125 0.2859375
8 0.26484375 0.734375 0.5296875 0.53125
8 0.3921875 0.7828125 0.275 0.3875
2 0.02734375 0.6428748638722054 0.0125 0.014135222872636887
3 0.03359375 0.6608799753085239 0.0078125 0.010982951795398144
4 0.03203125 0.6835271349494443 0.01875 0.04073408430895533
5 0.04140625 0.682800427103922 0.04375 0.10181703005422929
4 0.6875 0.7328125 0.25 0.528125
5 0.68046875 0.734375 0.3015625 0.53125