0 0.15971716128263874 0.30498852361132156 0.055432934675363296 0.06438066256778666
0 0.253130806612048 0.3344401951560987 0.061610209341181485 0.058167024004105096
3 0.1465262706079118 0.3642908007386847 0.028397720003181703 0.023601126463433174
3 0.2470620726050483 0.3859708788993201 0.02692612667090888 0.031404536104353654
7 0.2567450605904126 0.4938470114128773 0.1289260733609078 0.2038613190854491
7 0.12513198126195785 0.45714137607064964 0.14751244135899882 0.18990790339440444
5 0.11640625 0.45234375 0.1921875 0.3734375
5 0.23984375 0.46875 0.1796875 0.340625
1 0.67265625 0.35234375 0.3453125 0.2234375
2 0.71484375 0.121875 0.4296875 0.2375
4 0.75 0.4765625 0.5 0.325
5 0.75 0.31953125 0.5 0.6390625
7 0.378125 0.76171875 0.24375 0.2453125
5 0.3546875 0.7625 0.290625 0.246875