0 0.1921875 0.19609375 0.0515625 0.0609375
0 0.2890625 0.21875 0.0578125 0.0546875
3 0.18359375 0.2578125 0.0265625 0.021875
3 0.28671875 0.271875 0.025 0.0296875
7 0.30546875 0.3484375 0.1140625 0.140625
7 0.16875 0.3390625 0.134375 0.159375
5 0.1671875 0.29140625 0.15625 0.2546875
5 0.2921875 0.30234375 0.14375 0.2328125
7 0.37890625 0.465625 0.1140625 0.09375
7 0.20625 0.45390625 0.109375 0.0703125
5 0.37890625 0.653125 0.1703125 0.46875
5 0.21171875 0.59765625 0.1609375 0.3578125
5 0.93046875 0.709375 0.1390625 0.58125
8 0.8046875 0.709375 0.390625 0.58125