5 0.33046875 0.35703125 0.3796875 0.3859375
4 0.3984375 0.49375 0.20625 0.1125
4 0.6296875 0.41015625 0.140625 0.2796875
3 0.5825334260423162 0.2811207941975812 0.0631363466740904 0.0550511143631847
0 0.5697323393539081 0.12090091168402384 0.18677493602799872 0.2073226623713949
0 0.3658271840388164 0.2540805294650541 0.14571358402290802 0.16958631303532484
5 0.60234375 0.2828125 0.1953125 0.534375
3 0.37685668539145195 0.39632257161953177 0.04901930267345413 0.05028180113146803
7 0.72421875 0.15546875 0.0484375 0.2140625
5 0.72578125 0.2421875 0.0515625 0.484375
8 0.03671875 0.97734375 0.0734375 0.0453125
8 0.2875 0.98046875 0.05625 0.0390625
8 0.2546875 0.97265625 0.140625 0.0546875
8 0.9125 0.7046875 0.175 0.309375