0 0.09375 0.02890625 0.1375 0.0578125
7 0.5078125 0.421875 0.14375 0.434375
7 0.309375 0.4265625 0.259375 0.425
7 0.1328125 0.36796875 0.265625 0.5140625
0 0.35234375 0.09104678791377667 0.1078125 0.11375451201463563
3 0.32890625 0.19991325791695838 0.059375 0.06319089067472686
3 0.07109375 0.12791317795195675 0.0796875 0.07592724801081766
5 0.14375 0.31953125 0.2875 0.6390625
5 0.33046875 0.3296875 0.3671875 0.61875
5 0.47265625 0.31953125 0.2140625 0.6390625
7 0.70625 0.16484375 0.20625 0.3296875
5 0.7109375 0.31953125 0.2625 0.6390625