0 0.38828125 0.153125 0.1015625 0.115625
0 0.059375 0.059375 0.11875 0.11875
4 0.06875 0.284375 0.1375 0.209375
4 0.38671875 0.3265625 0.1046875 0.125
3 0.07788060206654457 0.1848760115110732 0.05024543969514968 0.04247839149054773
3 0.3845533037637468 0.2593139718906783 0.05184430113146821 0.04873748184962743
5 0.32890625 0.2390625 0.2203125 0.3
5 0.140625 0.19453125 0.28125 0.3890625
8 0.728125 0.25703125 0.54375 0.2640625
5 0.7156351321207739 0.269660077669656 0.02050339754067192 0.03293067466803503
2 0.6521266231437834 0.23022941812693148 0.006304542154477666 0.009411361436318443
4 0.6531487676593933 0.2716402133064713 0.02061248184962743 0.05168067466803503
5 0.6468442255049156 0.2622288518701528 0.0317045179539809 0.0783068071815924
8 0.0390625 0.85859375 0.078125 0.2828125
8 0.00546875 0.90625 0.0109375 0.04375
8 0.04645944788657319 0.9269418334251928 0.05188066256778665 0.05498748184962743
8 0.10106967983439645 0.9139787459929792 0.033157933645025395 0.0595658975406721
8 0.12217706537301591 0.9164452158405542 0.040979524004105095 0.06117384933607006
8 0.15026115875715762 0.9095775923039872 0.04416815651766246 0.0721295300542291
8 0.18230149911623722 0.9113264446651194 0.05510565651766246 0.07219316256778648
8 0.23377309552544104 0.8960014265147468 0.044304511903856716 0.09556703005422947
8 0.2510242280389983 0.9070389204646225 0.042651108313060605 0.07993293969514959
8 0.277595818398078 0.908755956568976 0.03635565651766228 0.07208407825883115
9 0.3534407009116354 0.9201343389843375 0.07247496369925485 0.10354315651766263
9 0.42265625 0.91875 0.0328125 0.11875
8 0.546875 0.78203125 0.215625 0.2484375
8 0.70546875 0.65078125 0.4890625 0.5234375
5 0.6597447221852659 0.6896322100850174 0.03943520472226432 0.06428975897699055