0 0.5200601507001803 0.22626564343545535 0.12485564401654478 0.1225931383672898
0 0.196875 0.06171875 0.13125 0.1234375
4 0.13828125 0.2921875 0.1890625 0.234375
4 0.4875 0.37265625 0.175 0.0734375
3 0.1930976613621805 0.18999075838781526 0.053652258672817865 0.045621572208706954
3 0.48611295938095234 0.329967360356164 0.055287484006999676 0.05188066256778665
5 0.44296875 0.278125 0.3796875 0.2625
5 0.18046875 0.2046875 0.3609375 0.409375
4 0.93046875 0.0640625 0.1390625 0.128125
5 0.87265625 0.17890625 0.2546875 0.3578125
8 0.86953125 0.7046875 0.2609375 0.590625
5 0.82890625 0.7046875 0.1796875 0.590625
7 0.8166924394095874 0.6355446737842723 0.13027149204327088 0.3194863190854491
3 0.85 0.41640625 0.040625 0.0140625