1 0.20234375 0.0921875 0.1703125 0.184375
3 0.446875 0.11875 0.025 0.05
3 0.32967457793604843 0.36188709392904866 0.08853633601209036 0.09008065467854501
2 0.35625 0.15390625 0.20625 0.1703125
4 0.21953125 0.4484375 0.3828125 0.221875
4 0.14375 0.28671875 0.2875 0.5453125
5 0.44296875 0.09140625 0.0328125 0.1828125
5 0.35546875 0.30703125 0.2078125 0.5046875
5 0.23125 0.2796875 0.45625 0.559375
5 0.165625 0.2796875 0.33125 0.559375
9 0.7296875 0.2796875 0.540625 0.559375
0 0.21904944466104564 0.5845235205681408 0.08631930800445424 0.03381247334499946
0 0.18283758263050168 0.809914419239368 0.10739542401336308 0.09967383068109034
3 0.19159441728995655 0.8629303312380954 0.061464758672817865 0.046021572008272574
4 0.3265625 0.90390625 0.265625 0.1921875
5 0.24140625 0.875 0.4359375 0.25
1 0.68125 0.83125 0.44375 0.3375
2 0.70234375 0.61015625 0.4859375 0.1015625
4 0.7296875 0.93515625 0.540625 0.1296875
5 0.7296875 0.7796875 0.540625 0.440625