1 0.29296875 0.12092297395279146 0.1484375 0.18523858411256366
2 0.03203125 0.015625 0.0640625 0.03125
3 0.0453125 0.09580129586691086 0.0453125 0.0455761204133089
3 0.10390625 0.34936665740142525 0.078125 0.07857951795398091
2 0.13125 0.1507700761175319 0.1875 0.1479658430895542
2 0.01953125 0.11171875 0.0390625 0.1421875
4 0.1484375 0.4453125 0.296875 0.1875
4 0.315625 0.31015625 0.328125 0.4578125
5 0.0390625 0.0734375 0.078125 0.146875
5 0.05390625 0.28046875 0.1078125 0.5171875
5 0.17421875 0.2796875 0.3484375 0.51875
5 0.31640625 0.26953125 0.3453125 0.5390625
0 0.59609375 0.18528649756411308 0.0640625 0.07537270472226432
4 0.5640625 0.34172284992524526 0.0984375 0.19432269262201593
5 0.559375 0.34140625 0.140625 0.3953125
0 0.02890625 0.99453125 0.0453125 0.0109375
8 0.775 0.65625 0.45 0.234375
5 0.8765625 0.5879695733870574 0.025 0.047020445745273774