1 0.2582794080601335 0.1439616826630668 0.1138817813494537 0.11940450585373252
3 0.08456064473263333 0.1859168576256895 0.07272952267663584 0.07385565651766228
2 0.08046875 0.025 0.1609375 0.05
4 0.08671875 0.34296875 0.1734375 0.2921875
4 0.26015625 0.3421875 0.2421875 0.29375
5 0.40234375 0.24453125 0.0953125 0.4890625
5 0.2765625 0.24453125 0.346875 0.4890625
5 0.13984375 0.24453125 0.2796875 0.4890625
8 0.74921875 0.24140625 0.5015625 0.4828125
8 0.24140625 0.6375 0.3703125 0.296875
0 0.12458785009545022 0.7225179538385016 0.00948408800127254 0.009429542154477666
7 0.13196454543281363 0.7522463604543598 0.01606135200509069 0.03759090359079629
5 0.12595090276890436 0.7725224990180413 0.029379512014635623 0.10797612646343317
9 0.88984375 0.95625 0.2203125 0.0875
0 0.7301442227084527 0.752382715840554 0.060593149347544895 0.10503293364502557
3 0.6993305747135433 0.7897009086589618 0.022638616008908662 0.06575226502711473
0 0.6477135307129069 0.7847134268093343 0.030269302673454134 0.050172716822512696
7 0.653125 0.91328125 0.059375 0.1734375
7 0.7046875 0.915625 0.115625 0.16875
5 0.70625 0.79921875 0.128125 0.4015625
5 0.65703125 0.8453125 0.0859375 0.309375