6 0.46640625 0.21484375 0.1859375 0.3484375
6 0.2078125 0.20234375 0.415625 0.3734375
0 0.714168601771957 0.2996697645361353 0.020503397540672097 0.03293067466803503
5 0.7173572342855143 0.31062544525429453 0.0457670179539809 0.07838862041330899
4 0.7094401951560987 0.29261124345889644 0.023673849336070064 0.040761355386194256
5 0.325 0.69453125 0.46875 0.6109375
4 0.39609375 0.9 0.3265625 0.2
2 0.26953125 0.5078125 0.2296875 0.2375
1 0.36608055971567516 0.6948691559284873 0.20664192720211788 0.33712833703942985
4 0.8390625 0.53828125 0.321875 0.2890625
2 0.65703125 0.4203125 0.1453125 0.0625
5 0.79453125 0.67890625 0.4109375 0.5796875