6 0.25 0.365625 0.478125 0.66875
8 0.7288280512412769 0.4230317040499522 0.0382817973424542 0.06762385200509069
8 0.5682792605426876 0.6563516393618624 0.09623974801081765 0.080796561346272
6 0.5327422972231414 0.5543618780235444 0.0064681760025454334 0.018822725334181455
6 0.6702519352323683 0.48798399470877085 0.0064318133354545285 0.01569772533418181
6 0.6599133245544597 0.5706874067074981 0.006522720003181703 0.02351022533418181
6 0.6385559452180508 0.5930982087046346 0.008139764003817973 0.02821590666772735
6 0.6457695558959593 0.5103584340388163 0.004869313335454528 0.01567954400063627
7 0.5809161678867325 0.5775817493634531 0.006377269334818081 0.011010225334181455
7 0.6036724152212324 0.5692516286998621 0.007976132001908987 0.014153406667727353
7 0.6201695718889597 0.5616300327020893 0.006377269334818081 0.011010225334181811
7 0.627191731222187 0.5624930987030439 0.006431813335454351 0.015697725334181456
0 0.5810525278883233 0.5658629993634531 0.00474204400063627 0.00474204400063627
0 0.6045900252228232 0.5575419693666348 0.00474204400063627 0.00474204400063627
5 0.5816337832193235 0.583059590030226 0.014517033338636054 0.03922613200190881
5 0.6044082118873688 0.5731669693666348 0.009793170671545148 0.03604658800127254
5 0.6193155965547779 0.5678709420353165 0.009774989337999784 0.03448408800127254
5 0.6263286652212324 0.5695152580362709 0.009793170671545148 0.03604658800127254
0 0.9557156258752784 0.6663293600811325 0.007885225334181812 0.006340906667727353
0 0.9275269912078695 0.6714708460773146 0.00474204400063627 0.00474204400063627
7 0.9273906312062786 0.6831895960773146 0.007957950668363623 0.012590906667727353
7 0.9555610845401421 0.6796106100811325 0.009538632001909164 0.01417158800127254
5 0.9556247192075512 0.6741418600811325 0.011228401336727246 0.025127269334818438
5 0.9266366532065968 0.680836755410542 0.011210220003181703 0.023564769334818436
5 0.7113218305617776 0.517372050047725 0.009684082670272608 0.02667158800127254
0 0.7774377265675045 0.4759481660566337 0.004723862667090906 0.0031795440006362695
5 0.7781280698997773 0.48376975672340644 0.009611357336090798 0.02042158800127254
6 0.6787184158975502 0.4990214920432708 0.006413632001908987 0.014135225334181812
6 0.6318888692314137 0.49456980203690737 0.004887494668999892 0.01724204400063627
7 0.6799451085694136 0.4607493327100435 0.006359088001272717 0.009447725334181811
5 0.67911840523555 0.4646464920432708 0.008067038669636161 0.021965906667727353
7 0.990800245226005 0.5385952587523597 0.006395450668363623 0.01257272533418181
5 0.990736610558596 0.5440640087523597 0.011282945337363515 0.02981476933481808
8 0.655908171904868 0.44484252204008906 0.022329533338636232 0.039317038669636165
9 0.6796547545751406 0.41855274204327075 0.025254538669636162 0.022165901336727245
9 0.7021019192393679 0.43678512137967973 0.029978401336727068 0.025345445337363513
7 0.9141832012253687 0.542391873408633 0.004796588001272539 0.00942954400063627
5 0.9133837698918231 0.5439452827418603 0.006486357336090975 0.02038522533418181
5 0.3375 0.85 0.303125 0.3
8 0.6828125 0.85 0.3875 0.3