6 0.10703125 0.13359375 0.1703125 0.2671875
6 0.41640625 0.21484375 0.4421875 0.4296875
0 0.6746082155459665 0.35546875 0.012645445745273954 0.025
7 0.6700343450344617 0.375 0.020621572208706952 0.053125
5 0.67265625 0.38515625 0.0265625 0.0890625
6 0.63828125 0.684375 0.0421875 0.440625
3 0.5035866675377563 0.84140625 0.06759656615858275 0.0703125
2 0.5019281978865733 0.690625 0.09107042759490121 0.0765625
4 0.5078125 0.94921875 0.175 0.1015625
5 0.52109375 0.82265625 0.2765625 0.3546875
8 0.88984375 0.80234375 0.2203125 0.3953125