1 0.334375 0.26953125 0.66875 0.1796875
2 0.3140625 0.11953125 0.628125 0.2390625
2 0.6390625 0.13828125 0.059375 0.2609375
5 0.53984375 0.1796875 0.2578125 0.359375
5 0.334375 0.1796875 0.66875 0.359375
8 0.834375 0.1796875 0.33125 0.359375
4 0.675 0.30625 0.0125 0.0375
0 0.67109375 0.275 0.0046875 0.025
5 0.68359375 0.309375 0.0296875 0.1
0 0.4402502117543472 0.6809248305965223 0.047111349336070064 0.040897710772388504
3 0.43621669672723246 0.7027771046988232 0.015734084308955332 0.018840903590796286
4 0.40177351903413533 0.7142958667990716 0.0722386143631848 0.06291815651766246
5 0.42354397990471976 0.7323918818261863 0.15871244554888228 0.15560562626704133
8 0.75 0.75859375 0.1625 0.4828125
9 0.7425137111651721 0.3991384994108248 0.10023634933607006 0.0412067829810955
9 0.8996211874556546 0.6555299208574061 0.04251475292686635 0.056495439695149585
9 0.98359375 0.678125 0.0328125 0.078125
0 0.760612187848438 0.9141049692583996 0.010992042154477666 0.009438632513557366
7 0.758881516205465 0.9430021288993199 0.020530668617910842 0.03761817466803521
5 0.76640625 0.953125 0.0421875 0.09375
0 0.9619070431364364 0.8269918304001305 0.009420451795398322 0.007867042154477843
4 0.9602218232888615 0.8480764900410509 0.014235216822512697 0.02976931323171641
5 0.9624792148776052 0.8629338755796704 0.028615879390299172 0.08453862646343317
5 0.9749928504162245 0.8606628484523073 0.02862496974937905 0.08610112646343318
5 0.92265625 0.95859375 0.0421875 0.0828125
5 0.95234375 0.95859375 0.0453125 0.0828125
5 0.97109375 0.95546875 0.0390625 0.0890625
5 0.9828125 0.95234375 0.034375 0.0953125
5 0.9677070703619954 0.9043719418364489 0.01259999394987581 0.01726022287263689
5 0.9881013835937118 0.8904276165044841 0.020521578258831143 0.036055674668035206
0 0.9873792209277295 0.8802668213249442 0.014153403590796287 0.01570681323171641
7 0.9872837721573934 0.8966730713249442 0.012590903590795932 0.015697722872636887
0 0.99765625 0.87421875 0.0046875 0.0109375
7 0.996875 0.9015625 0.00625 0.04375
5 0.99609375 0.89765625 0.0078125 0.0640625
0 0.99375 0.9046875 0.0125 0.015625
7 0.99609375 0.9296875 0.0078125 0.0375
5 0.99375 0.946875 0.0125 0.10625
7 0.984375 0.9390625 0.03125 0.04375
7 0.9674707210259251 0.9449969418364489 0.026826120413308986 0.0454670361043533
7 0.9502241336919077 0.9550531978865733 0.03621021077238851 0.04708407825883114
7 0.921313338512368 0.9556662762436003 0.033057939695149585 0.042378397540672096
0 0.9199281005144204 0.9251884358845206 0.01258181323171641 0.014135222872636887
0 0.9433565101553409 0.9268872912707149 0.01258181323171641 0.014135222872636887
0 0.9668803685665972 0.9121798966569091 0.009438632513557366 0.010992042154477844
0 0.9832820733870573 0.9130565954272452 0.012572722872636888 0.012572722872636888
0 0.9713047690341353 0.8231401225546083 0.010992042154477844 0.009438632513557366
0 0.99765625 0.8234375 0.0046875 0.0125
5 0.99609375 0.84140625 0.0078125 0.0515625
7 0.996875 0.84609375 0.00625 0.0328125
7 0.9735121636479411 0.8465912580932275 0.0220658975406721 0.03293976502711473
6 0.9469774556060271 0.7073696768093344 0.009520445745273776 0.025054542154477666
6 0.936848476683266 0.7026230894753168 0.009484084308955332 0.018804542154477667
6 0.941585973658204 0.6940566105525556 0.009538626463433175 0.028179542154477665