1 0.2796875 0.28671875 0.559375 0.1453125
2 0.2796875 0.1296875 0.559375 0.259375
5 0.46015625 0.1953125 0.1984375 0.328125
5 0.2796875 0.1796875 0.559375 0.359375
0 0.8717325367917246 0.07734375 0.09564884328594588 0.0578125
0 0.6747120910464506 0.10234375 0.07378293364502539 0.059375
0 0.8119711965308408 0.14375 0.04087043969514985 0.0421875
3 0.6658910820694602 0.14140625 0.029832945745273776 0.025
3 0.8297717748878679 0.17265625 0.025145445745273776 0.025
3 0.8778143651487517 0.10625 0.053315897540671744 0.0328125
7 0.9328125 0.2 0.134375 0.140625
4 0.8545490610904173 0.2109375 0.0706761143631848 0.0625
4 0.667834856269957 0.21015625 0.11171018052176755 0.1328125
5 0.871875 0.17890625 0.25625 0.3296875
5 0.85003427791293 0.18125 0.10864881303532492 0.14375
5 0.7015625 0.2109375 0.228125 0.296875
8 0.3125 0.8984375 0.49375 0.203125
5 0.3781774586310892 0.8328125 0.06031130698520073 0.1609375
8 0.23671875 0.41796875 0.1484375 0.1171875
0 0.4284744579437182 0.37890625 0.012618174668035031 0.0203125
5 0.4448034398915414 0.3921875 0.04722043364502539 0.059375
8 0.7446746122218855 0.8 0.32302947560311146 0.1984375