6 0.02265625 0.7390625 0.0453125 0.121875
4 0.03046875 0.0375 0.0609375 0.075
5 0.08671875 0.18515625 0.1734375 0.3703125
0 0.8962640051663614 0.51484375 0.15671360831306025 0.0796875
0 0.9116021379745064 0.33125 0.11927724082661798 0.090625
3 0.9047299692583997 0.35859375 0.0439227168225127 0.0296875
3 0.872390688811387 0.57421875 0.0298783975406721 0.0328125
4 0.9453125 0.4390625 0.109375 0.190625
4 0.91640625 0.67578125 0.1671875 0.2078125
5 0.92421875 0.45625 0.1515625 0.35625
5 0.8625 0.63984375 0.275 0.3203125
5 0.14609375 0.93359375 0.2921875 0.1328125
5 0.36484375 0.93125 0.2484375 0.1375
2 0.33671875 0.9359375 0.1546875 0.128125
2 0.09765625 0.934375 0.1453125 0.13125
4 0.00703125 0.9640625 0.0140625 0.071875
5 0.82890625 0.9390625 0.2046875 0.121875