6 0.06796875 0.209375 0.1359375 0.41875
6 0.29375 0.209375 0.35 0.41875
7 0.60625 0.25625 0.115625 0.325
7 0.93984375 0.31796875 0.1203125 0.2015625
0 0.8409456242239379 0.2664938726130025 0.07426472267624504 0.14304202267663585
0 0.64296875 0.04453125 0.0828125 0.0890625
3 0.6418410245932803 0.11491483330681937 0.02678975897699054 0.03937158267027261
3 0.8719138230924699 0.3145677459420936 0.023773843285945874 0.058085220003181705
5 0.90234375 0.3 0.1953125 0.2375
5 0.61875 0.209375 0.1375 0.41875
8 0.6765625 0.709375 0.415625 0.58125
8 0.88125 0.6703125 0.2375 0.46875
7 0.8664354618525429 0.7272837325748224 0.026798849336070064 0.04093408267027261
5 0.8648820522116226 0.7257394139083678 0.033094301131468384 0.04881930800445442