6 0.19296875 0.17265625 0.3859375 0.3140625
5 0.390625 0.35703125 0.159375 0.0546875
3 0.1729890898681003 0.5355688195764283 0.025209078258831185 0.03608294574527378
3 0.4531048785065366 0.8761382356602564 0.01738748789975162 0.03447499394987581
0 0.1803425267345796 0.4566171177810302 0.08506586729005097 0.11924087939029934
0 0.42547023701598885 0.8262973169441498 0.08058744554888228 0.15515110831306062
7 0.51015625 0.83828125 0.1390625 0.2265625
7 0.12153619505790285 0.6889983466055956 0.13486692115199359 0.35389768052176757
5 0.121875 0.6953125 0.178125 0.609375
5 0.4734375 0.859375 0.2125 0.28125
9 0.62421875 0.8546875 0.0890625 0.06875