6 0.15078125 0.3 0.3015625 0.6
6 0.43203125 0.35390625 0.4078125 0.4921875
8 0.88125 0.31796875 0.2375 0.5640625
8 0.8796875 0.11875 0.240625 0.2375
8 0.31953125 0.93359375 0.6390625 0.1328125
8 0.39609375 0.7890625 0.3828125 0.378125
2 0.9142741826630669 0.7546875 0.02989657825883114 0.0359375
2 0.6836832336963392 0.86796875 0.04399543969514959 0.0421875
4 0.678125 0.95546875 0.078125 0.0890625
4 0.9233315409761274 0.834375 0.048992011903856894 0.0953125
5 0.9231815500513136 0.80859375 0.10559653590796181 0.15625
5 0.71171875 0.9015625 0.1453125 0.196875