3 0.21713996468121338 0.15904445194145725 0.09898292154477702 0.09489542401336308
3 0.4126888140172834 0.11614678524827671 0.11948631908544911 0.1279442813494537
2 0.39765625 0.02265625 0.1078125 0.0453125
2 0.2397194675098838 0.037696163271820994 0.11447156615858275 0.07163973734881743
4 0.39140625 0.2828125 0.3296875 0.271875
4 0.13984375 0.30546875 0.2796875 0.2265625
5 0.15234375 0.209375 0.3046875 0.41875
5 0.3015625 0.209375 0.534375 0.41875
3 0.7157597927436529 0.3425740199315941 0.009429542154477843 0.009484088001272716
0 0.7166592174116879 0.32225242926482134 0.01887726502711473 0.022093176002545345
4 0.7039501391528568 0.3583353799331849 0.031486349336070064 0.04098862667090888
4 0.778125 0.38984375 0.025 0.0578125
5 0.784375 0.37265625 0.05 0.0921875
5 0.709375 0.3640625 0.0625 0.109375
5 0.5382968263139236 0.8040264038829145 0.004742042154477844 0.00942954400063627
8 0.54453125 0.8140625 0.0484375 0.04375
8 0.24375 0.678125 0.4875 0.51875