5 0.02734375 0.03125 0.0546875 0.0625
5 0.009375 0.03125 0.01875 0.0625
8 0.81484375 0.34140625 0.3703125 0.3765625
2 0.5265625 0.5828125 0.13125 0.10625
2 0.38269484621281213 0.614068306612048 0.10359769867214012 0.08244996801399936
4 0.49140625 0.8375 0.2765625 0.325
4 0.3553970688890573 0.7565830706158659 0.14001698770335985 0.1656806386855445
5 0.3609375 0.78359375 0.221875 0.4328125
5 0.46953125 0.76484375 0.3203125 0.4703125
6 0.759375 0.54453125 0.040625 0.0296875
6 0.85859375 0.55859375 0.0171875 0.0578125
6 0.9375 0.53984375 0.046875 0.0203125
9 0.81484375 0.76484375 0.3703125 0.4703125