5 0.07578125 0.2796875 0.1515625 0.559375
4 0.98125 0.32265625 0.0375 0.2984375
5 0.93671875 0.31953125 0.1265625 0.4796875
6 0.13587222330522852 0.6820833304983264 0.049455654678545 0.08778180113146802
9 0.2 0.7796875 0.4 0.440625
6 0.9921875 0.58984375 0.015625 0.0609375
6 0.8416285905872309 0.626865086253863 0.04965564934754489 0.10496930113146803
6 0.840625 0.57578125 0.028125 0.0328125
6 0.7359375 0.56640625 0.03125 0.0140625
4 0.8046875 0.5796875 0.0375 0.040625
5 0.79921875 0.59765625 0.0765625 0.0765625