3 0.4069382628858153 0.21507484806649693 0.01571590359079611 0.01580681333545435
2 0.41026779596510676 0.17995496073358783 0.023546584308955332 0.019022720003181705
4 0.40343601298401116 0.27988223539940604 0.05687723477649378 0.10846702800763594
5 0.40078125 0.30234375 0.0796875 0.2734375
5 0.7546875 0.21953125 0.490625 0.4390625
4 0.8046875 0.2625 0.390625 0.353125
1 0.821875 0.06796875 0.2125 0.1359375
8 0.18671875 0.8625 0.3734375 0.275
0 0.85390625 0.50859375 0.1609375 0.1390625
4 0.73671875 0.78203125 0.2140625 0.4359375
1 0.8203523648541641 0.6094890140833599 0.07723518657189174 0.11651588534372692
5 0.76953125 0.71953125 0.4609375 0.5609375