2 0.5765625 0.32734375 0.165625 0.1828125
5 0.3296875 0.22734375 0.659375 0.3828125
8 0.8296875 0.265625 0.340625 0.30625
5 0.8278115385900945 0.13195250389882282 0.04562267735518084 0.1614465773392725
8 0.3296875 0.5078125 0.659375 0.178125
7 0.45703125 0.46640625 0.3078125 0.0953125
7 0.43046875 0.46015625 0.3265625 0.0828125
5 0.27890625 0.48671875 0.1140625 0.1359375
5 0.47578125 0.65 0.3671875 0.4625
7 0.7499678019175947 0.7416109565961395 0.10234539202736244 0.20272610534690863
3 0.7450450392664122 0.6276211819303213 0.03789998933799978 0.03481135200509069
0 0.7409484326066391 0.5768944759309578 0.05525112133990895 0.04907384667409058
5 0.75703125 0.775 0.1328125 0.45