8 0.5675918680776328 0.14920440006363345 0.2200237880330894 0.24627720536281678
4 0.7618043973981334 0.05694581675681407 0.017587489337999786 0.034574994668999895
2 0.7599328147278609 0.03036513542326862 0.004796588001272539 0.00942954400063627
5 0.7509850760661788 0.0669747974219959 0.027526110677908555 0.08312158267027261
8 0.7140625 0.11015625 0.4625 0.2203125
1 0.134375 0.834375 0.26875 0.225
2 0.134375 0.575 0.26875 0.165625
5 0.134375 0.74296875 0.26875 0.5140625
4 0.634375 0.91953125 0.73125 0.1609375
1 0.7208515860518613 0.6383492634070421 0.5365396733768162 0.32651233473899677
2 0.7162260786919079 0.4422282414067239 0.42416475334181775 0.06742714139081549
5 0.634375 0.6984375 0.73125 0.603125