5 0.10546875 0.15 0.2109375 0.3
4 0.05859375 0.0796875 0.1171875 0.159375
3 0.03828125 0.034375 0.0765625 0.06875
4 0.03125 0.56171875 0.0625 0.2265625
5 0.14765625 0.35703125 0.2953125 0.6453125
8 0.553125 0.184375 0.36875 0.3625
8 0.85390625 0.334375 0.2921875 0.66875
5 0.5246248336215843 0.20511318423420066 0.012681807181592397 0.03132272287263689
5 0.97578125 0.41796875 0.0484375 0.1296875
5 0.9859375 0.18203125 0.028125 0.0578125
7 0.989314047517231 0.1758463024080144 0.011055674668035208 0.020376132513557365
7 0.9758202158405542 0.40796391081927075 0.03157725292686635 0.056431807181592394
3 0.9763923875817229 0.3720218656397309 0.011001132513557365 0.011001132513557365
2 0.977877619529546 0.3587315252806514 0.012545451795398321 0.007885222872636887
0 0.9953125 0.16171875 0.009375 0.0109375
1 0.590625 0.8703125 0.44375 0.259375
2 0.66640625 0.721875 0.5953125 0.084375
4 0.684375 0.96484375 0.63125 0.0703125
5 0.684375 0.83984375 0.63125 0.3203125