5 0.23125 0.08515625 0.45625 0.1703125
1 0.75625 0.23046875 0.4875 0.3484375
4 0.7296875 0.409375 0.540625 0.28125
5 0.7296875 0.275 0.540625 0.55
0 0.59609375 0.6161106367361332 0.103125 0.07307496801399935
0 0.78203125 0.6096804654280411 0.125 0.09051700668363552
0 0.48203125 0.67578125 0.0453125 0.0828125
4 0.49921875 0.84375 0.0796875 0.19375
4 0.63671875 0.7665833514083148 0.1515625 0.1642635893539081
4 0.82109375 0.7577912487666773 0.1859375 0.16778857869190783
4 0.93828125 0.78046875 0.1234375 0.2703125
3 0.78203125 0.6721804654280411 0.0609375 0.039771572008272395
3 0.60078125 0.6763214307367695 0.0484375 0.04118862133990877
3 0.4796875 0.7328125 0.040625 0.0375
3 0.95078125 0.628125 0.0984375 0.078125
5 0.81171875 0.7694009107654045 0.25 0.4310340133672713
5 0.8703125 0.775 0.259375 0.45
5 0.609375 0.78359375 0.296875 0.4328125
5 0.5265625 0.81328125 0.134375 0.3734375