8 0.7875 0.26953125 0.425 0.3984375
6 0.2519240308397962 0.7595456332991242 0.048973831185697494 0.09246930113146803
6 0.25183819330938695 0.640018928478664 0.015843168617910842 0.03759090359079611
6 0.13700353366846657 0.639124569871016 0.01581589754067192 0.032903403590796285
6 0.030721717411687922 0.6452114642884299 0.014253397540672008 0.032894313231716585
6 0.2776967113615637 0.6265876875538503 0.012690897540672097 0.032885222872636885
6 0.16908932582294423 0.6295632175098838 0.014253397540672097 0.032894313231716585
6 0.08390125956616563 0.6355273920797229 0.012690897540672008 0.032885222872636885
9 0.19453125 0.8796875 0.3890625 0.240625
8 0.6640625 0.78203125 0.471875 0.4359375
8 0.93828125 0.753125 0.1234375 0.396875
5 0.7539496182720096 0.8009478590004315 0.014217036104353476 0.026644313231716676