3 0.18125 0.01171875 0.103125 0.0234375
4 0.10234375 0.1765625 0.2046875 0.353125
4 0.275 0.14296875 0.303125 0.2859375
5 0.290625 0.21953125 0.41875 0.4390625
5 0.20078125 0.21953125 0.4015625 0.4390625
0 0.51640625 0.31953125 0.0328125 0.0734375
4 0.5897833993873156 0.23461745715815124 0.019168170671545325 0.03604658430895551
0 0.5878936353834977 0.20648336679907162 0.01424431333545435 0.015706813231716587
5 0.5970600973901792 0.2557521137740095 0.04514996268299924 0.12056703005422928
4 0.425 0.45859375 0.028125 0.0390625
5 0.4078125 0.49140625 0.0875 0.1046875
5 0.4296875 0.48984375 0.05 0.1015625
8 0.5328125 0.89609375 0.065625 0.2078125
8 0.5890625 0.47421875 0.178125 0.0703125
8 0.83984375 0.71953125 0.3203125 0.5609375