3 0.22188200683569112 0.29356380792491255 0.09741133118569749 0.09331474267981754
3 0.046875 0.2375 0.09375 0.125
2 0.06023650058917518 0.14857966661363883 0.1033977107723885 0.04807496801399935
2 0.2108541241257421 0.1749501679265034 0.11290906615858276 0.07162155601527206
4 0.0984375 0.43359375 0.196875 0.3328125
4 0.2828125 0.46328125 0.284375 0.2734375
5 0.321875 0.365625 0.415625 0.46875
5 0.19453125 0.35234375 0.3890625 0.4953125
8 0.76484375 0.36953125 0.4703125 0.4609375
8 0.84921875 0.45859375 0.3015625 0.2828125
7 0.8283961481298473 0.25567400393859374 0.028343168617910662 0.03782726400381797
5 0.8268563740275463 0.25178593527213916 0.03151362041330898 0.04567612667090888
8 0.26171875 0.67734375 0.3171875 0.1546875
8 0.78046875 0.69453125 0.4390625 0.1890625
5 0.95234375 0.6125 0.0265625 0.025