5 0.28828125 0.165625 0.3421875 0.33125
4 0.3132277496072165 0.13125 0.250763590162688 0.13125
3 0.3176289032962085 0.08203125 0.15187157220870695 0.053125
3 0.36427470354391395 0.7140625 0.11586134933607006 0.040625
4 0.3106997307694728 0.63671875 0.27145788524403186 0.196875
5 0.2296875 0.49375 0.459375 0.65
0 0.6706726109453391 0.23203125 0.015770445745273774 0.025
0 0.7309015838179761 0.24453125 0.015770445745273774 0.025
3 0.6700049904338343 0.2515625 0.006304542154477666 0.009375
4 0.6583725988450907 0.26640625 0.029923849336070063 0.040625
4 0.7382282704880637 0.2953125 0.022238614363184795 0.0625
5 0.7421208849494443 0.29296875 0.04603972872636959 0.125
5 0.6663032735131258 0.28671875 0.053924951599006475 0.1375
8 0.2296875 0.903125 0.459375 0.16875
8 0.86015625 0.909375 0.2796875 0.18125