5 0.2 0.24921875 0.4 0.4015625
8 0.71796875 0.140625 0.5640625 0.28125
8 0.2 0.7734375 0.4 0.453125
8 0.26875 0.86484375 0.2625 0.2703125
7 0.2921574912874112 0.67213479793923 0.03012385200509069 0.03784544533736352
5 0.29062226328772933 0.6698092292727755 0.033357940006363405 0.04725680800445424
3 0.4703125 0.9421875 0.140625 0.115625
1 0.7171875 0.84453125 0.565625 0.3109375
2 0.73515625 0.57734375 0.5296875 0.2546875
2 0.43984375 0.65703125 0.0796875 0.2546875
5 0.53984375 0.759375 0.2796875 0.48125
5 0.7 0.725 0.6 0.55