4 0.54609375 0.17734375 0.0859375 0.3546875
5 0.45 0.325 0.278125 0.65
1 0.9450014870159889 0.4037269044745589 0.10411584913967822 0.17091246369925486
3 0.9636777223816576 0.12235872980652393 0.0723386083130606 0.08010565651766247
4 0.93125 0.390625 0.1375 0.51875
5 0.89453125 0.325 0.2109375 0.65
0 0.58203125 0.73671875 0.0140625 0.0328125
0 0.5412669120768073 0.7626428413410382 0.03300339754067192 0.033003397540672094
0 0.3247833940246306 0.7506206060735654 0.0314408975406721 0.032994307181592394
0 0.37307090309981683 0.7245575549420972 0.02831589754067192 0.032976126463433175
0 0.10904476453613529 0.7323438256265525 0.037709078258831144 0.03615566861791084
0 0.41077998135864807 0.7602768863241863 0.029887487899751618 0.034547716822512696
0 0.5029038488450908 0.7488030551384889 0.02832498789975162 0.03453862646343318
0 0.46843340007475476 0.7325967930382405 0.02831589754067192 0.032976126463433175
0 0.2742703096174793 0.7970097927436528 0.036401108313060516 0.07989657825883115
0 0.45225895423128504 0.7725359918085765 0.03147725897699054 0.0392443071815924
0 0.04600440905174521 0.7741182351692771 0.04871930113146812 0.04871930113146803
3 0.584375 0.77265625 0.009375 0.0171875
3 0.5422754210537978 0.8017007961614985 0.02822499394987581 0.017351126463433175
3 0.5030992915653025 0.7823968051384889 0.02041249394987581 0.01730567466803503
3 0.47017770725634717 0.763837702679161 0.01884999394987581 0.01729658430895533
3 0.4540532583878152 0.8123706514494969 0.023564765027114732 0.022011355386194253
3 0.40939474336070064 0.790754726683266 0.01886817466803503 0.020421584308955333
3 0.3756191861791082 0.7597001694034777 0.020421584308955333 0.01886817466803503
3 0.3626742794650541 0.8175899374556546 0.02198408430895533 0.01887726502711473
3 0.3257964481811609 0.7904598108940255 0.02198408430895533 0.01887726502711473
3 0.2952640656676035 0.779699572896078 0.015706813231716587 0.014153403590796287
3 0.27674586982413374 0.8196524072050334 0.018859084308955422 0.01885908430895533
3 0.23369076141287737 0.8050586420797229 0.01884999394987581 0.01729658430895533
3 0.19769871925839966 0.7958927203385542 0.026671584308955422 0.018904536104353477
3 0.14089927341492992 0.8360682684449602 0.017278403590796198 0.01572499394987581
3 0.1092765686926656 0.7721875756265526 0.025136355386194253 0.023582945745273774
3 0.0509055324901162 0.8108097140920382 0.025136355386194253 0.023582945745273774
0 0.13285951443793947 0.7970512202403583 0.042451120413308896 0.04555793969514958
0 0.19666293920417033 0.752147265518094 0.03456589754067192 0.03301248789975162
0 0.23579816207680732 0.7644200065411035 0.03456589754067192 0.03301248789975162
0 0.2757100897699044 0.7759069523845732 0.03456589754067192 0.03301248789975162
0 0.2942691922292324 0.7429853680756179 0.0298602168225127 0.0298602168225127
0 0.36479077048806363 0.778513801917035 0.03301248789975162 0.03456589754067192
7 0.05390625 0.91484375 0.0890625 0.1703125
7 0.11526346916020377 0.8612182593697739 0.0852749455488822 0.15517837939029927
7 0.13984375 0.9234375 0.0703125 0.153125
7 0.19894357757146014 0.8755756751590145 0.08522949375348414 0.14736587939029916
7 0.2395322161351417 0.8690893258229444 0.044540861239926774 0.13619203005422947
7 0.2748520925985748 0.8970097927436529 0.07741699375348406 0.14732042759490122
7 0.30169132766965595 0.8101319614597596 0.02522725897699054 0.039207945745273774
7 0.320750399878363 0.8631478771508041 0.060165861239926774 0.1362829336450254
7 0.36388732152133596 0.8918041422761146 0.072684041958086 0.13948065651766228
7 0.37116349033563856 0.7995711904807166 0.05656816256778665 0.055014752926866264
7 0.4113663095192834 0.8610581363241863 0.060038596212812045 0.1144079336450254
7 0.4607077793668582 0.8818655400131783 0.08359427088084707 0.13485678903121964
7 0.4789487192583996 0.794256455704223 0.023564765027114732 0.022011355386194253
7 0.49546859874689486 0.8136922569338869 0.05337953005422928 0.04405907220870695
7 0.5395276709556018 0.8665627268796576 0.07883404800821019 0.12232951795398109
7 0.57421875 0.8453125 0.0296875 0.1125
5 0.5703125 0.859375 0.0375 0.28125
5 0.54140625 0.8703125 0.0953125 0.259375
5 0.5015625 0.8640625 0.06875 0.271875
5 0.4725032765381879 0.7606990671405415 0.03803633118569749 0.09240566861791093
5 0.45625 0.87421875 0.103125 0.2515625
5 0.4125 0.86953125 0.065625 0.2609375
5 0.37174020725634715 0.7644103953011768 0.060029505853732346 0.11284543364502539
5 0.36875 0.87890625 0.09375 0.2421875
5 0.321875 0.865625 0.071875 0.26875
5 0.2890625 0.86171875 0.059375 0.2765625
5 0.2765625 0.878125 0.084375 0.24375
5 0.24921875 0.8734375 0.0734375 0.253125
5 0.2015625 0.86640625 0.0875 0.2671875
5 0.14453125 0.8859375 0.0953125 0.228125
5 0.11484375 0.85703125 0.0921875 0.2859375
5 0.05625 0.8734375 0.103125 0.253125
0 0.61875 0.74375 0.059375 0.11875
3 0.60703125 0.87734375 0.0359375 0.0609375