0 0.8171875 0.234375 0.253125 0.209375
7 0.44296875 0.090625 0.3265625 0.18125
3 0.72578125 0.30859375 0.1296875 0.0609375
0 0.775 0.03984375 0.221875 0.0796875
5 0.5890625 0.10234375 0.61875 0.2046875
5 0.63046875 0.21640625 0.7015625 0.2453125
0 0.7628393258229443 0.60546875 0.23055108411256367 0.1484375
0 0.934375 0.40859375 0.13125 0.1390625
3 0.953125 0.53125 0.09375 0.140625
3 0.755766648326239 0.746875 0.11450792759490121 0.0765625
4 0.85234375 0.87421875 0.2953125 0.2515625
5 0.9171875 0.66953125 0.165625 0.6609375
5 0.82265625 0.75546875 0.3546875 0.4890625