6 0.99375 0.084375 0.0125 0.046875
6 0.7602909679742285 0.10731886728200238 0.0335579346753633 0.06444430800445433
9 0.75 0.2296875 0.5 0.459375
7 0.48046875 0.778125 0.0390625 0.178125
3 0.484375 0.6921875 0.03125 0.028125
0 0.475 0.64609375 0.05 0.0609375
5 0.34609375 0.79921875 0.3078125 0.4015625
5 0.1828125 0.571875 0.290625 0.225
3 0.8808563646165023 0.6150120939290488 0.00792158800127254 0.009465906667727175
0 0.8818648812858203 0.5954717532622761 0.017423857336090975 0.020512494668999893
4 0.8681927326145933 0.6292200445974123 0.03170453333863606 0.039426126670908876
4 0.938087061943048 0.6643393845878672 0.02569089067472703 0.05966590133672707
5 0.9451274026098208 0.6634763185869128 0.05298064401654479 0.12247498400699967
5 0.873406943944957 0.6510314099300032 0.06251927601845395 0.1366465720082724