4 0.44453125 0.01875 0.0265625 0.0375
5 0.42890625 0.04921875 0.0765625 0.0984375
5 0.44609375 0.05 0.0421875 0.1
1 0.8849964493952699 0.1046875 0.11706132535008998 0.1234375
3 0.714293598066497 0.13828125 0.07587270401018138 0.075
4 0.71484375 0.29453125 0.1703125 0.3109375
4 0.86953125 0.3 0.2609375 0.3
5 0.85234375 0.225 0.2953125 0.45
5 0.775 0.225 0.290625 0.45
6 0.55078125 0.78515625 0.1578125 0.4296875
2 0.48088220874440546 0.90234375 0.08379429201145391 0.084375
5 0.47109375 0.93046875 0.3171875 0.1390625
8 0.81484375 0.740625 0.3703125 0.51875
5 0.8727857087046346 0.6 0.022256808004454242 0.0328125