2 0.20234375 0.55 0.4046875 0.2375
5 0.2046875 0.43125 0.409375 0.475
0 0.796875 0.34292636656591374 0.18125 0.26773403469127166
3 0.821875 0.3848229652291867 0.0796875 0.14780224801081765
4 0.91640625 0.4953125 0.1671875 0.346875
5 0.74921875 0.35546875 0.5015625 0.6265625
8 0.284375 0.7375 0.165625 0.1375
5 0.18203125 0.935926767305865 0.015625 0.0329943133354547
3 0.79453125 0.97109375 0.0984375 0.0578125
3 0.60234375 0.946875 0.1203125 0.10625
2 0.61328125 0.8657580759468662 0.10625 0.05123633068109044
2 0.76875 0.8733240332590944 0.1140625 0.07320223734881744
5 0.85078125 0.90078125 0.2984375 0.1984375
5 0.6984375 0.90625 0.578125 0.1875