3 0.16953125 0.29713479793923003 0.1921875 0.1991113040260899
4 0.103125 0.359375 0.20625 0.11875
2 0.41171875 0.17265625 0.2953125 0.3453125
5 0.2796875 0.209375 0.559375 0.41875
6 0.9703125 0.14505139322091426 0.0171875 0.034574994668999895
6 0.8328125 0.1294638505729134 0.0203125 0.042423857336090796
6 0.69609375 0.14199221725813982 0.0234375 0.051835220003181706
6 0.9875 0.11828889855191438 0.0109375 0.023564769334818082
9 0.75078125 0.30625 0.3828125 0.225
6 0.9328125 0.09626899522600496 0.0109375 0.02043976933481808
6 0.89765625 0.07949057523077743 0.009375 0.018859088001272718
9 0.92109375 0.05031160522759577 0.03125 0.04255112667090888
0 0.27890625 0.709375 0.5515625 0.58125
5 0.1484375 0.709375 0.296875 0.58125
3 0.76796875 0.75859375 0.4171875 0.3578125
4 0.7796875 0.7765625 0.440625 0.446875
5 0.7796875 0.709375 0.440625 0.58125