3 0.2897731106507516 0.4693433349963264 0.09898292154477702 0.09432269262201594
3 0.4777225625443455 0.41121669672723254 0.11948631908544911 0.12725336729005096
2 0.45453452653818793 0.31994225693388695 0.10653180113146803 0.04905564441741408
2 0.30000610782208115 0.3481859524827692 0.11448065651766245 0.07253859621281204
4 0.47890625 0.48515625 0.3328125 0.0890625
5 0.19921875 0.41875 0.3984375 0.221875
5 0.38359375 0.403125 0.5328125 0.253125
8 0.825 0.26484375 0.35 0.5296875
8 0.80078125 0.23359375 0.3015625 0.4140625
5 0.8942510115110732 0.19157636241827714 0.04095225292686635 0.056486349336070066
4 0.8888049874087723 0.19551442867505578 0.026735216822512696 0.029842036104353476
1 0.35 0.64453125 0.6 0.2296875
4 0.325 0.8421875 0.65 0.315625
5 0.325 0.76484375 0.65 0.4703125
8 0.77265625 0.70234375 0.2453125 0.3265625
8 0.825 0.90234375 0.35 0.1953125
0 0.8802783733401751 0.604868265419898 0.006295451795397966 0.007848861436318444
7 0.8740829154946528 0.6142796268562166 0.011037493949875809 0.017251132513557366
7 0.7100073008368806 0.7472699097391162 0.018895445745273954 0.02510908430895533
0 0.7114425358097659 0.7253858193800367 0.011001132513557365 0.011001132513557365
5 0.7107703701187214 0.7441403645595764 0.022165891490547728 0.05012726502711473
5 0.8764130299560335 0.6119222413175971 0.014207945745273776 0.02508181323171659