3 0.318121202580965 0.29855321301188376 0.09898292154477702 0.09432269262201594
3 0.12923141940347774 0.26776577956325004 0.11948631908544902 0.1272533672900508
2 0.13913366023009557 0.1771953217177277 0.10498748184962743 0.05217155405833438
2 0.2922268439733169 0.1835549269075302 0.11291815651766246 0.07252950585373252
4 0.16171875 0.459375 0.3234375 0.340625
4 0.40309966969806527 0.46389693276126265 0.29072603571156996 0.2876192164297294
5 0.42578125 0.36875 0.4078125 0.521875
5 0.25859375 0.375 0.5171875 0.509375
0 0.9671875 0.1796875 0.065625 0.075
4 0.9515625 0.3421875 0.096875 0.18125
5 0.94140625 0.36171875 0.1171875 0.4484375
8 0.31484375 0.81484375 0.6296875 0.3703125
8 0.71328125 0.8359375 0.1671875 0.328125