2 0.159375 0.259375 0.31875 0.31875
5 0.159375 0.2296875 0.31875 0.378125
5 0.18203125 0.81328125 0.1859375 0.3734375
5 0.275 0.8515625 0.0875 0.296875
5 0.30078125 0.771875 0.0359375 0.31875
4 0.31015625 0.7265625 0.0171875 0.103125
4 0.28125 0.8305713483541114 0.059375 0.0940954336450254
4 0.2 0.8222861496819712 0.0890625 0.18958065046753808
3 0.296875 0.7720685019449076 0.0109375 0.012563632513557365
3 0.153125 0.7290446889095827 0.021875 0.03293976502711473
0 0.3125 0.6375 0.0125 0.040625
0 0.284375 0.7462145290722706 0.05 0.06279089149054791
0 0.15234375 0.668102643730043 0.0703125 0.07228406615858277
7 0.77265625 0.48683446301188377 0.025 0.04545794574527377
5 0.7890625 0.5252111617822197 0.0765625 0.19419542759490122
8 0.659375 0.709375 0.68125 0.58125