4 0.09560533226585197 0.44053812070789655 0.16224651170746496 0.22593630698520073
4 0.2505382719610016 0.3974506751590144 0.1574953791939077 0.2149715359079618
2 0.35703125 0.15390625 0.0234375 0.0859375
3 0.061485383200928376 0.26261765378718793 0.053424981849627386 0.05187157220870695
5 0.2859375 0.36015625 0.165625 0.5390625
5 0.22109375 0.4390625 0.2953125 0.38125
5 0.11796875 0.41875 0.2359375 0.421875
8 0.184375 0.87578125 0.36875 0.2484375
3 0.39798141940347775 0.7668637504909793 0.05810339149054773 0.05033634328594587
0 0.40859375 0.6828125 0.0796875 0.10625
4 0.7390625 0.81484375 0.296875 0.3703125
4 0.47734375 0.87265625 0.2171875 0.2546875
5 0.5328125 0.81484375 0.328125 0.3703125
5 0.70546875 0.81484375 0.4203125 0.3703125