3 0.39416543395927467 0.09602400966436146 0.09636701734563573 0.09117951190385672
2 0.34296875 0.04609375 0.0890625 0.0921875
4 0.4226433279360484 0.266940497662309 0.16126695337363445 0.29779312626704135
5 0.44375 0.23984375 0.3125 0.4796875
3 0.7101598672422315 0.33517793413600483 0.012845445337363514 0.02976022287263689
0 0.724367817910595 0.32259612090428824 0.024019302673454136 0.05013635538619425
7 0.6855229465706862 0.37125633470173885 0.06718859468490823 0.13475679508134383
5 0.7015625 0.3875 0.103125 0.184375
7 0.87421875 0.01015625 0.0484375 0.0203125
5 0.878125 0.090625 0.08125 0.18125
8 0.325 0.75234375 0.65 0.4953125
9 0.9609375 0.6046875 0.078125 0.096875