9 0.225 0.234375 0.45 0.46875
1 0.6875 0.11640625 0.475 0.2328125
4 0.725 0.27890625 0.55 0.3796875
5 0.725 0.234375 0.55 0.46875
9 0.4390625 0.4921875 0.021875 0.046875
9 0.4234375 0.49296875 0.053125 0.0484375
9 0.4 0.49375 0.065625 0.05
9 0.36796875 0.4925673543060398 0.034375 0.04707498789975162
9 0.35078125 0.49453125 0.0640625 0.0515625
9 0.21796875 0.6002884298343965 0.0453125 0.040888620413308985
9 0.10546875 0.6652589239806639 0.065625 0.05038179508134384
9 0.10234375 0.6378969932625047 0.0421875 0.03618293969514959
9 0.12734375 0.6528861890077786 0.05 0.04716589149054773
9 0.02578125 0.69921875 0.0515625 0.0546875
8 0.3796875 0.7246667819991369 0.1140625 0.14285109621281222
8 0.09765625 0.9296875 0.1953125 0.140625
9 0.2359375 0.49336171896381203 0.0265625 0.025154536104353475
9 0.21640625 0.49637308947531683 0.0234375 0.025136355386194253
9 0.17734375 0.49848958049832637 0.0125 0.02194772287263689
9 0.1921875 0.49857593890958274 0.03125 0.026744307181592396
8 0.70859375 0.69140625 0.3171875 0.4453125
8 0.98203125 0.74375 0.0359375 0.38125
9 0.56484375 0.8233799753085238 0.059375 0.0800329336450254