4 0.3234375 0.09375 0.146875 0.1875
5 0.34375 0.2234375 0.278125 0.446875
5 0.403125 0.34609375 0.371875 0.2859375
3 0.57421875 0.359375 0.0296875 0.10625
1 0.7421875 0.1375 0.30625 0.275
4 0.79453125 0.4390625 0.4109375 0.1
5 0.79453125 0.24453125 0.4109375 0.4890625
3 0.39850009075186305 0.5345910850945224 0.017378397540672098 0.03291249394987581
7 0.20546875 0.646875 0.1328125 0.315625
7 0.4328125 0.64609375 0.128125 0.3140625
5 0.21796875 0.74453125 0.1671875 0.5109375
5 0.43359375 0.74453125 0.1640625 0.5109375
3 0.59765625 0.58203125 0.0171875 0.0234375
3 0.6321660427436528 0.5751444039835796 0.023564765027114732 0.022011355386194253
3 0.6929490066392994 0.6013523799794745 0.023573855386194255 0.023573855386194255
3 0.7111995577707676 0.552810340850059 0.01886817466803503 0.020421584308955333
3 0.7477910427436528 0.5744717174116879 0.02199317466803503 0.020439765027114733
3 0.801247840850059 0.5171313952029809 0.025127265027114466 0.022020445745273776
3 0.7969325246914762 0.58746662110068 0.023564765027114732 0.022011355386194253
3 0.8754256842342005 0.5237308531466991 0.021993174668035208 0.020439765027114552
3 0.8648694584346975 0.5925399404807166 0.025136355386194253 0.023582945745273774
3 0.9111541059753694 0.5594592748878678 0.023564765027114732 0.022011355386194253
3 0.9875 0.515625 0.025 0.025
3 0.947718319871016 0.5858081514494968 0.026717036104353654 0.026717036104353477
0 0.946464892079723 0.5326922418085764 0.04243293969514959 0.04243293969514959
0 0.9106092053114395 0.5188388200674077 0.03617384933607006 0.04083407825883114
0 0.87578125 0.496875 0.0328125 0.015625
0 0.8651376240275461 0.5464461904807166 0.039298849336070064 0.04085225897699054
0 0.7948251240275462 0.5468552566392993 0.039307939695149584 0.04241475897699036
0 0.7495808017206433 0.5354001270526083 0.037727258976990544 0.03928066861791084
0 0.7051859071068376 0.5122217022863774 0.03615566861791084 0.037709078258831144
0 0.6877484222321482 0.5552904462362532 0.040879530054229285 0.04398634933607006
0 0.6316529583365016 0.5290551991631194 0.040852258976990366 0.039298849336070064
0 0.60078125 0.534375 0.0234375 0.046875
7 0.98125 0.5609375 0.0375 0.065625
7 0.9484375 0.67265625 0.103125 0.1796875
7 0.863574603146699 0.6808257356602564 0.08371244554888194 0.15516928903121965
7 0.9078427536142373 0.5915087056060271 0.04725679508134384 0.06589771077238851
7 0.8650149041799713 0.5675399404807167 0.06751475292686634 0.05664088544042354
7 0.8032825186413518 0.5702427596643614 0.08021474082661788 0.0910886083130606
7 0.7916632417103807 0.6874938921779188 0.07910675878059878 0.1692045179539809
7 0.7378388049420972 0.6737450095661657 0.055578355189802586 0.15344316256778665
7 0.7164455939733169 0.5910597745932803 0.029914758976990363 0.0392352168225127
7 0.6932211965308408 0.6888478347999347 0.09470448770335978 0.16460792154477702
7 0.631902422330344 0.6204569039835797 0.05516928903121965 0.08313066256778665
7 0.62109375 0.67265625 0.0640625 0.1671875
5 0.97734375 0.6875 0.0453125 0.396875
5 0.946875 0.75078125 0.10625 0.4890625
5 0.9133882507855668 0.7125660941697086 0.0790714391059744 0.4316954275949012
5 0.8828125 0.6875 0.059375 0.396875
5 0.8694019014494968 0.7534456242239379 0.11356461377400962 0.45220791549465283
5 0.80625 0.68671875 0.103125 0.3953125
5 0.7967592869881163 0.7515245759211402 0.09327029449216866 0.4552147408266177
5 0.7523462116561512 0.7314711511549093 0.0790714391059744 0.4316954275949013
5 0.715777452580965 0.7059035245932803 0.06966007766965596 0.42539088544042347
5 0.6998161092950191 0.7638069281840765 0.11675324628756681 0.46316359621281206
5 0.6438842718628057 0.7094466811109428 0.07894417407885986 0.4098204275949012
5 0.63125 0.75390625 0.084375 0.4921875