2 0.178125 0.07734375 0.35625 0.1546875
5 0.209375 0.1046875 0.41875 0.209375
8 0.76328125 0.0609375 0.3921875 0.121875
0 0.0671875 0.4 0.134375 0.134375
0 0.215625 0.49495044827935664 0.165625 0.18533857806243947
0 0.15859375 0.5782124001729507 0.18125 0.14167948165323557
0 0.2296875 0.7528447615110732 0.1828125 0.20262607201231536
0 0.22734375 0.9109375 0.2109375 0.178125
4 0.3703125 0.4515625 0.096875 0.1625
4 0.38984375 0.27109375 0.0578125 0.1234375
5 0.3625 0.29609375 0.1125 0.1734375
5 0.34296875 0.46171875 0.1515625 0.2234375
5 0.15234375 0.259375 0.1796875 0.1
5 0.134375 0.3772902496072165 0.178125 0.21822380093507646
4 0.12421875 0.40379366227319907 0.1359375 0.14297836123992677
2 0.10859375 0.31073400868240286 0.08125 0.04578519867214013
4 0.15390625 0.2546875 0.1609375 0.090625
0 0.0859375 0.2421875 0.15625 0.065625
5 0.09765625 0.2390625 0.1703125 0.059375
5 0.02734375 0.2421875 0.0546875 0.065625
4 0.015625 0.2203125 0.03125 0.021875
0 0.26484375 0.2328125 0.1390625 0.046875
2 0.08359375 0.806682312937129 0.11875 0.13037836729005087
3 0.13359375 0.8468169544276767 0.0328125 0.04394089754067174
4 0.05859375 0.9328125 0.1171875 0.134375
4 0.3828125 0.81875 0.071875 0.23125
3 0.3890625 0.7248657281371942 0.0421875 0.047120439695149764
5 0.21640625 0.5504237434588964 0.2390625 0.30920332493918146
0 0.08359375 0.4625 0.1671875 0.265625
0 0.03671875 0.578125 0.0734375 0.2625
4 0.05703125 0.53515625 0.1140625 0.1296875
4 0.26171875 0.5702186138722054 0.0875 0.15363406010845856
4 0.084375 0.715625 0.16875 0.19375
5 0.3390625 0.771875 0.159375 0.3625
5 0.08515625 0.8640625 0.1703125 0.271875
5 0.2296875 0.7520635115110732 0.18125 0.2057419816532356
5 0.12421875 0.6640625 0.2484375 0.34375
0 0.6484375 0.3327418606507515 0.1890625 0.19172493344863367
2 0.7703125 0.5936071586589617 0.0109375 0.009438632513557366
2 0.82265625 0.589224185688129 0.0125 0.012572722872636888
2 0.83203125 0.6033412278426067 0.009375 0.009429542154477666
4 0.76328125 0.6302850020431034 0.0234375 0.03607385538619425
4 0.8109375 0.6219685079950319 0.0171875 0.03291249394987581
4 0.82890625 0.6361355471244474 0.025 0.03452044574527378
5 0.82421875 0.6587645260472085 0.046875 0.12683521077238852
5 0.81484375 0.6133974838927309 0.0296875 0.0642352168225127
5 0.78671875 0.6210463574292977 0.0359375 0.07520907825883114
4 0.784375 0.6210327218906783 0.0265625 0.040779536104353475
4 0.76171875 0.6412134116840239 0.040625 0.11117384933607007
7 0.61171875 0.7375 0.3765625 0.525
3 0.621875 0.493524824546398 0.10625 0.10218064441741408
5 0.63203125 0.6046875 0.4265625 0.790625