4 0.24921875 0.03984375 0.2609375 0.0796875
5 0.2296875 0.24375 0.459375 0.4875
8 0.65234375 0.14921875 0.3859375 0.2984375
5 0.603125 0.059375 0.06875 0.11875
8 0.2296875 0.68828125 0.459375 0.3984375
0 0.4296875 0.928125 0.059375 0.040625
0 0.38203125 0.9179481076256895 0.0515625 0.03311248184962743
3 0.38125 0.9421623124461498 0.0359375 0.015834078258831142
3 0.42421875 0.9564747973208391 0.0265625 0.017342036104353652
7 0.384375 0.975 0.09375 0.05
5 0.35390625 0.94765625 0.2046875 0.1046875
0 0.41796875 0.7775321858845207 0.009375 0.004742042154477666
7 0.41953125 0.7869162762436003 0.0171875 0.01416249394987581
5 0.42265625 0.7900594569617596 0.025 0.03452044574527378
0 0.4171875 0.8040901407049809 0.009375 0.004742042154477844
7 0.4234375 0.8135015021412993 0.0171875 0.01572499394987581
5 0.42109375 0.8173941166026799 0.025 0.03608294574527378