4 0.05390625 0.4796875 0.1078125 0.378125
3 0.0203125 0.2515625 0.040625 0.0625
2 0.028125 0.15703125 0.05625 0.0734375
5 0.08125 0.3875 0.1625 0.5625
8 0.6796875 0.334375 0.640625 0.66875
3 0.30267658986810025 0.7145117740690423 0.08149543969514958 0.04313292934436301
3 0.02734375 0.7109375 0.0546875 0.034375
7 0.0640625 0.86640625 0.128125 0.2671875
7 0.2484375 0.86484375 0.221875 0.2703125
5 0.08046875 0.834375 0.1609375 0.33125
5 0.21171875 0.834375 0.2953125 0.33125
8 0.6765625 0.834375 0.634375 0.33125