7 0.72578125 0.07421875 0.1109375 0.1484375
5 0.97265625 0.05859375 0.0546875 0.1171875
5 0.95546875 0.0625 0.0890625 0.125
5 0.8828125 0.0625 0.090625 0.125
5 0.84296875 0.04375 0.0734375 0.0875
5 0.80859375 0.0296875 0.0546875 0.059375
5 0.7640625 0.10546875 0.109375 0.2109375
5 0.66953125 0.065625 0.1078125 0.13125
5 0.571875 0.109375 0.125 0.21875
5 0.71796875 0.175 0.1515625 0.35
0 0.2546875 0.4578125 0.428125 0.215625
3 0.2796875 0.684375 0.378125 0.30625
7 0.234375 0.853125 0.46875 0.29375
5 0.234375 0.675 0.46875 0.65
8 0.84921875 0.53046875 0.3015625 0.3609375