4 0.05078125 0.35859375 0.1015625 0.1921875
4 0.2046581453993726 0.35405662675045074 0.1262271984757483 0.2123920066836355
2 0.058156371002484164 0.15390099073040614 0.0770079275949012 0.07745338534372674
3 0.05526719945770706 0.24762371873008798 0.05341589149054773 0.05061816534054504
3 0.25769276268942354 0.2359157014242231 0.03778180113146803 0.04887385200509069
5 0.3359375 0.3796875 0.146875 0.4875
5 0.21484375 0.41484375 0.2015625 0.5078125
5 0.08359375 0.38359375 0.1671875 0.5703125
1 0.2046875 0.9453125 0.409375 0.109375
2 0.2046875 0.75546875 0.409375 0.1734375
5 0.2046875 0.834375 0.409375 0.33125