9 0.259375 0.28984375 0.51875 0.5796875
0 0.40390625 0.60859375 0.2296875 0.0578125
2 0.08046875 0.7109375 0.1609375 0.08125
9 0.259375 0.78984375 0.51875 0.4203125
3 0.01640625 0.5953125 0.0328125 0.03125
3 0.440625 0.66015625 0.15625 0.0953125
3 0.09672571793445757 0.8107532311622563 0.11962270401018138 0.07569086729005088
4 0.16796875 0.89609375 0.3359375 0.2078125
4 0.44453125 0.83125 0.1484375 0.3375
4 0.04609375 0.6546875 0.0921875 0.15
5 0.0734375 0.65703125 0.146875 0.1546875
5 0.39765625 0.78984375 0.2421875 0.4203125
5 0.221875 0.8171875 0.44375 0.365625
1 0.7796875 0.865625 0.440625 0.26875
0 0.7737262119669106 0.7402271077238853 0.4300885840229081 0.1712407583878152
5 0.759375 0.79609375 0.48125 0.4078125