4 0.31484375 0.10390625 0.2046875 0.1703125
2 0.0953125 0.1203125 0.190625 0.1375
5 0.37734375 0.09453125 0.7546875 0.1890625
5 0.85078125 0.09453125 0.1828125 0.1890625
1 0.353125 0.5618203065924172 0.5609375 0.38138843890958274
0 0.34375 0.3555157644379395 0.4609375 0.15580665592848725
4 0.3796875 0.83125 0.759375 0.3375
5 0.3796875 0.6125 0.759375 0.775
6 0.8796875 0.59453125 0.240625 0.8109375
4 0.97890625 0.90703125 0.0421875 0.1859375
3 0.9375 0.7142095083878152 0.1203125 0.15851245764913066
2 0.8953125 0.3796875 0.209375 0.203125
5 0.88828125 0.6234375 0.2234375 0.753125