3 0.14453125 0.18359375 0.2890625 0.2515625
4 0.2640625 0.171875 0.528125 0.275
5 0.26953125 0.1546875 0.5390625 0.309375
8 0.6551838694302683 0.11181822306902864 0.10643290802036276 0.15060905405833439
8 0.7665299020925866 0.07913701239483598 0.12331132535009007 0.12414654800821019
5 0.6406941080919504 0.07518128630074523 0.017442038669636162 0.021974993949875808
9 0.6133776300922685 0.07768411758463856 0.02861589600572696 0.04235112646343318
8 0.7953125 0.1078125 0.409375 0.215625
8 0.2359375 0.684375 0.471875 0.590625
8 0.15859375 0.7984375 0.3171875 0.403125
8 0.76953125 0.675 0.4609375 0.546875