4 0.09453125 0.4609375 0.1890625 0.35625
5 0.09453125 0.31953125 0.1890625 0.6390625
8 0.59453125 0.31953125 0.8109375 0.6390625
8 0.53046875 0.10703125 0.5359375 0.2140625
7 0.3243799148072818 0.20903700330204691 0.025381795081343927 0.06591590133672706
4 0.3806390051663614 0.20994497529441086 0.009611349336070062 0.04073408800127272
5 0.40334070696175955 0.21749384595800195 0.06649767447164331 0.15076361600890867
1 0.09453125 0.88125 0.1890625 0.2375
5 0.09453125 0.81953125 0.1890625 0.3609375
4 0.6671875 0.9546875 0.2875 0.090625
5 0.59453125 0.81953125 0.8109375 0.3609375