5 0.26953125 0.16953125 0.5390625 0.3390625
5 0.66015625 0.16953125 0.2421875 0.3390625
1 0.325 0.5390625 0.428125 0.31875
2 0.31640625 0.36953125 0.4453125 0.0609375
4 0.26953125 0.80234375 0.5390625 0.3953125
5 0.26953125 0.66953125 0.5390625 0.6609375
0 0.95625 0.521875 0.0875 0.103125
0 0.9308762535160413 0.6046875 0.040870439695149585 0.0421875
0 0.8753075095661658 0.621875 0.04402271077238851 0.046875
0 0.7306217234618122 0.6484375 0.04401362041330899 0.0453125
0 0.7109404825369985 0.67421875 0.02837043969514976 0.0421875
3 0.7147331030485032 0.69375 0.012590903590796287 0.015625
3 0.7437484373574585 0.675 0.01259999394987581 0.0171875
3 0.8844961572050334 0.65390625 0.01887726502711473 0.021875
3 0.9765625 0.61015625 0.046875 0.0546875
3 0.6857768560735653 0.70234375 0.014144313231716587 0.0140625
5 0.7306348381195844 0.78046875 0.0655078670936593 0.2484375
5 0.7547399586310892 0.8 0.10982146935659562 0.3453125
5 0.6977177989901688 0.7984375 0.11424534894328656 0.3
0 0.6875120728960781 0.67265625 0.040897710772388504 0.046875
5 0.8908229043763631 0.775 0.12238510187015272 0.35625
5 0.93046875 0.7703125 0.1390625 0.371875
5 0.925 0.73046875 0.15 0.5390625
7 0.6800353953011767 0.74921875 0.0615647347764936 0.1078125
7 0.7433666422761147 0.740625 0.074246541958086 0.1390625
7 0.8833331121236896 0.71953125 0.07108518052176756 0.1328125
7 0.93671875 0.79609375 0.1265625 0.4015625
7 0.9249802566392994 0.678125 0.07710792154477701 0.09375