4 0.06796875 0.42109375 0.1359375 0.1578125
4 0.22109375 0.43125 0.1453125 0.1375
4 0.40625 0.44453125 0.125 0.1109375
4 0.5640625 0.44375 0.14375 0.1125
2 0.43708989207972293 0.2870930173648057 0.08329428903121965 0.08329428903121974
3 0.09028761495235989 0.2725749576491306 0.051844301131468117 0.04873748184962743
3 0.42561151571448563 0.37999813485124834 0.056568162567786476 0.05501475292686635
3 0.6287092446372469 0.38586738153159866 0.04092498184962743 0.05179884933607006
5 0.5671875 0.40078125 0.24375 0.1984375
5 0.36640625 0.359375 0.3640625 0.28125
5 0.16640625 0.40625 0.3078125 0.1875
5 0.0875 0.36171875 0.175 0.2765625
1 0.83125 0.38125 0.284375 0.2375
2 0.84453125 0.13125 0.3109375 0.2625
5 0.84453125 0.25 0.3109375 0.5
4 0.33828125 0.91640625 0.6765625 0.1671875
5 0.34453125 0.75 0.6890625 0.5
3 0.17734375 0.76796875 0.3546875 0.3671875
8 0.934375 0.66015625 0.13125 0.3203125