4 0.03671875 0.165625 0.0734375 0.215625
4 0.1601719690620079 0.14140625 0.14025333703942994 0.2046875
4 0.3436293636758137 0.11796875 0.11987720452587247 0.19375
4 0.4484375 0.09609375 0.040625 0.1921875
3 0.3328125 0.01640625 0.053125 0.0328125
5 0.43828125 0.2140625 0.0609375 0.428125
5 0.30390625 0.22109375 0.3296875 0.4421875
5 0.14140625 0.234375 0.2828125 0.46875
5 0.0578125 0.228125 0.115625 0.45625
7 0.7858663397699044 0.2125 0.17850783684303817 0.334375
3 0.7523084303253758 0.084375 0.04250566256778665 0.0546875
0 0.7296875 0.0296875 0.103125 0.059375
5 0.8046875 0.234375 0.359375 0.46875
1 0.23515625 0.5625 0.4671875 0.1875
4 0.234375 0.8171875 0.46875 0.365625
5 0.234375 0.734375 0.46875 0.53125
0 0.6593265656676035 0.83203125 0.05506929508134402 0.065625
0 0.7601532674630016 0.83984375 0.06127384328594587 0.0578125
3 0.6612572252103279 0.8953125 0.026698855386194254 0.0234375
3 0.7674935896717086 0.89296875 0.02674430718159222 0.03125
7 0.803125 0.946875 0.128125 0.10625
7 0.6625 0.94765625 0.146875 0.1046875
5 0.66875 0.8984375 0.1875 0.203125
5 0.80078125 0.90078125 0.1765625 0.1984375