6 0.175 0.234375 0.35 0.46875
3 0.0328125 0.25546875 0.065625 0.1578125
5 0.175 0.234375 0.35 0.46875
7 0.81171875 0.1015625 0.1765625 0.203125
5 0.79375 0.18046875 0.23125 0.3609375
5 0.2046875 0.57109375 0.18125 0.2046875
1 0.4359375 0.9484375 0.171875 0.103125
4 0.80234375 0.87109375 0.3953125 0.2578125
1 0.7839265898681003 0.7534321314334028 0.07516362646343318 0.02856133723582168
5 0.79609375 0.86484375 0.4078125 0.2703125
5 0.58125 0.86328125 0.4625 0.2734375
2 0.49765625 0.8 0.2953125 0.128125