6 0.15703125 0.309375 0.3140625 0.61875
4 0.3375 0.575 0.24375 0.0875
3 0.302254787184508 0.44799467680933436 0.13524767447164338 0.15078177088084707
2 0.29485694028432485 0.10809638465485664 0.18249537919390768 0.21511698165323567
5 0.2296875 0.3109375 0.459375 0.615625
8 0.7296875 0.309375 0.540625 0.61875
8 0.97421875 0.15390625 0.0515625 0.1234375
8 0.98125 0.2015625 0.0375 0.21875
1 0.2890625 0.64296875 0.096875 0.0484375
0 0.0828125 0.75390625 0.165625 0.2703125
7 0.15390625 0.84140625 0.3078125 0.2765625
7 0.36640625 0.809375 0.1859375 0.38125
5 0.30390625 0.809375 0.3109375 0.38125
5 0.15703125 0.809375 0.3140625 0.38125
1 0.08255082036199526 0.8982799813586482 0.06746930113146812 0.04882838544042371
1 0.6205240399149825 0.787628827669656 0.28437604176169434 0.2703953549934107
4 0.68671875 0.9453125 0.4546875 0.109375
5 0.7296875 0.809375 0.540625 0.38125