3 0.021875 0.41015625 0.04375 0.1171875
2 0.06875 0.11171875 0.1375 0.2234375
5 0.1390625 0.234375 0.278125 0.46875
4 0.3953125 0.240625 0.03125 0.21875
4 0.4328125 0.2328125 0.10625 0.175
4 0.52890625 0.2921875 0.1453125 0.2109375
4 0.74375 0.315625 0.20625 0.30625
4 0.9359375 0.33671875 0.128125 0.2640625
5 0.53125 0.2640625 0.1734375 0.296875
5 0.9078125 0.26953125 0.184375 0.3984375
5 0.7546875 0.2375 0.31875 0.4625
1 0.8484375 0.2140625 0.078125 0.0875
1 0.3828125 0.12578125 0.00625 0.0515625
1 0.4078125 0.14140625 0.0421875 0.0421875
1 0.45859375 0.146875 0.04375 0.040625
1 0.5578125 0.19296875 0.0453125 0.0453125
2 0.5828125 0.14296875 0.0453125 0.03125
2 0.47109375 0.09140625 0.0515625 0.0328125
2 0.4171875 0.0828125 0.05 0.03125
4 0.53203125 0.52890625 0.2015625 0.1203125
4 0.8671875 0.6328125 0.1890625 0.2953125
3 0.87734375 0.48828125 0.0578125 0.0390625
5 0.803125 0.734375 0.39375 0.53125
5 0.5734375 0.734375 0.3875 0.53125