6 0.43125 0.52734375 0.284375 0.4640625
6 0.26875 0.3796875 0.353125 0.759375
1 0.7640625 0.43359375 0.26875 0.3359375
2 0.8078125 0.18046875 0.35625 0.2140625
4 0.81484375 0.6375 0.3703125 0.24375
5 0.81484375 0.40234375 0.3703125 0.7140625
8 0.4875 0.8796875 0.284375 0.240625
8 0.7265625 0.8796875 0.19375 0.240625
0 0.6921875 0.9127433561717613 0.0453125 0.04401362041330899
0 0.7328125 0.9078195068356912 0.0328125 0.0361283975406721
0 0.7734375 0.8818019074996212 0.0453125 0.04713862041330898
0 0.875 0.9194922841594458 0.0296875 0.034547716822512696
0 0.8984375 0.8849809287732515 0.0328125 0.0361283975406721
0 0.93828125 0.9613116246167215 0.034375 0.02832498789975162
3 0.78203125 0.919251910524683 0.0125 0.014135222872636887
3 0.725 0.9383337086310892 0.01875 0.020421584308955333
3 0.69609375 0.9549081302740621 0.0203125 0.021993174668035208
7 0.66171875 0.96796875 0.0640625 0.0640625
7 0.715625 0.96796875 0.05625 0.0640625
7 0.7640625 0.96171875 0.075 0.0765625
7 0.88203125 0.96328125 0.0703125 0.0734375
5 0.9265625 0.97109375 0.075 0.0578125
5 0.8828125 0.93046875 0.125 0.1390625
5 0.84765625 0.94921875 0.0953125 0.1015625
5 0.759375 0.92734375 0.115625 0.1453125
5 0.70625 0.94140625 0.084375 0.1171875
5 0.6734375 0.94296875 0.0875 0.1140625