9 0.16328125 0.2046875 0.1734375 0.409375
7 0.20485216822512733 0.0765625 0.028488614363184794 0.0625
0 0.2022266170936593 0.028125 0.01731476502711473 0.021875
5 0.20653284289316237 0.096875 0.05254425878059869 0.16875
0 0.5182213392789251 0.17421875 0.03146816861791084 0.0375
0 0.8074833062978296 0.07421875 0.04715680113146803 0.0484375
2 0.9038224959929793 0.11640625 0.03460225897699054 0.0390625
4 0.9183531494855796 0.196875 0.06627041549465282 0.1109375
7 0.8362446314334029 0.18359375 0.06492608411256384 0.1484375
4 0.5404781343602691 0.23984375 0.06304542154477702 0.09375
5 0.9232997247193488 0.24140625 0.11267375858420721 0.2984375
5 0.8328125 0.228125 0.121875 0.3625
5 0.54609375 0.2796875 0.0984375 0.259375
5 0.3953125 0.2046875 0.21875 0.409375
5 0.31484375 0.2046875 0.1296875 0.409375
4 0.28515625 0.15234375 0.0703125 0.3046875
4 0.3765625 0.10625 0.121875 0.2125
4 0.1625 0.875 0.175 0.25
3 0.20546875 0.7234375 0.0890625 0.078125
2 0.16466298458010192 0.5625 0.15228063836728972 0.1234375
5 0.125 0.74140625 0.25 0.5171875
5 0.403125 0.47421875 0.153125 0.1296875