8 0.28046875 0.2796875 0.4578125 0.559375
7 0.3625 0.3746208093228917 0.021875 0.03606476502711473
4 0.45703125 0.17126452604720854 0.021875 0.03606476502711464
0 0.45390625 0.14077759532904932 0.015625 0.0235284035907962
5 0.4375 0.028125 0.040625 0.05625
5 0.4578125 0.18298782122674834 0.0453125 0.1158886204133089
5 0.36484375 0.3668219448615111 0.0328125 0.05644089754067192
1 0.725 0.33359375 0.43125 0.2671875
2 0.70703125 0.078125 0.3953125 0.15625
4 0.7546875 0.490625 0.490625 0.1375
5 0.7546875 0.2796875 0.490625 0.559375
8 0.2546875 0.7796875 0.509375 0.440625
7 0.3109375 0.927472577669656 0.025 0.054832945745273774
5 0.30234375 0.9328125 0.0546875 0.134375