8 0.24765625 0.334375 0.3421875 0.66875
7 0.409375 0.28359375 0.01875 0.0390625
5 0.40859375 0.2765625 0.0203125 0.059375
8 0.709375 0.334375 0.58125 0.66875
8 0.209375 0.834375 0.41875 0.33125
7 0.92265625 0.72734375 0.1546875 0.1171875
7 0.490625 0.971875 0.14375 0.05625
3 0.5371032947167249 0.9594466306492734 0.06128294533736352 0.030396572008272216
0 0.5326243327100435 0.910273333983137 0.12892497867599956 0.0702408693507266
5 0.62734375 0.9328125 0.4171875 0.134375
5 0.87109375 0.834375 0.2578125 0.33125