8 0.25390625 0.26953125 0.4296875 0.5390625
7 0.31882972970832807 0.10797284794718429 0.02208407825883123 0.03619203866963616
7 0.10419505796715926 0.07453528130968294 0.022111349336070063 0.04087953866963616
0 0.09661890730322933 0.03400118797741012 0.01418067466803503 0.020476132001908988
5 0.10480359114464655 0.10421369064291017 0.041543126267041416 0.1582852146721816
5 0.31574109114464655 0.1017592106142751 0.031586343285945874 0.05817612667090888
8 0.7357228347999347 0.20795192990136818 0.2103385780624393 0.16806129869508962
9 0.5587830848981306 0.27485017059200345 0.0658068071815924 0.03201361600890866
6 0.4789819554096354 0.2953086686028211 0.007903403590796287 0.015715906667727174
8 0.35703125 0.85859375 0.2234375 0.2828125
8 0.20635700078556693 0.9542104065881855 0.0595568071815924 0.03194089067472703
3 0.92734375 0.5515625 0.1046875 0.025
4 0.87109375 0.77890625 0.2578125 0.4421875
4 0.640625 0.76953125 0.34375 0.4609375
5 0.64140625 0.76953125 0.3453125 0.4609375
5 0.85078125 0.76953125 0.2984375 0.4609375