3 0.2735855501495095 0.3216502026791609 0.07079428903121965 0.08322156615858275
2 0.26872481244614965 0.1576104285768599 0.09585792154477701 0.09430451190385672
5 0.275 0.2 0.55 0.4
1 0.775 0.07265625 0.45 0.1453125
4 0.775 0.225 0.45 0.35
5 0.775 0.2 0.45 0.4
3 0.2343805869412341 0.509246172330344 0.007885222872636887 0.012545451795398144
0 0.22646354781181852 0.4913228741257421 0.023628397540672096 0.032948855386194256
4 0.22679534591822445 0.5483541241257421 0.026953385440423715 0.06734203610435348
5 0.24267487597245382 0.5920132205349459 0.07324764422102223 0.23635565651766247
0 0.74375 0.41328125 0.08125 0.0265625
0 0.62578125 0.40546875 0.0359375 0.0109375
0 0.69296875 0.40703125 0.0453125 0.0140625
1 0.6229572736113216 0.41740008167667675 0.01726931323171659 0.01416249394987581
3 0.6925339754067197 0.42480806069763377 0.014144313231716587 0.014144313231716587
3 0.7660669241770557 0.4407870638208918 0.040770445745273956 0.025236349336070062
3 0.99375 0.4171875 0.0125 0.025
7 0.9796875 0.5015625 0.040625 0.178125
7 0.7432066619786115 0.540142169207086 0.16987720452587246 0.1947317587805987
7 0.6387277193565956 0.44230917808588066 0.048810204722264314 0.06434430113146802
4 0.6699186320225781 0.43197112090428824 0.023646578258831142 0.03607385538619425
4 0.6919708940246305 0.4623126058771736 0.06761474687674199 0.07382838544042354
5 0.63046875 0.484375 0.0953125 0.16875
5 0.6796875 0.48203125 0.06875 0.1640625
5 0.68984375 0.43515625 0.0578125 0.0703125
5 0.74375 0.63359375 0.23125 0.4671875
5 0.97265625 0.5890625 0.0546875 0.378125