6 0.2421875 0.284375 0.484375 0.56875
2 0.38157114510478507 0.28828125 0.21523515632127072 0.2015625
5 0.375 0.36953125 0.35 0.3984375
8 0.8546875 0.29375 0.290625 0.55
0 0.8302121364223822 0.5140625 0.048710210772388504 0.046875
0 0.7881064496540988 0.5 0.03460225897699054 0.0390625
0 0.7531547327333902 0.46484375 0.04872839149054773 0.05
0 0.6389922387835144 0.48203125 0.03146816861791084 0.0375
0 0.6228268832991242 0.440625 0.03459316861791084 0.0375
0 0.565625 0.51171875 0.03125 0.0296875
3 0.735758154474559 0.50078125 0.01415340359079611 0.015625
3 0.7902502117543472 0.534375 0.020430674668034943 0.0203125
3 0.8166809015476927 0.55703125 0.022011355386194253 0.0234375
7 0.7859375 0.55078125 0.059375 0.0359375
7 0.7375 0.53828125 0.08125 0.0609375
7 0.6109375 0.52734375 0.075 0.0828125
5 0.60625 0.4921875 0.1125 0.153125
5 0.63125 0.515625 0.103125 0.10625
5 0.72578125 0.50234375 0.1265625 0.1328125
5 0.778125 0.52265625 0.090625 0.0921875
5 0.2046875 0.67578125 0.409375 0.2140625
5 0.775 0.784375 0.45 0.43125
4 0.8203125 0.84921875 0.359375 0.3015625
1 0.86640625 0.65 0.2234375 0.1625