3 0.33312909992524525 0.3498066408031767 0.07391928903121965 0.08323974687674207
2 0.30194779849918946 0.20352653844204455 0.15856699980360817 0.13060562626704142
5 0.21015625 0.34375 0.4203125 0.415625
9 0.371875 0.3 0.74375 0.6
6 0.7160047115579555 0.4754758239572229 0.04501355991206708 0.2174420300542293
9 0.7109375 0.23984375 0.115625 0.2484375
1 0.94609375 0.41796875 0.1078125 0.2671875
2 0.9296875 0.16640625 0.140625 0.1859375
5 0.884375 0.32578125 0.23125 0.5484375
8 0.8734375 0.6703125 0.209375 0.140625
8 0.884375 0.78359375 0.23125 0.3671875