6 0.07109375 0.4640625 0.1390625 0.3171875
9 0.278125 0.33984375 0.321875 0.6796875
6 0.16796875 0.41484375 0.05 0.2
9 0.06328125 0.13203125 0.0734375 0.134375
9 0.13515625 0.1984375 0.209375 0.2390625
0 0.94140625 0.23203125 0.1171875 0.1171875
0 0.47734375 0.20390625 0.0765625 0.1265625
0 0.825 0.125 0.1203125 0.075
2 0.74921875 0.32421875 0.175 0.0671875
9 0.56328125 0.0140625 0.2203125 0.028125
9 0.68359375 0.35078125 0.4890625 0.6578125
3 0.8234375 0.1921875 0.0828125 0.0421875
3 0.96171875 0.321875 0.0765625 0.071875
3 0.734375 0.42578125 0.11875 0.065625
4 0.9234375 0.609375 0.153125 0.140625
4 0.69140625 0.55234375 0.3578125 0.2546875
7 0.91796875 0.44140625 0.1640625 0.2703125
4 0.825 0.25 0.1890625 0.159375
5 0.8078125 0.20625 0.2640625 0.2546875
5 0.48125 0.409375 0.084375 0.540625
5 0.6765625 0.47421875 0.475 0.4109375
5 0.878125 0.53046875 0.24375 0.2984375
5 0.8890625 0.38515625 0.221875 0.4453125
6 0.1453125 0.9171875 0.290625 0.165625
3 0.08203125 0.98125 0.0609375 0.0375
2 0.10703125 0.83203125 0.1 0.0890625
5 0.15234375 0.88671875 0.3046875 0.2265625
5 0.48359375 0.81796875 0.0890625 0.2765625
5 0.45390625 0.790625 0.0296875 0.221875
5 0.6046875 0.83984375 0.33125 0.3203125
5 0.82578125 0.83984375 0.3484375 0.3203125
2 0.8359375 0.76796875 0.165625 0.1734375
2 0.603125 0.73984375 0.153125 0.1203125
4 0.4484375 0.7078125 0.01875 0.05625
4 0.496875 0.746875 0.0453125 0.115625
1 0.79296875 0.95703125 0.1609375 0.0859375
1 0.546875 0.92734375 0.13125 0.1453125