3 0.1390625 0.01875 0.075 0.0375
5 0.21796875 0.090625 0.3421875 0.18125
9 0.19453125 0.23984375 0.3890625 0.4796875
8 0.69453125 0.25859375 0.6109375 0.4421875
8 0.8203125 0.3328125 0.359375 0.29375
4 0.5296875 0.44140625 0.0875 0.0765625
2 0.53379672043675 0.35546875 0.028234084308955333 0.01875
3 0.5327563952029809 0.4 0.023573855386194255 0.0234375
5 0.53828125 0.41015625 0.1390625 0.1390625
5 0.29921875 0.559375 0.1796875 0.159375
5 0.65859375 0.73984375 0.5390625 0.5203125
1 0.5921875 0.87734375 0.2125 0.2453125
2 0.5734375 0.5546875 0.234375 0.15