6 0.04609375 0.1875 0.0921875 0.315625
9 0.32265625 0.1796875 0.5921875 0.359375
6 0.09883256325591265 0.1166567557555366 0.05854084802672603 0.19720225292686616
1 0.734375 0.19609375 0.23125 0.3265625
2 0.6984375 0.04453125 0.159375 0.0890625
5 0.809375 0.1796875 0.38125 0.359375
8 0.5609375 0.4953125 0.115625 0.15
8 0.309375 0.6796875 0.61875 0.640625
8 0.084375 0.78671875 0.16875 0.4265625
4 0.417002949952275 0.5957191045024315 0.028743165340545218 0.05328862646343317
2 0.4128972526257291 0.5456918334251927 0.01424431333545435 0.015706813231716587
5 0.41248817262095666 0.5808480834251927 0.043223836012090365 0.08930793969514976
8 0.23583476595322939 0.5876333728491958 0.1371192866804538 0.10235336123992678
8 0.98359375 0.81015625 0.0328125 0.1046875
8 0.9003223379217309 0.7910669241770558 0.05730451734563573 0.09095225292686634
9 0.6390625 0.85 0.040625 0.05625
9 0.9103155032622758 0.7379964663315335 0.026926126670908702 0.031404536104353474
9 0.8493234592616397 0.7423294423274284 0.0316136266709087 0.0314318071815924
9 0.8202535772597306 0.7562237706844555 0.02054885733609062 0.020430674668035033
9 0.7280478959261852 0.757249939498758 0.05506930800445424 0.033130662567786476
9 0.8098336979233217 0.7788209333504379 0.03481135200509078 0.03769998789975162