5 0.2328125 0.0609375 0.225 0.121875
0 0.56953125 0.01875 0.0796875 0.0375
0 0.7144603922761147 0.044479312249757895 0.04558521077238851 0.04713862041330898
3 0.5621030067374952 0.04593675223949525 0.031404536104353654 0.02674430718159222
3 0.734600175453602 0.07428498691779292 0.026717036104353477 0.026717036104353477
3 0.78125 0.01015625 0.05625 0.0203125
7 0.8743030248878678 0.09931732405541868 0.20557835518980241 0.15431583703942983
4 0.7617121212970718 0.11428781820168625 0.07696247579950324 0.0691954275949012
4 0.5663632598607532 0.119401523316734 0.12113063231716552 0.14132495764913067
5 0.81953125 0.128125 0.3609375 0.25625
5 0.7564206332991242 0.08378725194490758 0.11651585518980241 0.15379768657189175
5 0.60390625 0.18125 0.2515625 0.3625
8 0.17518881401728342 0.774611198082965 0.23732832493918146 0.24043514422102213
8 0.0421875 0.81171875 0.084375 0.3765625
8 0.71328125 0.71953125 0.4890625 0.5609375
7 0.5892467688377436 0.777944755460949 0.02678975897699054 0.039217036104353474
5 0.5846047206331417 0.7701049843837102 0.040997704722264314 0.06429884933607015