5 0.2265625 0.15859375 0.221875 0.3171875
3 0.2359375 0.009375 0.03125 0.01875
3 0.8174768288480063 0.15313162870292835 0.009429542154477843 0.009429542154477666
0 0.8207200035160416 0.13283730942108757 0.020448855386194252 0.023555674668035032
4 0.8017791059753694 0.16554072511213214 0.03619203005422937 0.04395907825883123
4 0.8710421903825207 0.21203899609117513 0.033185204722264314 0.06425339754067191
5 0.8765109403825206 0.21207081234795383 0.06950449980360815 0.13008747579950325
5 0.8055444554096354 0.18978220100983118 0.08053290339440444 0.1457761083130605
8 0.17421875 0.615625 0.3296875 0.071875
8 0.1109375 0.84140625 0.221875 0.3171875
5 0.66796875 0.78984375 0.0984375 0.4203125