2 0.2832962298065239 0.49699019213103657 0.10209883118569749 0.09277837334017516
5 0.3359375 0.49296875 0.396875 0.1328125
2 0.79140625 0.2421875 0.4171875 0.3625
1 0.80625 0.50390625 0.3875 0.1109375
5 0.76953125 0.29296875 0.4609375 0.5328125
5 0.47850471155795543 0.8346316135776177 0.09654878883482798 0.21305451190385663
5 0.33781607904439814 0.8447509812604522 0.11538060206654457 0.22722609621281223
4 0.4858132175098838 0.7870162701934761 0.033085210772388504 0.04706589754067192
4 0.320869473560008 0.8032447373105764 0.040988614363184794 0.06273634933607006
3 0.4757978680756178 0.7627384328594585 0.0063136325135573655 0.010973861436318445
3 0.32184162110067993 0.7704367824901162 0.006295451795397966 0.007848861436318444
0 0.3149240005891752 0.750864625874258 0.025154536104353475 0.026707945745273954
0 0.47825070238457335 0.744002068398078 0.023610216822512697 0.029823855386194253
3 0.5890625 0.578125 0.05 0.0375
4 0.59453125 0.7375 0.1109375 0.303125
7 0.76484375 0.7140625 0.1828125 0.309375
5 0.80078125 0.7796875 0.3234375 0.440625
5 0.6203125 0.7796875 0.1625 0.440625