6 0.1015625 0.346875 0.203125 0.365625
4 0.17578125 0.46640625 0.1203125 0.1265625
3 0.1253434928697213 0.33046875 0.06134656615858276 0.0703125
2 0.10482139373004298 0.16015625 0.09894656010845856 0.0875
5 0.140625 0.31875 0.28125 0.421875
6 0.4648867401392468 0.08515625 0.026835210772388506 0.046875
6 0.516916872751 0.03125 0.014198855386194253 0.0234375
6 0.5339952884420446 0.0125 0.00946590359079611 0.015625
6 0.54296875 0.00390625 0.0078125 0.0078125
6 0.7184884631100796 0.0328125 0.02051248789975162 0.034375
6 0.66875 0.0109375 0.0125 0.021875
6 0.65 0.00546875 0.009375 0.0109375
9 0.709375 0.26953125 0.58125 0.4265625
2 0.31730321301188374 0.75546875 0.08009656615858277 0.0703125
4 0.31796875 0.93359375 0.1390625 0.1328125
1 0.34440204419758114 0.84765625 0.025336343285945872 0.0578125
5 0.259375 0.8578125 0.259375 0.284375
5 0.709375 0.76484375 0.58125 0.4703125
4 0.71328125 0.9234375 0.3890625 0.153125
1 0.7015367915653025 0.753125 0.20297150565734084 0.2421875