4 0.74765625 0.09140625 0.1703125 0.1828125
2 0.9421875 0.1015625 0.115625 0.203125
3 0.8454149556060271 0.13391399609117513 0.04590337334017498 0.10182612041330899
5 0.75 0.15703125 0.5 0.3140625
1 0.30078125 0.46484375 0.1796875 0.1703125
4 0.22421875 0.78125 0.3546875 0.4375
5 0.25 0.68984375 0.5 0.6203125
7 0.8155501936039744 0.8063702581914235 0.1527987888348279 0.21338176483072288
0 0.6979177868899205 0.7478714360809124 0.06794199980360834 0.13007838544042355
3 0.7280729195016736 0.801954948082965 0.01894089754067192 0.03292158430895533
5 0.790625 0.83984375 0.2625 0.3203125