3 0.315625 0.428125 0.06875 0.021875
2 0.33984375 0.284375 0.0796875 0.1
5 0.2578125 0.32578125 0.24375 0.2265625
5 0.5765735311343838 0.17772204166349842 0.06149201190385671 0.0956670240041051
4 0.5703553473911624 0.17221693022717996 0.02521816861791084 0.03764544574527377
8 0.7484375 0.1203125 0.225 0.240625
8 0.68984375 0.21953125 0.6203125 0.4390625
5 0.19296875 0.71953125 0.3734375 0.5609375
4 0.2515625 0.78359375 0.25625 0.4328125
8 0.4359375 0.765625 0.1125 0.46875
8 0.68984375 0.75546875 0.6203125 0.4890625