6 0.225 0.28984375 0.409375 0.5796875
6 0.53125 0.23671875 0.203125 0.2453125
6 0.9501146712501896 0.12497637508869101 0.059765885440423716 0.06753293364502548
6 0.8985794423274284 0.12936389323906364 0.05506929508134384 0.06594316256778665
6 0.8227754664297293 0.1250167608237022 0.07712610226293606 0.0973204275949012
6 0.7798339875069681 0.12945427594901265 0.09122496369925485 0.1036522408266178
6 0.7361612555591449 0.14248099589478339 0.11942268657189174 0.11631586729005097
6 0.6707635145361353 0.18116170081343946 0.17753516842151917 0.16821471057599685
6 0.984375 0.1140625 0.03125 0.04375
1 0.54453125 0.7171875 0.2296875 0.25625
1 0.7859375 0.73359375 0.428125 0.2890625