5 0.125 0.16484375 0.25 0.3296875
3 0.04765625 0.30078125 0.0953125 0.0578125
2 0.05078125 0.0546875 0.1015625 0.109375
3 0.52578125 0.07845697593095773 0.0578125 0.031922709341181445
2 0.48984375 0.0328125 0.1171875 0.065625
4 0.6 0.06821836258754908 0.2203125 0.12287606802990772
5 0.575 0.16484375 0.29375 0.3296875
1 0.14375 0.60390625 0.2125 0.2921875
4 0.125 0.8578125 0.25 0.284375
5 0.125 0.66484375 0.25 0.6703125
8 0.70625 0.821875 0.2 0.35625
8 0.72265625 0.6636854039226854 0.2234375 0.2463499306969986
8 0.90625 0.58203125 0.1875 0.2515625
9 0.76171875 0.5069808705840493 0.0625 0.07103975334181775
9 0.5171875 0.38013874928391134 0.03125 0.031613626670908876
8 0.446875 0.50078125 0.39375 0.3421875