1 0.4640625 0.47578125 0.053125 0.0265625
1 0.52265625 0.009375 0.0703125 0.01875
1 0.8175344962875668 0.14539677488786787 0.06756929508134384 0.06601588544042354
1 0.5524685533709633 0.24303588593140288 0.05980224687674198 0.07378293364502539
1 0.85546875 0.46953125 0.0640625 0.0390625
1 0.97890625 0.20078125 0.0421875 0.0578125
2 0.9640625 0.1046875 0.071875 0.096875
2 0.8564025953290493 0.380334856269957 0.09741133118569749 0.09275110226293641
2 0.934375 0.45234375 0.1125 0.0734375
2 0.4046875 0.14296875 0.03125 0.0890625
2 0.4140625 0.459375 0.05 0.059375
2 0.4400554326630669 0.39291368696467516 0.053434072208706954 0.053434072208706954
2 0.5737208637740095 0.13587737090428825 0.10042724687674198 0.07401928298109546
2 0.8044890747427897 0.051719497760504794 0.08164088544042344 0.06766019867214013
4 0.57265625 0.03359375 0.1734375 0.0671875
4 0.95078125 0.0546875 0.0984375 0.109375
4 0.96015625 0.35859375 0.0796875 0.2609375
4 0.61484375 0.37890625 0.1578125 0.2203125
4 0.4328125 0.36640625 0.0875 0.2453125
5 0.57890625 0.05390625 0.2515625 0.1078125
5 0.4703125 0.2890625 0.1625 0.4
5 0.49609375 0.421875 0.1984375 0.134375
5 0.48984375 0.453125 0.2015625 0.071875
5 0.52890625 0.15390625 0.2515625 0.3078125
5 0.59375 0.2859375 0.278125 0.40625
5 0.834375 0.409375 0.184375 0.159375
5 0.7984375 0.25 0.25 0.478125
5 0.7828125 0.17578125 0.278125 0.3515625
5 0.93984375 0.08828125 0.1203125 0.1765625
5 0.9359375 0.26796875 0.128125 0.4421875
8 0.19453125 0.79296875 0.3890625 0.4140625
4 0.6665345567888089 0.7126479074014253 0.2302238311856975 0.09352378278470379
4 0.7421875 0.940625 0.209375 0.11875
0 0.7118839391059745 0.853013832167656 0.11750566256778665 0.05536927693097127
2 0.4907533067888089 0.7136705727978823 0.07375566256778665 0.055114746876741984
3 0.5393135266363838 0.734482521666414 0.03769089754067192 0.03303066861791084
5 0.6301748759724537 0.7745802808397962 0.35754083098930567 0.2239476018701529
5 0.721875 0.909375 0.3 0.18125