6 0.29244565591186766 0.2573519458943685 0.236686218730088 0.4698783373647258
3 0.06514626456082304 0.3904478985916853 0.07907042934436319 0.0821590666772721
2 0.0864683759150493 0.23631438192236728 0.10261701734563573 0.0918067866804538
4 0.0734375 0.5078125 0.146875 0.14375
5 0.19296875 0.3765625 0.3859375 0.40625
8 0.709375 0.28984375 0.58125 0.5796875
5 0.94140625 0.0890625 0.1171875 0.178125
7 0.585188781269912 0.23802397461809316 0.2183532947167249 0.3712408426957259
0 0.6453125 0.03515625 0.0875 0.0703125
5 0.640625 0.28984375 0.44375 0.5796875
6 0.1265625 0.72890625 0.253125 0.2984375
5 0.8636752185710044 0.878701329248913 0.0222386266709087 0.031504538669636165
7 0.8659826059039135 0.8817990572485949 0.01273635733609062 0.020457950668363624
8 0.84296875 0.8671875 0.2140625 0.265625
8 0.653125 0.6 0.075 0.040625
8 0.75390625 0.709375 0.4921875 0.259375