6 0.29140625 0.20703125 0.2359375 0.4140625
3 0.12460314948557957 0.38125 0.07859769867214013 0.08125
2 0.089337294295777 0.228125 0.10365224082661798 0.090625
4 0.1609375 0.521875 0.203125 0.19375
5 0.21953125 0.37734375 0.4390625 0.4828125
8 0.80078125 0.309375 0.3984375 0.61875
8 0.6217861799325923 0.3515625 0.25671465007475475 0.3484375
8 0.48203125 0.32578125 0.0859375 0.1078125
4 0.21953125 0.809375 0.4390625 0.38125
5 0.21953125 0.809375 0.4390625 0.38125
7 0.80703125 0.775 0.3859375 0.3125
5 0.71953125 0.809375 0.5609375 0.38125