4 0.21796875 0.33046875 0.2265625 0.0578125
3 0.2519866914385407 0.2653024479233217 0.08219542934436319 0.08219542934436319
2 0.28596969808240524 0.09691552725177655 0.12323860001590833 0.11860564401654479
5 0.21796875 0.1796875 0.4359375 0.359375
1 0.80546875 0.1796875 0.3890625 0.359375
4 0.7796875 0.271875 0.440625 0.175
5 0.7796875 0.1796875 0.440625 0.359375
8 0.2375 0.75703125 0.475 0.4859375
8 0.34609375 0.84765625 0.4265625 0.3046875
8 0.8546875 0.85859375 0.290625 0.2828125
7 0.7145481367361332 0.749114373925867 0.017460220003181703 0.023637494668999892
5 0.715238480068406 0.7412927832590943 0.023964758672817867 0.0455852200031817
8 0.76640625 0.6796875 0.4140625 0.640625
8 0.7109375 0.6765625 0.303125 0.628125