4 0.3359375 0.61171875 0.190625 0.1953125
3 0.32690480835994273 0.46187172346181216 0.06757838544042354 0.06757838544042354
2 0.32239963642238223 0.29627853971859075 0.10368860226293623 0.09747496369925486
5 0.3375 0.4703125 0.303125 0.478125
4 0.74609375 0.23046875 0.5078125 0.3890625
1 0.90234375 0.2203125 0.1953125 0.2625
5 0.74453125 0.3546875 0.5109375 0.709375
4 0.26640625 0.81015625 0.4453125 0.2015625
5 0.24453125 0.8546875 0.4890625 0.290625
9 0.1594900493829523 0.7982445189359395 0.09719316256778665 0.05525110226293624
4 0.5203125 0.83828125 0.0625 0.2578125
7 0.6859375 0.840625 0.146875 0.2625
5 0.715625 0.8546875 0.246875 0.290625