6 0.0625 0.3046875 0.125 0.109375
6 0.3171875 0.128125 0.04375 0.065625
6 0.25231812002704423 0.15348260590391352 0.07768974267981754 0.09776588534372674
6 0.21426413669636224 0.17345929857577688 0.09026246801399936 0.10416133601209036
6 0.17864481003340754 0.20122121924732211 0.11851473734881743 0.11542610001590833
6 0.13168854137490715 0.26193199992045824 0.17694540268936265 0.16922380935708983
5 0.521875 0.1796875 0.365625 0.359375
5 0.6984375 0.19453125 0.26875 0.3296875
5 0.7321885280474069 0.055229108609184466 0.05112724267981754 0.09745680267345422
5 0.6434078387173613 0.08048419462127479 0.02569089067472685 0.05966590133672707
4 0.6443436300524976 0.0937563539545021 0.020712489337999785 0.034611357336090796
4 0.7394288633831796 0.07311604260822997 0.020730670671545326 0.0361738573360908
2 0.7239305853755436 0.017038765276911682 0.030051126670908878 0.03159544533736343
2 0.6393652287157705 0.06881089795513842 0.01900453866963616 0.022093176002545345
2 0.3734375 0.01953125 0.06875 0.0390625
2 0.6840055667170432 0.07766772994909324 0.10268974267981754 0.0980567866804539
2 0.7644294107256338 0.14002173193827555 0.12002269334818125 0.11075678134945388
2 0.88671875 0.00546875 0.0359375 0.0109375
2 0.9131936273869975 0.0992229145846856 0.10895792401336309 0.0996920120146357
1 0.971875 0.01015625 0.03125 0.0203125
1 0.8921356927116342 0.03539677192077635 0.025327264003817972 0.028415901336727067
1 0.9384396227323151 0.18722235391473116 0.07292951734563573 0.09146134134309047
1 0.6890481500636334 0.1752785266152296 0.07458292401336308 0.09929202267663584
1 0.38203125 0.17265625 0.0859375 0.1546875
1 0.7572719860757238 0.2635592292727756 0.09832950668363552 0.12612724267981754
4 0.50390625 0.25625 0.3296875 0.20625
4 0.69375 0.28359375 0.171875 0.1515625
4 0.92109375 0.2828125 0.1578125 0.153125
4 0.9707152260502705 0.07355020524350415 0.04772952267663584 0.0739829400063634
8 0.16953125 0.6796875 0.3390625 0.640625
8 0.1203125 0.4 0.1875 0.08125
5 0.24191696936663484 0.44334672660727553 0.03524770401018138 0.07539998933799978