6 0.25163194127945704 0.19691344495970692 0.22476583203372566 0.24972833098930564
6 0.015625 0.05 0.03125 0.1
6 0.04453125 0.06484375 0.0890625 0.1140625
6 0.0970995299570474 0.11554020423128501 0.18007040268936256 0.16822380093507644
8 0.73984375 0.184375 0.5203125 0.36875
4 0.6356171372931383 0.0808344478865732 0.01938634667409058 0.05479658430895542
5 0.6166216892902747 0.10181911357761778 0.06551700668363551 0.1253727047222643
3 0.7054751039545021 0.6204231469514967 0.16026588534372674 0.07748971662612103
0 0.68515625 0.4703125 0.3984375 0.203125
7 0.734375 0.81015625 0.509375 0.3796875
5 0.73984375 0.684375 0.5203125 0.63125