6 0.24453125 0.284375 0.4890625 0.56875
1 0.8796875 0.33515625 0.240625 0.2203125
2 0.7984375 0.0546875 0.403125 0.109375
4 0.74453125 0.4671875 0.5109375 0.203125
5 0.74453125 0.284375 0.5109375 0.56875
1 0.146875 0.8625 0.25 0.275
9 0.95859375 0.8453125 0.0828125 0.309375
6 0.6859375 0.9654229285768599 0.0265625 0.040779536104353656
9 0.58671875 0.80390625 0.1953125 0.3921875
3 0.7796875 0.7234712570320829 0.040625 0.10179884933607006
0 0.8046875 0.61875 0.121875 0.1
7 0.8140625 0.8640625 0.178125 0.271875
5 0.80390625 0.784375 0.1984375 0.43125