6 0.33046875 0.1515625 0.4390625 0.303125
3 0.965872002337691 0.2859375 0.025145445745273776 0.025
3 0.9546481560266831 0.23671875 0.020448855386194252 0.0234375
3 0.9149089451560986 0.2546875 0.023573855386194255 0.0234375
3 0.870014080792914 0.1921875 0.028261355386194252 0.0234375
3 0.8649498517719569 0.26171875 0.025136355386194253 0.0234375
3 0.7957816952542945 0.18984375 0.023564765027114732 0.021875
3 0.798520875874258 0.2578125 0.026707945745273777 0.025
3 0.7576822524358869 0.22109375 0.025145445745273953 0.025
3 0.6870743157657994 0.1703125 0.026717036104353477 0.0265625
3 0.56171875 0.2203125 0.0234375 0.028125
3 0.6341720295632499 0.20859375 0.031404536104353474 0.0265625
3 0.7187424722834617 0.2421875 0.028288626463433175 0.028125
0 0.56875 0.17265625 0.0375 0.0515625
0 0.6393862495090207 0.16484375 0.04713862041330898 0.0453125
0 0.6930879664297293 0.1296875 0.03773634933607006 0.040625
0 0.7262595356133742 0.19140625 0.04557612041330898 0.0453125
0 0.7629146530998169 0.18046875 0.039317030054229284 0.04375
0 0.8002646621750031 0.1546875 0.03615566861791075 0.0375
0 0.8037305506404888 0.21328125 0.04401362041330899 0.0453125
0 0.8760413669954634 0.15390625 0.039280668617910665 0.0375
0 0.8725305476154267 0.221875 0.042451120413308986 0.0453125
0 0.9185879361791083 0.215625 0.040870439695149585 0.0421875
0 0.9638004422292324 0.1984375 0.039298849336070064 0.040625
0 0.9765549722834617 0.2421875 0.044031801131468026 0.0484375
7 0.58203125 0.315625 0.0640625 0.203125
7 0.6229350685944697 0.29140625 0.1259999394987581 0.171875
7 0.675601005460949 0.2125 0.06916815651766246 0.071875
7 0.7043896016737611 0.3265625 0.127635162371395 0.184375
7 0.7896503908031767 0.34453125 0.09936471662612104 0.159375
7 0.7563015596174794 0.25234375 0.05352497579950324 0.06875
7 0.8015049753085238 0.23359375 0.0722386143631848 0.0625
7 0.8609390626425414 0.24375 0.08962610226293641 0.096875
7 0.858486749214433 0.359375 0.0978749394987581 0.171875
7 0.913128797419035 0.3515625 0.07277494554888193 0.1546875
7 0.9439242794650541 0.2734375 0.033048849336070066 0.040625
7 0.95 0.37109375 0.1 0.1703125
5 0.5921875 0.34453125 0.084375 0.4109375
5 0.625 0.3421875 0.15 0.415625
5 0.6613844902374426 0.3203125 0.12903507766965597 0.425
5 0.690625 0.3546875 0.178125 0.390625
5 0.73671875 0.353125 0.1265625 0.39375
5 0.7700918697259379 0.33984375 0.10706008371978015 0.4078125
5 0.77421875 0.36953125 0.1640625 0.3609375
5 0.84609375 0.33984375 0.1484375 0.4203125
5 0.8453125 0.37265625 0.14375 0.3546875
5 0.89140625 0.37109375 0.1265625 0.3578125
5 0.9296875 0.36328125 0.11875 0.3734375
5 0.92734375 0.38125 0.1453125 0.3375
5 0.96875 0.371875 0.0625 0.35625
5 0.9671875 0.375 0.065625 0.35
8 0.20078125 0.89375 0.4015625 0.2125
0 0.33157374950902063 0.86796875 0.021974993949875808 0.0171875
7 0.32559646028140926 0.91484375 0.04725679508134384 0.065625
5 0.3123515717177277 0.92109375 0.08360336123992677 0.1359375
1 0.79765625 0.653125 0.4046875 0.20625
4 0.775 0.82890625 0.45 0.3421875
5 0.775 0.775 0.45 0.45