0 0.9703125 0.20390625 0.059375 0.0703125
0 0.8092648739293503 0.20125238602959877 0.12393746974937905 0.0866556383672898
0 0.6216063135263041 0.09531652429869268 0.21185562626704132 0.15903969847574836
4 0.93984375 0.353125 0.1203125 0.159375
4 0.7716961753554061 0.3475597594679698 0.18217721662612094 0.1604294816532356
4 0.6021796026557198 0.37199265378718793 0.2262342053114395 0.2653896924256241
5 0.63828125 0.015625 0.2109375 0.03125
3 0.8096915999252452 0.26218534085005896 0.05959316861791075 0.03784543364502548
3 0.98203125 0.26484375 0.0359375 0.0390625
3 0.6318029492613153 0.22259664178513536 0.11761474687674216 0.07411927693097135
5 0.6421875 0.0125 0.215625 0.025
5 0.78046875 0.3421875 0.2421875 0.39375
5 0.6671875 0.275 0.35625 0.528125
5 0.91796875 0.34921875 0.1640625 0.3796875
4 0.25 0.603125 0.171875 0.128125
4 0.06953125 0.55859375 0.1390625 0.0390625
5 0.11875 0.65625 0.2375 0.234375
5 0.23671875 0.68125 0.2484375 0.284375
7 0.7154916271508042 0.8116393984244347 0.13749195140261464 0.26797836123992685
7 0.51484375 0.85 0.0515625 0.259375
3 0.5563075246914762 0.7797541150505557 0.030078385440423537 0.0673602168225127
3 0.7755529492613153 0.6933252147794093 0.03621930113146821 0.04864657825883114
0 0.7814716720357564 0.6159496485226306 0.07858860831306061 0.0801420179539809
0 0.5730364824388026 0.7241899162802198 0.06780564441741391 0.10664088544042354
5 0.54765625 0.828125 0.1171875 0.34375
5 0.69453125 0.78046875 0.2828125 0.4390625