3 0.58046875 0.28317313182618625 0.2015625 0.1183601563212707
4 0.64609375 0.34136742690753025 0.55 0.20163730639602545
2 0.6265625 0.0453125 0.296875 0.090625
5 0.65 0.22421875 0.7 0.4484375
3 0.6703125 0.6578125 0.240625 0.0625
2 0.6609375 0.5000475353187867 0.24375 0.10141809601642038
5 0.640625 0.56484375 0.68125 0.2484375
4 0.221875 0.84453125 0.15625 0.3109375
0 0.20234375 0.84453125 0.1953125 0.3109375
9 0.15 0.84453125 0.3 0.3109375
8 0.7296875 0.84453125 0.540625 0.3109375
0 0.89921875 0.8043764870159889 0.0203125 0.023555674668034942
3 0.9 0.8246935321955287 0.0109375 0.011001132513557365
4 0.90078125 0.8426668273750684 0.0265625 0.031404536104353654
5 0.9015625 0.8254838725546083 0.03125 0.06736930718159248