8 0.68984375 0.159375 0.6203125 0.31875
9 0.24823088339732013 0.70546875 0.025190897540672098 0.0328125
9 0.11846157016560355 0.71953125 0.022038626463433176 0.028125
8 0.64296875 0.63203125 0.5265625 0.5078125
7 0.4921875 0.64765625 0.225 0.3328125
7 0.5109375 0.68671875 0.2625 0.2265625
3 0.41796875 0.45546875 0.0765625 0.0453125
2 0.4375 0.3953125 0.115625 0.053125
7 0.5525881479334555 0.54375 0.11627041549465282 0.1109375
2 0.5397568707078966 0.46640625 0.05168976502711473 0.021875
5 0.5683085967037914 0.52734375 0.1384090359079618 0.15625
5 0.6367217325369985 0.71953125 0.10459763817089804 0.253125
5 0.49765625 0.68125 0.2359375 0.6375