8 0.665625 0.3953125 0.371875 0.409375
8 0.221875 0.8 0.44375 0.4
5 0.10202364665690919 0.8406255208808471 0.0851931323171656 0.14111587939029951
5 0.17421875 0.6140625 0.0296875 0.028125
7 0.12230433040013053 0.8352749455488822 0.033167024004105095 0.0611283975406721
3 0.13145661660267988 0.7970482377033598 0.012563632513557322 0.0110102228726368
2 0.1337140081914235 0.7822181232419793 0.012554542154477665 0.009447722872636889
8 0.709375 0.8 0.459375 0.4
7 0.54140625 0.84609375 0.1234375 0.3078125
7 0.5546875 0.896875 0.15 0.20625
7 0.54453125 0.7953125 0.1296875 0.134375
2 0.54055734318775 0.7116162943939729 0.057985216822512696 0.030023843285945873
5 0.56171875 0.7796875 0.1640625 0.184375
5 0.603125 0.92734375 0.146875 0.1453125
5 0.553125 0.8 0.146875 0.4