3 0.35762433271004346 0.09453125 0.02207499466899989 0.0171875
2 0.363692519374589 0.07890625 0.0314863573360908 0.0203125
4 0.3533186407144978 0.12734375 0.061537484006999675 0.0515625
5 0.3382390807208611 0.17421875 0.1416987933640895 0.2265625
3 0.9265625 0.21171875 0.146875 0.2203125
7 0.8 0.325 0.4 0.2875
5 0.8 0.234375 0.4 0.46875
1 0.21875 0.87734375 0.390625 0.2453125
2 0.30390625 0.5734375 0.4421875 0.209375
5 0.3 0.734375 0.6 0.53125
0 0.9305918547501324 0.61953125 0.1372465560152719 0.1125
3 0.923261707431541 0.728125 0.07407384667409075 0.0546875
7 0.87109375 0.80546875 0.2578125 0.2140625
5 0.85703125 0.7515625 0.2859375 0.403125