1 0.521875 0.2765625 0.30625 0.184375
2 0.59140625 0.1109375 0.4453125 0.221875
5 0.684375 0.184375 0.63125 0.36875
0 0.2929549474060876 0.60625 0.08037839067472685 0.059375
4 0.2663117260900413 0.73359375 0.19960220003181667 0.234375
5 0.24296875 0.74765625 0.2515625 0.3890625
6 0.6205323180299077 0.465625 0.05864884134309047 0.071875
6 0.7925073153644077 0.47421875 0.04909202800763594 0.05625
6 0.8849584447008165 0.496875 0.03550224267981754 0.096875
6 0.9592953733688621 0.50703125 0.05210794000636341 0.046875
9 0.684375 0.684375 0.63125 0.63125