8 0.83515625 0.3015625 0.2734375 0.175
8 0.8443896307288152 0.23024674260027575 0.1184783746817267 0.11230110001590835
7 0.6608862400540885 0.17299895862509285 0.011137494668999891 0.01731476933481808
0 0.6622851080521794 0.1589182772915474 0.006340906667727175 0.007885225334181812
5 0.6600777180537702 0.17066429929186552 0.017605670671545327 0.03613749466899989
2 0.20455332936822565 0.5954915766231839 0.16115677068745357 0.1549794960216353
4 0.12578125 0.8328125 0.2515625 0.334375
5 0.1515625 0.7375 0.303125 0.525
5 0.79453125 0.69453125 0.4109375 0.6109375
4 0.78671875 0.82578125 0.3953125 0.3484375
1 0.7784550007160886 0.5984422119271396 0.25339990937299817 0.29509651336727105