0 0.975 0.07734375 0.05 0.1546875
0 0.7578125 0.04765625 0.015625 0.0953125
2 0.8862500756265526 0.05538589500658917 0.09115224082661796 0.0911522408266178
3 0.9004120486955813 0.17248703659533282 0.03938066256778683 0.054914758976990455
4 0.9083740187395477 0.2810307896203949 0.02873405405833438 0.10485112646343317
4 0.8234375 0.26640625 0.146875 0.2046875
4 0.7850365126894235 0.2645614279876847 0.05415221057599675 0.17687157220870695
0 0.7783512172152962 0.07085687978308282 0.048901108313060604 0.07996930113146812
3 0.7794819251590143 0.14506653942400316 0.03302157825883114 0.03612839754067192
0 0.8444211239293503 0.12828303952219908 0.018968168617911018 0.037609084308955334
5 0.8774467264868744 0.22574384680198728 0.0936146863754999 0.2458488311856974
5 0.7796875 0.12578125 0.059375 0.2046875
5 0.78828125 0.184375 0.0765625 0.36875
5 0.8546875 0.1890625 0.209375 0.359375
0 0.9171875 0.184375 0.165625 0.36875
9 0.875 0.184375 0.25 0.36875
9 0.6123933773471959 0.665367865541535 0.026753397540672096 0.032967036104353475
9 0.4857263382177803 0.684072934626984 0.023601126463433174 0.028261355386194252
9 0.22403031411547936 0.68168931977282 0.01271816861791084 0.03757272287263689
9 0.254412705704223 0.6963558077707676 0.07076701795398091 0.07853406615858276
9 0.2941882780111258 0.7078427536142373 0.01271816861791084 0.03757272287263689
9 0.31844793462698406 0.7006706030485033 0.042478391490547905 0.05024543969514959
8 0.875 0.85390625 0.25 0.2921875