0 0.70546875 0.15078125 0.2921875 0.3015625
0 0.8453125 0.17868055366555097 0.1765625 0.20102721057599685
3 0.83203125 0.3879782856133742 0.103125 0.12247496369925485
3 0.74765625 0.38358115622307476 0.071875 0.21760565651766245
5 0.9453125 0.25859375 0.109375 0.4828125
5 0.8375 0.28515625 0.325 0.4296875
5 0.72421875 0.25 0.3296875 0.5
8 0.35703125 0.75 0.4046875 0.5
7 0.490625 0.7987213846548566 0.025 0.03764544574527377
5 0.49453125 0.7924941105525557 0.0359375 0.061146578258831144
2 0.8828125 0.5671875 0.234375 0.134375
3 0.82265625 0.75703125 0.3546875 0.2453125
4 0.7796875 0.89296875 0.440625 0.2140625
5 0.7796875 0.75 0.440625 0.5