6 0.53359375 0.20546875 0.0109375 0.0859375
6 0.4265625 0.39921875 0.08125 0.0609375
6 0.316057312937129 0.12734375 0.011110216822512698 0.0296875
7 0.47962893354682967 0.04296875 0.006295451795397966 0.0078125
7 0.42736699677854617 0.05703125 0.006304542154477666 0.009375
7 0.4179738160603869 0.05390625 0.011055674668035032 0.0203125
2 0.3219118823171656 0.059375 0.006304542154477666 0.009375
2 0.3695272257013073 0.05234375 0.004742042154477666 0.009375
2 0.4147670028286704 0.03984375 0.004732951795397966 0.0078125
5 0.3243374455488821 0.0734375 0.019013620413308986 0.0453125
5 0.3703675630353248 0.0625 0.01425339754067192 0.0328125
5 0.41637949980360833 0.0484375 0.012663626463433175 0.028125
5 0.4273579064194665 0.05546875 0.007885222872636887 0.0125
5 0.4718118883672898 0.0421875 0.009484084308955332 0.01875
5 0.47882950282867043 0.03984375 0.007876132513557366 0.0109375
4 0.32516414734428023 0.08125 0.012636355386194254 0.0234375
4 0.3711715389330239 0.06640625 0.011055674668035032 0.0203125
1 0.76953125 0.259375 0.4609375 0.340625
2 0.76953125 0.05078125 0.4609375 0.1015625
5 0.76953125 0.21484375 0.4609375 0.4296875
9 0.73359375 0.53671875 0.3046875 0.2140625
9 0.90859375 0.53125 0.1828125 0.203125