6 0.54453125 0.07603331839807799 0.00625 0.023473861436318487
6 0.46484375 0.0896322100850175 0.00625 0.023473861436318445
6 0.3890625 0.10247257766965603 0.00625 0.02503636143631849
6 0.33515625 0.1162214602814092 0.00625 0.025036361436318443
6 0.32890625 0.17165384884509072 0.015625 0.04852840359079611
6 0.28515625 0.13233681879086143 0.0078125 0.029732951795398144
6 0.26328125 0.16424080376374678 0.0125 0.040697722872636975
6 0.25625 0.1485748971478885 0.0078125 0.03598295179539814
6 0.46484375 0.16385096008501748 0.0171875 0.05791249394987581
6 0.4109375 0.2244748426967707 0.0265625 0.08296703610435348
6 0.18203125 0.22314310509160667 0.0203125 0.06730567466803503
6 0.1171875 0.19932835518980255 0.0140625 0.04695681323171659
6 0.140625 0.17133971057599684 0.0109375 0.039126132513557364
6 0.20078125 0.14356468940056208 0.009375 0.031304542154477664
6 0.2765625 0.12056807181592352 0.0078125 0.023482951795398145
6 0.35 0.10224531869266558 0.00625 0.023473861436318487
6 0.4484375 0.08328676131468149 0.00625 0.023473861436318445
6 0.5515625 0.06982422501393626 0.00625 0.023473861436318445
6 0.53515625 0.6328125 0.0484375 0.128125
6 0.3625 0.7565788155694075 0.06875 0.12852497579950323
6 0.48828125 0.8690293394753168 0.040625 0.08617384933607006
6 0.471875 0.9189338907049809 0.034375 0.07988748789975161
6 0.5078125 0.828517968963812 0.0453125 0.09557612041330898
6 0.49453125 0.95859375 0.0359375 0.0828125
6 0.3609375 0.872194725210328 0.046875 0.08308521077238851
6 0.5203125 0.7512469418364489 0.0703125 0.12540906615858266
6 0.3421875 0.64140625 0.09375 0.1453125
6 0.38046875 0.9144958546988231 0.034375 0.06894998789975162
6 0.40078125 0.96015625 0.0296875 0.0796875
6 0.4078125 0.9734375 0.028125 0.053125
0 0.7078125 0.59609375 0.13125 0.0546875
7 0.959375 0.871875 0.08125 0.25625
7 0.790625 0.84609375 0.3125 0.3078125
0 0.97109375 0.6140625 0.0578125 0.090625
3 0.9828125 0.721875 0.034375 0.059375
3 0.71640625 0.7040663730455876 0.075 0.06918633723582168
5 0.75859375 0.784375 0.3734375 0.43125
5 0.95546875 0.784375 0.0890625 0.43125