6 0.39453125 0.32109375 0.0296875 0.1046875
6 0.2768410266152296 0.15707878531878658 0.016097714672181594 0.0407159035907962
6 0.16306033728518407 0.1321964391059745 0.012918170671545326 0.03601022287263698
6 0.02130918929027472 0.09386921642972927 0.012899989337999785 0.034447722872636886
6 0.3425023892823205 0.15433558040013057 0.009720445337363515 0.029742042154477667
6 0.22010067795195676 0.1317469872123805 0.009684082670272608 0.026617042154477667
6 0.05625 0.3609375 0.0625 0.115625
6 0.12505180728836568 0.10853622530852389 0.011319308004454331 0.032876132513557366
6 0.00234375 0.0828125 0.0046875 0.021875
6 0.01604952462604734 0.0758686501729506 0.008030676002545345 0.018795451795398144
6 0.06595861795832011 0.0839720416634984 0.008012494668999892 0.017232951795398143
6 0.07503362595482024 0.10980783381797607 0.01444430800445442 0.032894313231716585
6 0.07203589528963841 0.09885215309981685 0.008067038669636161 0.021920451795398053
6 0.06972850795672927 0.09571351756119743 0.006468176002545345 0.018786361436318445
6 0.11038077995704745 0.09360611689726746 0.00799431333545444 0.015670451795398145
6 0.13445407928868386 0.10624701746300155 0.008067038669636251 0.021920451795398144
6 0.1414580572883657 0.10863167407885985 0.008048857336090797 0.020357951795398142
6 0.19527340062063853 0.11675779146710666 0.008048857336090797 0.020357951795398056
6 0.2147410159532294 0.12234017095560187 0.00804885733609062 0.020357951795398056
6 0.27088192795195676 0.1320424238824681 0.008067038669636161 0.021920451795398144
6 0.31533136195100225 0.13933274911623722 0.008012494668999892 0.017232951795398143
6 0.3247063619510023 0.1393872912707149 0.008012494668999892 0.017232951795398143
6 0.3084546532861386 0.12601059250037894 0.004851132001908986 0.014089771077238833
6 0.33653419995227496 0.13008046896381203 0.006377269334818081 0.010973861436318445
6 0.36524954595004766 0.14665489060678497 0.0064681760025454334 0.018786361436318445
6 0.3785307959500477 0.14673215865896175 0.0064681760025454334 0.018786361436318445
6 0.3997063619510023 0.13982362850653657 0.004832950668363622 0.012527271077238833
6 0.35682851861872944 0.13176114363184704 0.006395450668363623 0.012536361436318444
7 0.47109375 0.08125 0.1234375 0.1625
7 0.78359375 0.209375 0.3015625 0.41875
3 0.925 0.0359375 0.08125 0.071875
5 0.5359375 0.209375 0.253125 0.41875
5 0.8203125 0.209375 0.359375 0.41875
9 0.66171875 0.115625 0.3234375 0.23125
6 0.32109375 0.575 0.1765625 0.3125
8 0.77265625 0.6015625 0.4546875 0.365625
5 0.7703541219366847 0.5635424087571576 0.0608658693507266 0.1284704336450254