6 0.21129674793127587 0.3737476139704013 0.04811133068109026 0.10652271077238851
6 0.05969843260663912 0.3087988039601385 0.03684656667727224 0.07833407825883114
6 0.37993875461491144 0.24972028239192037 0.019222714672181597 0.04073408430895533
6 0.4978165979471843 0.25821910450243146 0.016061352005090512 0.03759090359079611
6 0.14670863128582035 0.2171112737095175 0.016024989337999784 0.034465903590796196
6 0.6446552352800934 0.2621985982559155 0.017605670671545327 0.03603749394987581
6 0.23091999928391135 0.23166465309981685 0.01604317067154524 0.0360284035907962
6 0.23968647195259313 0.21687090007475476 0.01124658267027261 0.026626132513557367
6 0.3169211339513204 0.22669587284919582 0.012863626670908878 0.03132272287263689
6 0.44098534261618416 0.24069980639602545 0.012827264003817973 0.028197722872636888
6 0.04866202995704742 0.18294483108750156 0.009574994668999892 0.017242042154477666
6 0.5203125 0.46875 0.08125 0.040625
6 0.6790211446133206 0.26317983615566715 0.014426126670908878 0.03133181323171659
6 0.5401495486155479 0.24596454419758115 0.014462489337999785 0.034456813231716586
6 0.2108711286203203 0.20889022843178182 0.012845445337363514 0.029760222872636976
6 0.07753191728995654 0.1862380027304745 0.011228401336727112 0.025063632513557366
6 0.6907308039465478 0.2640292638487643 0.012845445337363514 0.02976022287263689
6 0.7798296666136387 0.2614224143163025 0.011173857336090975 0.020376132513557365
6 0.7220989826145932 0.2540548210303566 0.011173857336090975 0.020376132513557365
6 0.668919438613957 0.25843324882164964 0.011192038669636162 0.021938632513557366
6 0.6557745486155477 0.24663723076947291 0.011155676002545434 0.018813632513557367
6 0.6058472739497296 0.2400963392789251 0.009593176002545434 0.018804542154477667
6 0.5891773946133206 0.2626571405085891 0.017587489337999786 0.03447499394987581
6 0.593983073281366 0.25252816158582797 0.009647720003181703 0.023492042154477664
6 0.5979165952816843 0.250207137483527 0.008030676002545433 0.018795451795398144
6 0.5597989772835932 0.2359219236860764 0.009574994668999892 0.017242042154477666
6 0.5331637519494115 0.24201738758172286 0.011192038669636162 0.021938632513557366
6 0.5245700019494114 0.24196739060678496 0.009629538669636162 0.021929542154477667
6 0.470745567950366 0.23462252321853816 0.009629538669636162 0.021929542154477667
6 0.4496609086171387 0.23371855337096337 0.009611357336090798 0.020367042154477665
6 0.39427397461809316 0.22636459562363687 0.009629538669636162 0.021929542154477667
6 0.3482438592855022 0.2206276800307882 0.009593176002545434 0.018804542154477667
6 0.33811488128582035 0.2182248426967707 0.009593176002545434 0.018804542154477667
6 0.3577461286203203 0.20974472218526588 0.007976132001908987 0.014107951795398144
6 0.3296574912874112 0.2064560957218328 0.006377269334818081 0.010973861436318445
6 0.29597283461968404 0.21407315300162102 0.008030676002545433 0.018795451795398144
6 0.2835273786203203 0.20931293012898405 0.009593176002545256 0.018804542154477667
6 0.2484438539545021 0.20285839704969266 0.008012494668999892 0.017232951795398143
6 0.26569498862191115 0.19748964099956848 0.006395450668363533 0.012536361436318444
6 0.23670692262095666 0.20435271935659555 0.009611357336090798 0.020367042154477665
6 0.1945376039545021 0.20254477966144585 0.011210220003181703 0.023501132513557364
6 0.18285521662159301 0.19935160196834872 0.011192038669636162 0.021938632513557366
6 0.3101807852880475 0.2016549662333375 0.006395450668363623 0.012536361436318444
6 0.16729385128900204 0.19379194837755254 0.01124658267027261 0.026626132513557367
6 0.16266089528963837 0.1890771773003137 0.009593176002545344 0.018804542154477667
6 0.13294612328932018 0.1912482104778009 0.009629538669636162 0.021929542154477667
6 0.1007512412874112 0.20512435811666876 0.014407945337363426 0.02976931323171659
6 0.04166714262413831 0.1797789244716433 0.008012494668999892 0.017232951795398143
6 0.037797255291229216 0.1766311985739443 0.00799431333545444 0.015670451795398145
3 0.46437738928232053 0.5181890021412994 0.09433180267345413 0.050545421544777015
4 0.4437461686028211 0.6126066226528041 0.2604851560311804 0.23118740924813697
5 0.3875 0.74453125 0.7 0.5109375