6 0.4609375 0.47490649200496815 0.034375 0.10644998789975162
6 0.32578125 0.30850530806535514 0.0140625 0.040706813231716585
6 0.20546875 0.2873302657144857 0.0125 0.03757272287263698
6 0.05625 0.2546046450065892 0.0125 0.03601022287263689
6 0.4796875 0.32792240769601283 0.0125 0.03601022287263689
6 0.47421875 0.3107667239527914 0.0078125 0.026607951795398144
6 0.39453125 0.30185533226585193 0.009375 0.031304542154477664
6 0.26640625 0.28463199171038067 0.009375 0.028179542154477665
6 0.10859375 0.5359375 0.0578125 0.128125
6 0.0234375 0.24698304254726117 0.0109375 0.031313632513557364
6 0.16640625 0.2649012746914761 0.0109375 0.03443863251355737
6 0.0109375 0.24471201541989807 0.009375 0.031304542154477664
6 0.034375 0.2453569100337038 0.0078125 0.021920451795398144
6 0.05078125 0.23666771126336786 0.009375 0.018804542154477667
6 0.1015625 0.24262227459328028 0.0078125 0.017232951795398056
6 0.1125 0.26912114207972293 0.0140625 0.034456813231716586
6 0.109375 0.25820182279788223 0.00625 0.023473861436318445
6 0.10703125 0.25509045833650157 0.00625 0.020348861436318443
6 0.15 0.25015297346181214 0.0078125 0.017232951795398143
6 0.175 0.26250752771653824 0.0078125 0.021920451795398053
6 0.1828125 0.26480582592114016 0.0078125 0.021920451795398144
6 0.2390625 0.2699473229942739 0.0078125 0.021920451795398144
6 0.259375 0.27529789832623885 0.00625 0.021911361436318444
6 0.31796875 0.2819882598607532 0.00625 0.021911361436318444
6 0.365625 0.28796100390882484 0.0078125 0.017232951795398143
6 0.37578125 0.28712066657480734 0.0078125 0.017232951795398143
6 0.3578125 0.27316270570422296 0.0046875 0.014089771077238833
6 0.38671875 0.27690078406125007 0.0046875 0.012527271077238921
6 0.41796875 0.2931252268796577 0.00625 0.020348861436318443
6 0.43203125 0.2922621636479411 0.00625 0.018786361436318445
6 0.46953125 0.29438774503003035 0.00625 0.017223861436318443
6 0.45390625 0.2851036486208265 0.0046875 0.012527271077238833
6 0.48046875 0.29979286251647297 0.00625 0.021911361436318444
6 0.4078125 0.2783405642136752 0.00625 0.012536361436318444
8 0.24453125 0.8 0.4890625 0.4
4 0.52109375 0.8296875 0.0640625 0.340625
4 0.61015625 0.8 0.1765625 0.4
4 0.8140625 0.8 0.340625 0.4