6 0.4969447403356385 0.2380474152212324 0.02373748184962743 0.051835220003181706
6 0.49832088797450635 0.205997983887687 0.020539758976990542 0.0392988573360908
6 0.0125 0.26484375 0.025 0.1015625
6 0.0982981620768073 0.20674615527532084 0.03323065651766246 0.07225680800445441
6 0.17474248740877227 0.18554276993159408 0.025327252926866172 0.05654090133672707
6 0.22389760489521499 0.17403255792491254 0.020603391490547907 0.050236357336090796
6 0.29183453863843634 0.16777291991568566 0.02371930113146803 0.0487102200031817
6 0.3832635145361353 0.17061556190327715 0.01741475897699054 0.03926249466899989
6 0.4700413518701527 0.179762747891505 0.014280668617910663 0.03766363200190899
9 0.45234375 0.10859375 0.1328125 0.1234375
9 0.259375 0.40625 0.51875 0.2875
4 0.5515625 0.1625 0.065625 0.31875
5 0.575 0.275 0.1125 0.55
4 0.17448341217500313 0.616285334619684 0.06311814441741408 0.10697725334181776
5 0.20078125 0.72109375 0.1640625 0.3421875
8 0.759375 0.775 0.48125 0.45
8 0.90625 0.775 0.1875 0.45
5 0.63515625 0.6234375 0.1109375 0.146875
4 0.62265625 0.58046875 0.0234375 0.0609375