6 0.0109375 0.1859375 0.021875 0.096875
6 0.21530437577606207 0.1641110232336409 0.03800906010845857 0.0879363520050905
6 0.3925754029034252 0.14954744187623295 0.03479315651766228 0.07227498933799978
6 0.41797485782208116 0.08362244987273311 0.015915891490547906 0.05018181333545453
6 0.2834953186926656 0.06721729455764139 0.017442030054229108 0.04394999466899989
6 0.15456179761542677 0.06402975457514057 0.015861349336070064 0.04080681333545444
6 0.00390625 0.06171875 0.0078125 0.0390625
6 0.44049929761542667 0.06070257053632418 0.015834078258831142 0.03611931333545444
6 0.30061464099956847 0.05529854988864149 0.01427157825883114 0.03610113200190899
6 0.02868964402463057 0.04986835192554891 0.01269998789975162 0.03452045066836362
9 0.2296875 0.3171875 0.459375 0.225
7 0.91015625 0.1328125 0.1421875 0.265625
5 0.91484375 0.21484375 0.1703125 0.4296875
8 0.7296875 0.71484375 0.540625 0.5703125
8 0.63515625 0.63203125 0.3515625 0.4046875