6 0.321875 0.3515625 0.0546875 0.096875
6 0.34453125 0.23046875 0.01875 0.0390625
6 0.228125 0.20703125 0.0171875 0.034375
6 0.1203125 0.19140625 0.015625 0.034375
6 0.05 0.1765625 0.015625 0.0328125
6 0.0203125 0.16953125 0.015625 0.034375
6 0.03984375 0.16640625 0.015625 0.034375
6 0.3734375 0.221875 0.015625 0.034375
6 0.2625 0.20390625 0.015625 0.034375
6 0.1765625 0.1921875 0.015625 0.034375
9 0.23984375 0.38125 0.4796875 0.115625
8 0.05078125 0.79609375 0.1015625 0.1515625
0 0.51953125 0.8015625 0.0359375 0.0546875
7 0.50859375 0.91953125 0.0578125 0.1609375
5 0.52109375 0.85078125 0.0828125 0.2984375