6 0.071875 0.2624123773869975 0.0265625 0.05655908267027261
6 0.015625 0.18910159937936152 0.0125 0.03295795066836353
6 0.00390625 0.16875 0.0078125 0.021875
6 0.0421875 0.1597231820496341 0.009375 0.021984088001272717
6 0.4296875 0.22204465276890434 0.0171875 0.03926249466899989
6 0.378125 0.1816009187619047 0.0125 0.031395450668363536
6 0.3390625 0.1600526354232686 0.009375 0.025109088001272716
6 0.08046875 0.14844987472149745 0.0078125 0.021965906667727176
6 0.1390625 0.14131917472945163 0.00625 0.02038522533418181
6 0.20390625 0.14051120007158763 0.0078125 0.017278406667727265
6 0.290625 0.1462077640833598 0.00625 0.018822725334181813
6 0.1796875 0.19022938940163323 0.015625 0.03924431333545444
6 0.23359375 0.16429414540895104 0.0125 0.029832950668363622
6 0.17890625 0.1558452987348605 0.0109375 0.02512726933481808
6 0.1078125 0.16517429805854275 0.0109375 0.02668976933481808
4 0.25546875 0.0965799340785873 0.00625 0.01726022533418181
5 0.25625 0.10127652474535997 0.009375 0.042296588001272714
2 0.88671875 0.17734375 0.2265625 0.1359375
5 0.759375 0.19375 0.48125 0.2125