6 0.06171875 0.02578125 0.0484375 0.0515625
9 0.175 0.278125 0.35 0.54375
0 0.6859375 0.275 0.55 0.55
5 0.61875 0.275 0.5375 0.55
8 0.1171875 0.92109375 0.13125 0.1578125
8 0.02421875 0.76484375 0.0484375 0.2484375
8 0.14813969736631663 0.6912052203385541 0.20559766136218052 0.2136817466803503
0 0.050601626034362024 0.7019296177810302 0.007921588001272717 0.009420451795397966
7 0.050038552036907366 0.72068416296057 0.012790901336727067 0.025072722872637065
5 0.050120368037861907 0.7277154129605701 0.021039753341817756 0.06261817466803503
0 0.8359375 0.775 0.328125 0.45
5 0.63203125 0.775 0.5640625 0.45
7 0.4203125 0.775 0.140625 0.45