6 0.1703125 0.3341396924256242 0.0546875 0.13781816256778665
6 0.36171875 0.11806576141287736 0.028125 0.048601126463433175
6 0.40390625 0.08002995110802705 0.0140625 0.05164431323171659
9 0.36171875 0.4 0.3953125 0.3
6 0.51484375 0.05411286660267987 0.0109375 0.026626132513557367
6 0.32265625 0.04830725243588692 0.0078125 0.025045451795398056
6 0.31328125 0.04825271028140925 0.0109375 0.012563632513557365
6 0.37890625 0.033009505362753176 0.0078125 0.014107951795398144
6 0.42890625 0.028612896853300908 0.00625 0.015661361436318445
6 0.4421875 0.04275266490547765 0.00625 0.018786361436318445
6 0.44921875 0.04513732152133594 0.0109375 0.012563632513557365
6 0.45390625 0.06000834259857477 0.009375 0.020367042154477665
6 0.47890625 0.03593503834384872 0.00625 0.014098861436318444
6 0.48359375 0.030493559421087557 0.003125 0.010955680718159222
6 0.5375 0.03549467680933436 0.003125 0.010955680718159222
6 0.5484375 0.041027059322891676 0.0046875 0.010964771077238833
7 0.81796875 0.18396347218526587 0.03125 0.0642443071815924
0 0.8265625 0.12307596916020377 0.01875 0.03448408430895542
5 0.7984375 0.22291234269677068 0.08125 0.24734769867214013
8 0.7796875 0.275 0.440625 0.55
4 0.315625 0.5890625 0.2 0.078125
4 0.06171875 0.60390625 0.1234375 0.1078125
4 0.4359375 0.634375 0.246875 0.16875
5 0.409375 0.775 0.3 0.45
5 0.290625 0.775 0.340625 0.45
5 0.1953125 0.63828125 0.178125 0.1765625
5 0.09296875 0.75625 0.1859375 0.4125
5 0.0375 0.775 0.075 0.45
8 0.9078125 0.775 0.184375 0.45