6 0.14927575381062902 0.38671875 0.07431017447164327 0.15
6 0.3778376119272978 0.17734375 0.03468407220870695 0.053125
6 0.42648419018612904 0.14140625 0.020639752926866352 0.05625
9 0.37421875 0.440625 0.5515625 0.278125
6 0.547673388956465 0.125 0.014226126463433176 0.028125
6 0.3439216750608185 0.0984375 0.009529536104353564 0.0265625
6 0.3345512202403583 0.09765625 0.011019313231716588 0.0140625
6 0.406480762394836 0.08828125 0.009465903590796288 0.015625
6 0.45960121721529623 0.0890625 0.007903403590796287 0.015625
6 0.4720012232654204 0.10625 0.007930674668035032 0.0203125
6 0.47901883772680093 0.10859375 0.012590903590796287 0.015625
6 0.48282963895646497 0.125 0.012636355386194254 0.0234375
6 0.5118722443426592 0.1015625 0.007894313231716587 0.0140625
6 0.5173682654198981 0.096875 0.004751132513557366 0.0109375
6 0.5735546329063408 0.1078125 0.004751132513557366 0.0109375
6 0.5852324762904825 0.11484375 0.0063227228726368875 0.0125
6 0.6234637293155446 0.1234375 0.006340903590796287 0.015625
6 0.6327387353656688 0.140625 0.009502265027114732 0.021875
8 0.825 0.28984375 0.35 0.5796875
6 0.4784047176080796 0.696875 0.05675906010845857 0.0875
6 0.31328125 0.6078125 0.0296875 0.05625
6 0.1671875 0.58671875 0.025 0.0140625
6 0.02734375 0.5890625 0.0234375 0.01875
9 0.30859375 0.81796875 0.6171875 0.3640625
4 0.68046875 0.7015625 0.0609375 0.221875
3 0.7038961178792261 0.615625 0.07525453005422929 0.04375
5 0.825 0.78984375 0.35 0.4203125