6 0.47421875 0.34453125 0.0296875 0.0890625
6 0.4533632901113743 0.05234375 0.04115224082661797 0.090625
9 0.14453125 0.19453125 0.2890625 0.3890625
3 0.92109375 0.115625 0.1578125 0.23125
1 0.7328125 0.096875 0.4875 0.19375
5 0.8578125 0.19453125 0.284375 0.3890625
4 0.71953125 0.259375 0.4609375 0.259375
5 0.74453125 0.19453125 0.5109375 0.3890625
0 0.36171875 0.69453125 0.2546875 0.6109375
7 0.07265625 0.69453125 0.1453125 0.6109375
5 0.24453125 0.69453125 0.4890625 0.6109375
8 0.6524143893492484 0.653125 0.134430583916172 0.278125
8 0.5453125 0.4734375 0.109375 0.16875
8 0.69609375 0.43203125 0.2046875 0.0859375
7 0.59921875 0.39765625 0.0140625 0.0171875
5 0.5984375 0.41015625 0.021875 0.0421875