6 0.203125 0.01328125 0.021875 0.0265625
6 0.08966805064048877 0.05445867838046814 0.03475679508134384 0.06582498789975162
9 0.184375 0.353125 0.36875 0.353125
0 0.97109375 0.1078125 0.0578125 0.075
0 0.6531543546006274 0.30784677791292997 0.08157725292686635 0.05672269867214012
4 0.63203125 0.4265625 0.1921875 0.20625
3 0.970182252435887 0.14427813984022775 0.033067030054229465 0.04394089754067192
4 0.96171875 0.2734375 0.0765625 0.25625
5 0.91953125 0.29609375 0.1609375 0.4671875
5 0.6296875 0.39453125 0.275 0.2703125
5 0.9421875 0.446875 0.115625 0.165625
8 0.184375 0.7640625 0.36875 0.46875
7 0.1375 0.53359375 0.025 0.0078125
5 0.134375 0.5359375 0.0375 0.0125
8 0.7972674480829649 0.9186797387835144 0.2227658551898025 0.15441583098930564
4 0.6873793636758136 0.9654143590986275 0.03626475292686635 0.05645907825883114
2 0.6902498336215844 0.9216461783804683 0.015697722872636887 0.012590903590796287
3 0.687983351673761 0.9349410639190875 0.014135222872636887 0.01258181323171641
5 0.67890625 0.95546875 0.0640625 0.0890625
9 0.96328125 0.975 0.0734375 0.05