6 0.5640625 0.36640625 0.009375 0.1046875
6 0.234375 0.26015625 0.0578125 0.1078125
6 0.10390625 0.23203125 0.0390625 0.0828125
6 0.29375 0.15 0.01875 0.0359375
6 0.4109375 0.15703125 0.025 0.05
6 0.246875 0.14453125 0.015625 0.034375
6 0.25078125 0.12890625 0.0140625 0.03125
6 0.290625 0.12109375 0.0125 0.0296875
6 0.3296875 0.11015625 0.0078125 0.0203125
6 0.45859375 0.1203125 0.01875 0.034375
6 0.48515625 0.128125 0.015625 0.0359375
6 0.48671875 0.109375 0.0140625 0.028125
6 0.528125 0.103125 0.015625 0.028125
6 0.359375 0.10078125 0.009375 0.0171875
6 0.38046875 0.096875 0.009375 0.0171875
6 0.3890625 0.09375 0.009375 0.0171875
6 0.15234375 0.10625 0.00625 0.0171875
6 0.1953125 0.1015625 0.00625 0.015625
6 0.08046875 0.1140625 0.0078125 0.01875
6 0.00234375 0.121875 0.0046875 0.021875
6 0.0390625 0.1125 0.0078125 0.0171875
6 0.0953125 0.10859375 0.0078125 0.0171875
6 0.1578125 0.1 0.0078125 0.015625
6 0.20625 0.09765625 0.00625 0.01875
6 0.5546875 0.0984375 0.0125 0.0234375
9 0.284375 0.3203125 0.56875 0.196875
4 0.70859375 0.23515625 0.0078125 0.0171875
4 0.71015625 0.240625 0.0171875 0.0453125
0 0.52109375 0.47109375 0.0203125 0.0203125
0 0.46015625 0.4703125 0.0109375 0.015625
0 0.47421875 0.45546875 0.025 0.0296875
0 0.47265625 0.48203125 0.04375 0.0390625
0 0.38671875 0.47734375 0.0234375 0.0234375
0 0.3375 0.4875 0.0453125 0.040625
0 0.29453125 0.49921875 0.015625 0.01875
0 0.28203125 0.5 0.0171875 0.01875
0 0.25078125 0.4953125 0.03125 0.0296875
0 0.20859375 0.4734375 0.0234375 0.0234375
0 0.16875 0.45078125 0.0390625 0.040625
0 0.1828125 0.503125 0.065625 0.071875
0 0.1234375 0.53203125 0.01875 0.0234375
0 0.1015625 0.5234375 0.0109375 0.009375
7 0.10546875 0.54453125 0.0140625 0.028125
0 0.08671875 0.52265625 0.025 0.025
0 0.04609375 0.50703125 0.0296875 0.028125
7 0.0046875 0.60703125 0.009375 0.1015625
7 0.0484375 0.59609375 0.0609375 0.109375
7 0.0875 0.5921875 0.05 0.09375
7 0.121875 0.5921875 0.0375 0.0796875
7 0.21953125 0.54453125 0.0359375 0.078125
7 0.284375 0.56171875 0.0390625 0.0703125
7 0.2984375 0.55390625 0.0109375 0.053125
7 0.3671875 0.553125 0.0171875 0.0234375
7 0.39296875 0.55078125 0.0609375 0.0921875
7 0.45078125 0.540625 0.0234375 0.0875
7 0.48046875 0.53125 0.05625 0.0671875
7 0.52109375 0.53359375 0.040625 0.0796875
7 0.484375 0.5859375 0.0796875 0.1421875
7 0.34296875 0.603125 0.0875 0.1578125
7 0.2515625 0.5765625 0.06875 0.1015625
7 0.15546875 0.56015625 0.053125 0.128125
7 0.2015625 0.6890625 0.1 0.2390625
3 0.52109375 0.49609375 0.0140625 0.0140625
3 0.46953125 0.51875 0.0203125 0.01875
3 0.3890625 0.50390625 0.0140625 0.0140625
3 0.3515625 0.52890625 0.0078125 0.01875
3 0.2953125 0.51796875 0.00625 0.009375
3 0.28359375 0.51953125 0.009375 0.009375
3 0.25390625 0.52421875 0.0171875 0.015625
0 0.26328125 0.51640625 0.00625 0.0171875
3 0.2109375 0.49765625 0.0140625 0.0125
3 0.2078125 0.5515625 0.0078125 0.0265625
3 0.12578125 0.55234375 0.0078125 0.009375
3 0.0890625 0.5484375 0.0140625 0.0125
3 0.04765625 0.5359375 0.01875 0.0140625
5 0.0125 0.64765625 0.025 0.2703125
5 0.0546875 0.6375 0.0796875 0.29375
5 0.103125 0.53828125 0.01875 0.040625
5 0.09375 0.6296875 0.065625 0.240625
5 0.125 0.62109375 0.0484375 0.2046875
5 0.16796875 0.6484375 0.09375 0.4359375
5 0.21875 0.53359375 0.04375 0.1484375
5 0.25625 0.63515625 0.0953125 0.3140625
5 0.2875 0.5859375 0.0484375 0.19375
5 0.29609375 0.57578125 0.034375 0.175
5 0.346875 0.6703125 0.109375 0.4109375
5 0.39921875 0.5890625 0.078125 0.2546875
5 0.45234375 0.55078125 0.046875 0.1796875
5 0.4734375 0.509375 0.0765625 0.1453125
5 0.525 0.5484375 0.05625 0.18125
5 0.496875 0.6484375 0.14375 0.384375
5 0.20625 0.73125 0.128125 0.5375
4 0.87890625 0.54375 0.075 0.1671875
0 0.8203125 0.47890625 0.05625 0.1140625
5 0.896875 0.590625 0.20625 0.34375