6 0.08459810208463248 0.4859375 0.08973630402608972 0.1921875
6 0.23535098539940608 0.34921875 0.0418067866804539 0.1015625
6 0.3283828227243609 0.2875 0.03208634134309048 0.071875
6 0.40466351205440654 0.26328125 0.024092028007635945 0.05625
6 0.45373681138604305 0.25078125 0.019331802673454312 0.05
9 0.23984375 0.4921875 0.4796875 0.253125
5 0.9703125 0.72265625 0.059375 0.2078125
5 0.94921875 0.70703125 0.0734375 0.1765625
5 0.91640625 0.72578125 0.1078125 0.2140625
5 0.859375 0.7046875 0.096875 0.171875
5 0.8109375 0.71796875 0.121875 0.1984375
5 0.76640625 0.6984375 0.0859375 0.159375
5 0.71796875 0.721875 0.1234375 0.20625
5 0.67109375 0.70234375 0.0828125 0.1671875
5 0.625 0.721875 0.115625 0.20625
5 0.5765625 0.7046875 0.090625 0.171875
5 0.54296875 0.6921875 0.0765625 0.146875
5 0.5296875 0.71953125 0.1 0.2015625
5 0.5125 0.70546875 0.065625 0.1734375