6 0.03862286394018462 0.390625 0.03517497867599957 0.06875
6 0.13139216661363876 0.340625 0.022402258672817865 0.0453125
6 0.14728079595004778 0.31796875 0.020785214672181595 0.040625
6 0.17014613128582035 0.3 0.017587489337999786 0.034375
6 0.19138533195418397 0.2875 0.01280908267027243 0.0265625
6 0.17659612595482024 0.2828125 0.014353401336727245 0.025
6 0.06552226595322938 0.29453125 0.009593176002545434 0.01875
6 0.09444614994432073 0.36015625 0.025636346674090583 0.0546875
6 0.1163762412874112 0.28828125 0.012772720003181703 0.0234375
6 0.37265625 0.26875 0.0140625 0.03125
6 0.37109375 0.25859375 0.0171875 0.0296875
6 0.3573830492918656 0.25546875 0.014353401336727245 0.025
6 0.3159767992918656 0.25546875 0.014371582670272432 0.0265625
6 0.25812793662477473 0.25859375 0.012772720003181703 0.0234375
6 0.18695237062382014 0.265625 0.012754538669636162 0.021875
6 0.12978476062222927 0.27734375 0.012754538669636162 0.021875
6 0.03041146928709306 0.290625 0.011192038669636162 0.021875
6 0.08208250994591157 0.3484375 0.035393154678545 0.0875
6 0.09851603194622971 0.34609375 0.032231792011453916 0.084375
9 0.18984375 0.5125 0.3796875 0.253125
8 0.584375 0.31953125 0.409375 0.6390625
0 0.6582802885900945 0.440625 0.048982940006363405 0.046875
0 0.6975155112587762 0.42578125 0.03482953333863605 0.0390625
0 0.730764363263867 0.38828125 0.050581802673454135 0.05
0 0.8423558439290486 0.39921875 0.03166817067154533 0.0359375
0 0.8576632179344574 0.359375 0.03481135200509087 0.0375
0 0.9170558519255488 0.425 0.036282945337363516 0.0296875
3 0.7498956239258672 0.42265625 0.01424431333545435 0.015625
3 0.6979240439210945 0.4578125 0.020567038669636162 0.021875
3 0.6718609832511401 0.48203125 0.022147720003181704 0.0234375
1 0.38359375 0.52265625 0.0078125 0.0203125
7 0.39765625 0.5859375 0.0359375 0.10625
7 0.6453070265754587 0.5484375 0.09088063335454458 0.15625
7 0.7034922439131404 0.51640625 0.06393632535008997 0.1234375
7 0.7490320105824584 0.496875 0.0859567760184536 0.1359375
7 0.8446439552435041 0.53828125 0.04158861067790838 0.0828125
7 0.8710888239179129 0.48125 0.0815419960216353 0.159375
7 0.9332070159134584 0.5140625 0.06262836401972649 0.1453125
5 0.93671875 0.521875 0.0953125 0.234375
5 0.88828125 0.48515625 0.1546875 0.3078125
5 0.85390625 0.509375 0.1203125 0.259375
5 0.76171875 0.4984375 0.1453125 0.28125
5 0.71171875 0.5203125 0.1109375 0.2375
5 0.6625 0.52734375 0.153125 0.2234375
5 0.42421875 0.55234375 0.0890625 0.1734375
8 0.8984375 0.95234375 0.203125 0.0953125
9 0.753125 0.97421875 0.075 0.0515625
9 0.4857160399427299 0.8921875 0.036355670671545326 0.0359375
8 0.51953125 0.81953125 0.2796875 0.3609375