6 0.0125 0.09296875 0.025 0.1828125
6 0.1296875 0.01796875 0.05 0.0359375
5 0.16796875 0.3265625 0.3359375 0.084375
9 0.259375 0.184375 0.51875 0.36875
8 0.9359375 0.134375 0.128125 0.165625
8 0.584375 0.14375 0.13125 0.259375
8 0.259375 0.64140625 0.51875 0.5453125
8 0.11171875 0.60625 0.2234375 0.475
2 0.7390625 0.41171875 0.121875 0.0859375
3 0.7461881570086417 0.45234375 0.07392837939029935 0.084375
7 0.7547677505891752 0.5890625 0.18309534289316226 0.3171875
5 0.73359375 0.684375 0.4296875 0.63125