6 0.39140625 0.4140625 0.0546875 0.121875
6 0.2611899465308408 0.36251609719477074 0.04428633118569749 0.09244203005422928
6 0.12863197658507008 0.31953877771653827 0.03164997579950324 0.06893180718159223
6 0.03201605181883922 0.2755711299794745 0.020576120413308984 0.045430674668035034
6 0.014174566845953862 0.25380066910889015 0.018986349336070064 0.04073408430895542
6 0.33693535597536944 0.23395475995894904 0.007921584308955332 0.018795451795398144
6 0.38457797043675007 0.23602125400702073 0.00791249394987581 0.017232951795398056
6 0.2580518318730685 0.2305075730924698 0.009493174668035032 0.020367042154477665
6 0.16901205777076758 0.227119473560008 0.012636355386194254 0.023510222872636977
6 0.09637853366846656 0.2236359252572102 0.007921584308955332 0.018795451795398144
6 0.07019276268942361 0.2933171661820239 0.022202252926866263 0.056377265027114556
6 0.04405296438662583 0.2208154522863774 0.011073855386194254 0.023501132513557364
6 0.02927284690018315 0.20996431069763374 0.011064765027114643 0.021938632513557366
6 0.13157569028432486 0.21640014217791884 0.009502265027114732 0.021929542154477667
6 0.21278932884800633 0.2221774435057787 0.009484084308955332 0.018804542154477667
6 0.2744762625912278 0.22728712432213377 0.009484084308955332 0.018804542154477667
6 0.3432171722321481 0.2284496485226306 0.00791249394987581 0.017232951795398143
6 0.39709615115490926 0.2328235311343838 0.007930674668035032 0.020357951795398056
6 0.08198878074160035 0.2799677384889268 0.030205650467538182 0.0892352168225127
6 0.06558707592114014 0.27928193725926276 0.02706246974937896 0.08609203610435348
9 0.209375 0.51015625 0.41875 0.3390625
8 0.59921875 0.33984375 0.3609375 0.6796875
8 0.190625 0.9171875 0.38125 0.165625
8 0.22890625 0.83984375 0.3796875 0.3203125
5 0.6335411486208264 0.8440938710024841 0.05524201190385671 0.09563066256778674
4 0.6273184196980652 0.8394427324388026 0.023655668617910842 0.037636355386194253
8 0.8 0.78046875 0.203125 0.2015625
8 0.709375 0.83984375 0.58125 0.3203125