6 0.18515625 0.4125 0.0796875 0.075
6 0.32734375 0.3331972776183424 0.0375 0.09553066861791085
6 0.41484375 0.2733132175098838 0.028125 0.06891362646343317
9 0.23984375 0.4 0.4796875 0.1
2 0.48046875 0.31484375 0.0015625 0.0203125
2 0.61015625 0.31949891286237425 0.00625 0.006286361436318444
2 0.62734375 0.3209614189124984 0.00625 0.007848861436318444
2 0.815625 0.3370535306434045 0.0125 0.02507272287263689
2 0.82421875 0.37684728366846654 0.0171875 0.02041249394987581
3 0.82265625 0.3456063740275462 0.0109375 0.020376132513557365
3 0.81875 0.38781659992524525 0.0078125 0.009420451795398055
4 0.609375 0.342159708041914 0.0140625 0.02976931323171659
4 0.6265625 0.34205971409203817 0.0140625 0.026644313231716586
4 0.82578125 0.40965069330938697 0.025 0.040770445745273956
4 0.8484375 0.3493626331027325 0.04375 0.06275453005422929
5 0.84140625 0.38203125 0.0734375 0.1359375
5 0.82265625 0.40703125 0.0390625 0.0859375
5 0.62734375 0.3373676689124984 0.01875 0.04229658430895542
5 0.61015625 0.33903016286237425 0.0171875 0.04384999394987581
5 0.4828125 0.3765625 0.00625 0.146875
0 0.16953125 0.605862617977422 0.05 0.04247839149054773
5 0.1796875 0.7542410306434044 0.1296875 0.34762949980360813
5 0.01328125 0.6388029038853837 0.015625 0.03602840359079629
3 0.18359375 0.6354683047457055 0.0265625 0.02046703610435365
4 0.16171875 0.70512681977282 0.0796875 0.1160886083130606
8 0.7515625 0.72421875 0.496875 0.4921875