6 0.29303654925209466 0.21223041451269423 0.05943063868554468 0.13939884328594587
9 0.1390625 0.26875 0.278125 0.421875
8 0.92890625 0.43203125 0.1421875 0.0953125
8 0.7359375 0.44296875 0.29375 0.0734375
8 0.6745705492918657 0.29431516490547766 0.09813060669954403 0.24274201190385672
7 0.6915205972708665 0.44911174921443314 0.012772720003181703 0.023510222872636887
5 0.6938734379376392 0.4483441347530525 0.017514764003817972 0.02822499394987581
0 0.6978705946053665 0.4405543606507516 0.006359088001272717 0.009411361436318443
0 0.7988700206079118 0.4223906888113869 0.006340906667727087 0.007848861436318444
0 0.7895222926082299 0.41999239665690913 0.006322725334181811 0.006286361436318444
0 0.8059194519414572 0.4208690954272452 0.007885225334181812 0.006295451795397966
0 0.8197819572724573 0.4381384086589618 0.007903406667727353 0.007857951795397966
7 0.8181103692711847 0.4475043182998821 0.012645450668363622 0.012572722872636888
7 0.8049654792727754 0.43570830024770546 0.012736357336090886 0.020385222872636888
7 0.7979887732734119 0.4309798936318471 0.004796588001272806 0.009402271077238922
7 0.7886319546069573 0.4293628514773694 0.00950226933481808 0.010992042154477666
5 0.7894495672740481 0.42624239665690916 0.012718176002545434 0.018822722872636886
5 0.7980342266072753 0.4270736436318471 0.008012494668999804 0.017232951795397966
5 0.806573432606639 0.43181114060678494 0.014407945337363514 0.02976931323171659
5 0.8181467319382755 0.4443793182998821 0.014335220003181704 0.02351931323171641
8 0.2546875 0.73984375 0.509375 0.5203125