6 0.16875 0.07078685669954395 0.05 0.08651930267345431
6 0.459375 0.01640625 0.025 0.0328125
6 0.54375 0.09765625 0.0125 0.0703125
9 0.275 0.42734375 0.55 0.5234375
8 0.71015625 0.4251765540658606 0.1953125 0.27883516669318065
8 0.69375 0.57421875 0.23125 0.2296875
5 0.74609375 0.4787197247374058 0.01875 0.020530676002545434
7 0.74375 0.4841612027370877 0.015625 0.012681813335454529
8 0.1734375 0.88828125 0.346875 0.2234375
4 0.853125 0.7421875 0.071875 0.10625
5 0.8046875 0.84453125 0.2 0.3109375