6 0.3390625 0.53046875 0.021875 0.1890625
6 0.06916543395927466 0.21784342574818955 0.020785214672181595 0.04074317466803503
6 0.1423387572804115 0.3072553836919077 0.043078385343726745 0.07680793969514968
6 0.05776485729631986 0.19056785344128668 0.014335220003181704 0.023519313231716587
9 0.15703125 0.58984375 0.3140625 0.3796875
6 0.030657464632410657 0.17041443472518 0.006431813335454351 0.015661361436318445
6 0.22702393463559237 0.14583609466068798 0.011192038669636162 0.021938632513557366
6 0.29829040730427414 0.13057873332256537 0.011192038669636162 0.021938632513557366
6 0.304440409969774 0.13913612188624686 0.011155676002545079 0.018813632513557367
6 0.20674779730268328 0.14282926932872303 0.006413632001908809 0.014098861436318444
6 0.16299779730268327 0.1430837993829523 0.0064499946689998925 0.017223861436318443
6 0.1668495033020469 0.14774857348525322 0.007976132001908987 0.014107951795398144
6 0.13785234663431964 0.15572924512822617 0.008030676002545433 0.018795451795398054
6 0.08782507463400151 0.1583638866187739 0.007994313335454351 0.015670451795398145
8 0.79453125 0.3421875 0.4109375 0.521875
3 0.0125 0.86484375 0.025 0.0546875
7 0.08359375 0.9171875 0.1671875 0.165625
5 0.096875 0.88984375 0.19375 0.2203125
4 0.86953125 0.84921875 0.2609375 0.1390625
5 0.7953125 0.88984375 0.409375 0.2203125