6 0.29140625 0.315625 0.0625 0.1
6 0.0765625 0.34765625 0.0515625 0.090625
6 0.1109375 0.23671875 0.0234375 0.0421875
6 0.2578125 0.19609375 0.021875 0.040625
6 0.37265625 0.16171875 0.0203125 0.0359375
6 0.4796875 0.1375 0.01875 0.0359375
6 0.228125 0.19140625 0.0171875 0.034375
6 0.33671875 0.1625 0.01875 0.0359375
6 0.42265625 0.14296875 0.0171875 0.034375
9 0.24453125 0.40859375 0.4890625 0.3203125
4 0.959375 0.36875 0.08125 0.171875
4 0.91875 0.52578125 0.146875 0.0859375
3 0.98046875 0.30625 0.034375 0.0453125
3 0.92109375 0.46015625 0.021875 0.040625
2 0.88046875 0.3890625 0.0890625 0.109375
2 0.96484375 0.240625 0.053125 0.0640625
5 0.95234375 0.3875 0.0953125 0.3625
5 0.90625 0.44609375 0.1875 0.2453125
8 0.8515625 0.284375 0.296875 0.56875
8 0.24453125 0.71015625 0.4890625 0.2828125
8 0.3390625 0.784375 0.3 0.43125
8 0.74453125 0.784375 0.5109375 0.43125