6 0.0203125 0.475 0.040625 0.084375
6 0.0015625 0.33203125 0.003125 0.0265625
6 0.00703125 0.3375 0.0140625 0.03125
6 0.0765625 0.3015625 0.01875 0.034375
6 0.2 0.246875 0.021875 0.0421875
6 0.33046875 0.21796875 0.0265625 0.0515625
6 0.05234375 0.28203125 0.0109375 0.0234375
9 0.32265625 0.4234375 0.2921875 0.390625
6 0.09765625 0.2453125 0.0109375 0.01875
6 0.12578125 0.21953125 0.009375 0.0171875
9 0.0953125 0.1984375 0.0328125 0.0421875
8 0.765625 0.30703125 0.46875 0.5953125
8 0.5453125 0.809375 0.153125 0.38125
8 0.734375 0.9 0.53125 0.2
5 0.93046875 0.9796875 0.0515625 0.040625
2 0.93203125 0.97734375 0.03125 0.0296875