6 0.2631342416121848 0.35625 0.03001475292686635 0.05625
6 0.3291274011549092 0.29296875 0.015815897540672096 0.0328125
6 0.3440620547457055 0.27734375 0.011073855386194254 0.0234375
6 0.3074342083365016 0.26171875 0.011064765027114731 0.021875
6 0.02018873839073092 0.21796875 0.011082945745273864 0.025
6 0.2723779522863774 0.24453125 0.009493174668035032 0.0203125
6 0.21699556069763376 0.2296875 0.007921584308955332 0.01875
6 0.1545591932111911 0.21875 0.00947499394987581 0.0171875
6 0.0694438498270494 0.21171875 0.00791249394987581 0.0171875
6 0.1706654613615637 0.2703125 0.01897725897699054 0.0390625
6 0.1216376089022357 0.2375 0.012672716822512697 0.0296875
6 0.1755438589022357 0.2375 0.012645445745273954 0.025
6 0.2433989794137405 0.25703125 0.012654536104353653 0.0265625
4 0.11031883470173884 0.16875 0.00791249394987581 0.0171875
5 0.1095103136245001 0.1734375 0.012745439695149584 0.0421875
9 0.175 0.4390625 0.35 0.18125
7 0.7840774798065239 0.40859375 0.11369083703942984 0.2046875
7 0.5911223653451433 0.40625 0.13882719242562408 0.228125
3 0.7941024404807167 0.296875 0.03927157825883114 0.0359375
3 0.609836524789672 0.278125 0.045530668617910844 0.0375
0 0.6109541180756178 0.2203125 0.07221134328594588 0.0578125
0 0.7983086723303441 0.2453125 0.056540891490547904 0.05
5 0.77890625 0.3734375 0.1671875 0.3125
5 0.58359375 0.35703125 0.2203125 0.3453125
6 0.07188759377692518 0.71640625 0.06307269262201594 0.0984375
9 0.175 0.76484375 0.35 0.4703125
6 0.6552217476623089 0.9390625 0.044313602262936236 0.096875
6 0.7469325246914761 0.88671875 0.03321247579950324 0.06875
6 0.8197024041799714 0.8671875 0.02531816256778683 0.0546875
6 0.8666274011549092 0.85859375 0.02059430113146803 0.0484375
6 0.9307217174116879 0.853125 0.02214771077238851 0.046875