6 0.453125 0.24453125 0.053125 0.1015625
6 0.2328422327333902 0.26171875 0.048982921544777014 0.09375
6 0.05069280806535512 0.28203125 0.04419542759490129 0.0765625
6 0.012770627249000044 0.2203125 0.022184072208706995 0.053125
6 0.14739561212368954 0.17734375 0.02214771077238851 0.046875
6 0.2764654885871226 0.14921875 0.022129530054229286 0.04375
6 0.4313347957687149 0.11796875 0.018995439695149587 0.0421875
6 0.1279189042781672 0.16796875 0.01740566861791084 0.0375
6 0.4016927475641131 0.11015625 0.015834078258831142 0.0359375
9 0.23984375 0.4515625 0.4796875 0.45625
6 0.1234375 0.7296875 0.071875 0.1
9 0.30703125 0.83984375 0.3453125 0.3203125
7 0.7609375 0.83984375 0.478125 0.3203125
5 0.74921875 0.83984375 0.5015625 0.3203125