6 0.2702819439449571 0.25556069535249043 0.019259077339272502 0.04385908430895533
6 0.2509597792807297 0.23747831586399518 0.01764203333863614 0.03916249394987581
6 0.2245336392823205 0.2256050297596417 0.014462489337999785 0.034456813231716586
6 0.20118704595004777 0.21765617437344745 0.011228401336727067 0.025063632513557366
6 0.21534954328454772 0.20914423760516404 0.012772720003181703 0.023510222872636887
6 0.32408874395291126 0.1972760175611974 0.008012494668999892 0.017232951795398143
6 0.30920808394336624 0.26750670432948087 0.01936816534054513 0.053234084308955334
6 0.2740251092855022 0.20245387607064966 0.009629538669636251 0.021929542154477667
6 0.00703125 0.27890625 0.0140625 0.0421875
6 0.00859375 0.25625 0.0171875 0.040625
6 0.022798416613638805 0.23927612343837099 0.0144261266709089 0.03133181323171659
6 0.022916595281684195 0.22911987343837098 0.014389764003818006 0.028206813231716588
6 0.035489320615865974 0.22294259631100796 0.012790901336727112 0.02507272287263689
6 0.07623249928391136 0.21302269564707804 0.011228401336727112 0.025063632513557366
6 0.13181033728518404 0.20397040339440445 0.01121022000318166 0.023501132513557364
6 0.20144158461968398 0.19578117437344744 0.011173857336090798 0.020376132513557365
6 0.25849101595322943 0.19455047247985346 0.009611357336090798 0.020367042154477665
6 0.3171875 0.253125 0.025 0.084375
6 0.30389387527850253 0.25419363807270223 0.024382929344363192 0.08138635538619425
6 0.00625 0.26953125 0.0125 0.0609375
1 0.16484375 0.79765625 0.3296875 0.3890625
2 0.2 0.440625 0.259375 0.246875
4 0.16484375 0.92265625 0.3296875 0.1546875
5 0.16484375 0.65234375 0.3296875 0.6953125
9 0.6594551739735921 0.35123330629782956 0.04262385200509069 0.03774543969514967
9 0.5377614399665924 0.4020913034691592 0.06300907733927233 0.04411361436318475
9 0.5388608633036377 0.374752098648699 0.03944430800445424 0.03303975897699045
9 0.561308027967865 0.3928526588553535 0.04736589600572696 0.042460210772388506
9 0.4499614479630926 0.4273634933607006 0.05367044000636341 0.04718407220870695
8 0.8046574912874112 0.49583780005131367 0.10312609468490841 0.13496587334017515
8 0.453125 0.7203125 0.246875 0.234375