6 0.03125 0.19375 0.0625 0.15
9 0.16953125 0.23671875 0.3390625 0.2640625
5 0.6265625 0.184375 0.55 0.36875
2 0.2788487253085238 0.603339522451981 0.006286361436318444 0.006286361436318444
2 0.26086633976990437 0.6011003115813965 0.007867042154477843 0.009420451795397966
2 0.06858793617910823 0.5865934257481895 0.015770445745273774 0.02509090359079611
2 0.05240439997655892 0.6249701245185255 0.020448855386194252 0.023555674668035032
3 0.05847713797450638 0.5944650130822071 0.01418976502711473 0.02195681323171659
3 0.05637882766965596 0.6366661486208265 0.007867042154477843 0.009420451795397966
4 0.2758555355151783 0.6260139531701402 0.01736930718159222 0.03134999394987581
4 0.2586498547970191 0.622988947120016 0.015788626463433174 0.02821590359079611
4 0.045568592696770695 0.6586047811343838 0.029932939695149586 0.042360216822512696
4 0.031910092794966524 0.5938382991865605 0.05039088544042354 0.06747839149054773
5 0.0375 0.64921875 0.075 0.1890625
5 0.044900972185265876 0.6781405763139237 0.053897680521767556 0.13312157220870696
5 0.25862258371978014 0.618301447120016 0.023701120413308983 0.045448855386194253
5 0.2766140596174793 0.6221031579906005 0.02214771077238851 0.04700226502711473
5 0.515625 0.63671875 0.33125 0.5359375
5 0.62109375 0.684375 0.4234375 0.63125
7 0.63671875 0.521875 0.2921875 0.30625
7 0.4875 0.4953125 0.153125 0.253125
0 0.59140625 0.39375 0.1390625 0.05
0 0.74375 0.40625 0.14375 0.075