6 0.10071605484390131 0.2652646573838158 0.05676815046753827 0.08971702800763595
6 0.28916547648687424 0.23854925807604194 0.030023843285945873 0.058157945337363515
9 0.2 0.35078125 0.4 0.2171875
5 0.62734375 0.31328125 0.2078125 0.2921875
5 0.7625 0.37734375 0.19375 0.1640625
5 0.82421875 0.3375 0.1421875 0.24375
4 0.8233354225267357 0.33550771610435887 0.0615738251355733 0.11008407200827222
4 0.7375 0.4140625 0.065625 0.090625
4 0.659375 0.3703125 0.1 0.178125
3 0.8392558591968232 0.28490827943981323 0.021993174668035208 0.020567038669636162
3 0.7739303201656036 0.36696625409767736 0.011019313231716588 0.014189769334818081
3 0.6463416513513011 0.2732878847469508 0.02363748789975162 0.034647720003181705
0 0.8488672085328932 0.24439236744108594 0.039317030054229464 0.044204533338636054
0 0.7709825821676561 0.3364611414305864 0.05350679508134402 0.06624316534054522
0 0.6677808349963265 0.2141583327498143 0.0754545179539809 0.07899770401018139
8 0.28203125 0.540625 0.2359375 0.1625
0 0.8953125 0.52734375 0.209375 0.1359375
0 0.79296875 0.4890625 0.1890625 0.059375
3 0.4984375 0.50234375 0.121875 0.0859375
3 0.7424126754536019 0.6202997920909958 0.11169199980360815 0.1309783746817267
3 0.826664955606027 0.6423753341024498 0.08566583098930565 0.22285679201145392
4 0.8171875 0.88359375 0.365625 0.2328125
4 0.68359375 0.8375 0.2671875 0.325
4 0.49375 0.7375 0.1875 0.525
5 0.54453125 0.7296875 0.2890625 0.540625
5 0.703125 0.7296875 0.38125 0.540625
5 0.8203125 0.7296875 0.359375 0.540625