6 0.045320548597385366 0.2 0.06476245764913058 0.1203125
6 0.3995176900879331 0.15 0.05207156010845857 0.0875
6 0.6236091750608185 0.171875 0.03160452400410509 0.0609375
6 0.7460199853656688 0.2140625 0.029987481849627427 0.0515625
9 0.39453125 0.3796875 0.7890625 0.759375
4 0.89453125 0.5671875 0.2109375 0.384375
1 0.89453125 0.26015625 0.2109375 0.3671875
2 0.88828125 0.08203125 0.1984375 0.1171875
5 0.89453125 0.3796875 0.2109375 0.759375
8 0.34296875 0.8796875 0.6859375 0.240625
8 0.53203125 0.8796875 0.5140625 0.240625