6 0.31328125 0.0328125 0.0421875 0.065625
6 0.09220776424154775 0.1375 0.04587610226293633 0.096875
9 0.41015625 0.234375 0.6015625 0.409375
4 0.9015625 0.21171875 0.196875 0.4234375
0 0.875 0.21953125 0.25 0.4390625
9 0.875 0.21953125 0.25 0.4390625
5 0.3328125 0.7875 0.178125 0.425
5 0.47561113758172285 0.8296875 0.1722941982793568 0.340625
5 0.5078327642415477 0.728125 0.12377488504764003 0.3265625
4 0.49115834864869895 0.68203125 0.0553056444174139 0.10625
4 0.43629865270703333 0.78671875 0.059929511903856536 0.0953125
4 0.3534225201934761 0.77578125 0.08706470452587264 0.19375
3 0.49008166197861147 0.63125 0.020421584308955333 0.01875
3 0.4547077642415477 0.728125 0.009447722872636889 0.0125
3 0.308323122751 0.678125 0.02050339754067192 0.0328125
0 0.4875015626425414 0.590625 0.03618293969514959 0.0421875
0 0.4428208425985748 0.69921875 0.050363614363184796 0.0625
0 0.3095220083878153 0.615625 0.07073974687674198 0.0734375
8 0.92734375 0.79453125 0.1453125 0.4109375