5 0.83125 0.53984375 0.1625 0.3390625
5 0.9421875 0.5953125 0.115625 0.228125
5 0.98125 0.55234375 0.0375 0.3140625
4 0.99375 0.50859375 0.0125 0.1046875
4 0.9382763239179128 0.599488856368153 0.057340880012726456 0.09407725292686635
4 0.860469497254958 0.5725996243221338 0.0819238040260899 0.1926511083130606
3 0.9693632392584579 0.5461865943661003 0.009520450668363623 0.012554542154477844
3 0.838250146602503 0.4680484797083281 0.020694308004454244 0.03293067466803503
0 0.9634586845958214 0.5165354558024189 0.047584072008272214 0.06121021077238851
0 0.8537938779440026 0.4078058712970717 0.0695681600095451 0.07071247579950324
8 0.19453125 0.83046875 0.3890625 0.2421875
8 0.65546875 0.9234375 0.3921875 0.153125