3 0.5905734403825207 0.015955235463864702 0.05015453610435348 0.026853391490547728
0 0.55078125 0.01015625 0.0953125 0.0203125
5 0.63359375 0.1671875 0.3578125 0.334375
4 0.5612490338648584 0.08799840710683764 0.14757495764913048 0.12116699375348397
7 0.2328125 0.4765625 0.209375 0.053125
5 0.06796875 0.7984375 0.1359375 0.403125
5 0.1671875 0.5796875 0.334375 0.259375
1 0.5622433864223823 0.8957376633533535 0.11350902985783762 0.17409200585373236
3 0.5630665847999348 0.6199609585328933 0.07704428903121965 0.08325792759490139
2 0.5703125 0.478125 0.109375 0.05625
4 0.54375 0.809375 0.228125 0.38125
5 0.58828125 0.725 0.3171875 0.55