8 0.69765625 0.1609375 0.4421875 0.321875
5 0.054966839475316845 0.9565676416869394 0.00630454215447771 0.009411361436318443
8 0.03515625 0.96328125 0.0703125 0.0515625
8 0.19140625 0.7125 0.1765625 0.575
8 0.8109375 0.75703125 0.378125 0.4859375
8 0.3234375 0.81328125 0.0875 0.3734375
9 0.8671875 0.4046875 0.103125 0.05
9 0.715625 0.3953125 0.103125 0.03125
9 0.38271004439397294 0.7040233829063408 0.04719316256778665 0.05496021077238851
9 0.5519731288011241 0.6569433289462022 0.04564884328594587 0.058076120413308986
9 0.4185202793668582 0.6819393046475095 0.12547269867214011 0.08197722872636941
9 0.371463993066113 0.7853415605994378 0.08171360831306052 0.08016019867214004
0 0.3416037762436003 0.7558267774219507 0.009429542154477666 0.009429542154477843
7 0.33934638465485667 0.7706841629605701 0.011037493949875809 0.017251132513557366
5 0.3401049087571576 0.7667733677810302 0.01581589754067192 0.032903403590796285
0 0.695733260921898 0.926428606269957 0.010992042154477666 0.009438632513557366
7 0.6982542729239507 0.9568837207313375 0.02210225897699054 0.03918976502711473
5 0.6890625 0.959375 0.04375 0.08125
0 0.4873889749157404 0.8362313740275462 0.009420451795398143 0.007867042154477843
4 0.48907419476331526 0.8573160336684665 0.015797716822512697 0.02977840359079629
5 0.48682589353365124 0.873735919207086 0.02863406010845857 0.08766362646343318
5 0.472745212815492 0.8706927324388026 0.03020565046753827 0.0892352168225127
5 0.52578125 0.96484375 0.0453125 0.0703125
5 0.49609375 0.965625 0.0484375 0.06875
5 0.4765625 0.96171875 0.0375 0.0765625
5 0.45859375 0.95859375 0.0453125 0.0828125
5 0.4808258784083407 0.9167410306434045 0.014171584308955331 0.018831813231716767
5 0.46042247481754456 0.9012342053114395 0.02209316861791084 0.037627265027114734
0 0.46114009230398717 0.8902921601318997 0.01571590359079611 0.015715903590796287
7 0.4604679266129426 0.9090467053114395 0.01259999394987581 0.01726022287263689
0 0.44705032122674837 0.8856864733636163 0.011010222872636888 0.012563632513557365
7 0.4417497428697213 0.914624539620395 0.02213862041330881 0.045439765027114734
5 0.4417224717924825 0.9099370396203948 0.026944295081344015 0.0657795361043533
0 0.4527008784083407 0.9169046571068377 0.01415340359079611 0.01570681323171641
7 0.44348495969223406 0.9443029492613153 0.02210225897699054 0.03918976502711473
5 0.4375 0.953125 0.04375 0.09375
7 0.4638565470262515 0.9543410245932803 0.033076120413308985 0.045503397540671744
7 0.48184802292395057 0.9581427354638647 0.026835210772388506 0.047029536104353654
7 0.49909915543750794 0.9689802415139889 0.03778180113146821 0.048655668617910666
7 0.5295724506170477 0.9695842295119362 0.034629530054229286 0.043949987899751616
0 0.5309531434354554 0.9383251391528568 0.01259090359079611 0.015697722872636887
0 0.506743483794535 0.9400285397185908 0.012581813231716588 0.014135222872636887
0 0.48165712538327865 0.9253302354638647 0.011001132513557365 0.011001132513557365
0 0.4652508753832786 0.9254256842342006 0.012581813231716588 0.014135222872636887
0 0.4772099990180414 0.8323842113615637 0.011001132513557365 0.011001132513557365
0 0.4451832941975812 0.8333518137226958 0.012572722872636888 0.012572722872636888
0 0.43810204722264323 0.8247989703385542 0.011010222872636888 0.012563632513557365
0 0.399307712815492 0.8711199793155446 0.011010222872636888 0.012563632513557365
0 0.42904975496996967 0.8803222624930319 0.014144313231716587 0.014144313231716766
0 0.4089145169720222 0.910909187161067 0.01416249394987581 0.01726931323171641
0 0.3964463332288009 0.9164506600337038 0.012581813231716588 0.014135222872636887
0 0.35330032122674837 0.8862318949083934 0.014153403590796199 0.015706813231716764
0 0.3097684898446592 0.9239864249626226 0.01104658430895542 0.018813632513557367
6 0.371182712815492 0.8712836057789778 0.014244307181592397 0.03133181323171641
7 0.30994575184671175 0.9544551749626227 0.026817030054229286 0.0439045361043533
5 0.31875 0.95546875 0.0625 0.0890625
5 0.3465508723582165 0.9347103015242517 0.04286927693097135 0.11743293969514994
5 0.3869622489198455 0.8977552021881816 0.03793633723582168 0.07521816861791067
5 0.409375 0.95078125 0.046875 0.0984375
5 0.3890625 0.95 0.046875 0.1
5 0.42216395071524354 0.9053631691088901 0.02850679508134384 0.06578862646343317
5 0.44372987850653656 0.8521109040817756 0.02219316256778665 0.05481476502711473
5 0.4335372670702181 0.845919991415793 0.022220433645025395 0.05950226502711473
7 0.34645087840834077 0.9175228015242517 0.026835210772388506 0.0470295361043533
7 0.3916224778426066 0.8930404311109428 0.020485216822512697 0.029805674668035208
7 0.39504291451269424 0.9438035003927835 0.028379530054229284 0.04391362646343318
7 0.4122440500513136 0.9460472564429077 0.028406801131468075 0.048601126463433175
7 0.42217304107432324 0.90692566910889 0.023692030054229284 0.04388635538619425
7 0.44375714958377543 0.8567984040817755 0.01738748789975162 0.03447499394987581
7 0.432783288147457 0.8506120365953329 0.017369307181592398 0.03134999394987581
7 0.47500714958377543 0.8566165969001831 0.022074987899751618 0.03450226502711473
6 0.502286746189371 0.71114047043675 0.009529536104353475 0.026617042154477844
6 0.5131969751121321 0.7063893379231927 0.009484084308955332 0.018804542154477667
6 0.5084549329576544 0.6970416090004316 0.009547716822512698 0.029742042154477843