8 0.775 0.26953125 0.45 0.5390625
5 0.96796875 0.034375 0.0578125 0.06875
0 0.05390625 0.5484375 0.0640625 0.01875
0 0.50078125 0.6140625 0.0984375 0.1125
4 0.16600045404995226 0.7169642653217022 0.19044537603436207 0.2542158430895542
4 0.03359375 0.67421875 0.0671875 0.1546875
4 0.48828125 0.8578125 0.1234375 0.284375
0 0.128125 0.553125 0.040625 0.028125
5 0.12578125 0.56796875 0.0546875 0.0578125
5 0.05234375 0.76171875 0.1046875 0.4453125
5 0.475 0.77890625 0.15 0.4421875
5 0.16953125 0.76953125 0.2640625 0.4609375
3 0.51796875 0.69375 0.0640625 0.053125
3 0.19015447469763497 0.5769705243968886 0.07558180267345423 0.05043633723582168
3 0.050328906031180384 0.5793466115345144 0.047238626670908876 0.03152271077238851
5 0.7734375 0.76953125 0.446875 0.4609375
4 0.7296875 0.83671875 0.359375 0.3265625
1 0.69375 0.6359375 0.225 0.19375