6 0.896875 0.2765625 0.20625 0.284375
4 0.6421875 0.059375 0.35 0.11875
5 0.78671875 0.19140625 0.2765625 0.3828125
5 0.62734375 0.209375 0.4859375 0.41875
5 0.509375 0.20859375 0.259375 0.4171875
7 0.15859375 0.49765625 0.1359375 0.1578125
7 0.34921875 0.540625 0.0609375 0.24375
3 0.321875 0.45 0.028125 0.0625
0 0.31796875 0.43046875 0.0671875 0.0234375
5 0.3046875 0.67109375 0.15 0.5046875
5 0.153125 0.6609375 0.275 0.484375
8 0.7625 0.6578125 0.4125 0.478125
9 0.4751052566040938 0.5484375 0.04126134667409058 0.0546875
9 0.3921875 0.578125 0.025 0.075
0 0.6268019272358681 0.80546875 0.011046588001272718 0.009375
7 0.6303627318985047 0.83515625 0.01918635200509069 0.0375
5 0.6215417152291867 0.8546875 0.038754512014635624 0.1078125
0 0.4183541752466858 0.72578125 0.007903406667727176 0.0078125
4 0.4204433865770496 0.74765625 0.014407945337363514 0.0296875
5 0.4186899825748224 0.7640625 0.02443747334499946 0.0859375
5 0.4046638452419133 0.7609375 0.026018154678544958 0.0875
5 0.461957629893414 0.87265625 0.038790874681726525 0.1109375
5 0.43224285789309586 0.875 0.04193405601527189 0.1125
5 0.4127479705601867 0.871875 0.03259541868236297 0.115625
5 0.396875 0.865625 0.034375 0.115625
5 0.4143110179026408 0.8046875 0.014262494668999893 0.0171875
5 0.3933718092377771 0.79140625 0.019168170671545148 0.0359375
0 0.3942621472390498 0.78203125 0.01424431333545444 0.015625
7 0.3948434025700499 0.79921875 0.011119313335454439 0.015625
0 0.38203125 0.77734375 0.0046875 0.0109375
7 0.3828125 0.8046875 0.00625 0.04375
5 0.3828125 0.80078125 0.00625 0.0640625
0 0.38693090523554996 0.8078125 0.012681813335454439 0.015625
7 0.38359375 0.834375 0.0078125 0.0375
5 0.3859375 0.86015625 0.0125 0.1234375
7 0.39901273456400477 0.84375 0.0301965773392725 0.04375
7 0.41694512189691385 0.846875 0.023964758672817867 0.0453125
7 0.4340235338956412 0.85625 0.03490225867281786 0.0453125
7 0.4644922838956411 0.85625 0.03330339600572714 0.0421875
0 0.46486500123332275 0.82421875 0.012663632001908986 0.0140625
0 0.4398286385662319 0.82734375 0.012645450668363622 0.0125
0 0.4157644299013682 0.8140625 0.00950226933481808 0.0109375
0 0.3993581799013682 0.8140625 0.011101132001908987 0.0140625
0 0.408225197247004 0.7234375 0.011064769334818082 0.0109375
0 0.38125 0.72578125 0.003125 0.0109375
5 0.38203125 0.74375 0.0046875 0.053125
7 0.40717122724382226 0.746875 0.020694308004454286 0.0328125
6 0.42836606926323045 0.60390625 0.008103401336727245 0.025
6 0.4385859539306395 0.5984375 0.008030676002545433 0.01875
6 0.4340075419319122 0.5890625 0.008157945337363515 0.0296875