4 0.05859375 0.29453125 0.1171875 0.1796875
5 0.12890625 0.31171875 0.2578125 0.3765625
5 0.8 0.82421875 0.165625 0.3515625
5 0.66875 0.8796875 0.1625 0.240625
5 0.6168763442679045 0.8360669587046345 0.11589875253408284 0.31695223734881744
4 0.6218365550402931 0.789246502705271 0.052153373340175155 0.10216248400699968
4 0.6963320401113743 0.8768379567154524 0.056786331185697494 0.09284202800763594
4 0.773067256933887 0.8480413420591791 0.0807783430895543 0.18842724801081764
3 0.6119621061717612 0.7406908240372256 0.02042158430895551 0.018986357336090796
3 0.6661723623200813 0.823358420711316 0.009447722872636889 0.012609088001272539
3 0.7947518802740621 0.7467242900620426 0.020503397540672097 0.033048857336090795
0 0.6051581151487516 0.701546508036271 0.03460225897699054 0.039462489337999784
0 0.6718092839630542 0.7945158053787251 0.04722952400410509 0.06148294000636341
0 0.7802490187395478 0.6879578173933608 0.06914997579950324 0.06954997867599957