5 0.3734375 0.1984375 0.153125 0.396875
8 0.50625 0.0953125 0.1125 0.165625
8 0.5707714120782692 0.27300220452587265 0.2164260733609078 0.2043703791939077
6 0.821875 0.421875 0.025 0.015625
6 0.5902833860598153 0.13718742437344744 0.0064681760025454334 0.018786361436318445
7 0.6461066720639516 0.16797888212077386 0.009629538669636162 0.021929542154477667
0 0.6451436087284972 0.1523493369412341 0.0047602253341818114 0.006277271077238922
5 0.6438083753978152 0.1718714965821544 0.016170440006363408 0.04696590359079629
0 0.9716879273949518 0.15268672198887412 0.006304544000636269 0.004723861436318444
0 0.977211221395588 0.1574060382456528 0.006340906667726997 0.007848861436318444
7 0.9694896280633152 0.16517308645025475 0.007957950668363623 0.012545451795398144
7 0.9758123533974971 0.1714594478865732 0.011173857336090975 0.020376132513557365
5 0.9766026940642698 0.17224524306611305 0.012954533338636054 0.03913522287263689
5 0.966437353397497 0.17140490573209544 0.016152258672817867 0.04540340359079629
1 0.17734375 0.88515625 0.3546875 0.2296875
2 0.18984375 0.66171875 0.3796875 0.1984375
5 0.225 0.76640625 0.45 0.4671875
5 0.8265625 0.71484375 0.346875 0.5703125