5 0.178125 0.09765625 0.35625 0.1953125
2 0.790645370703362 0.050592956863563646 0.07249316534054522 0.05354315651766246
3 0.7464322940404072 0.07767763162979455 0.03630112667090888 0.03145907825883123
5 0.7796875 0.12734375 0.121875 0.2203125
0 0.30132252542167776 0.6861390505422931 0.1870112933640895 0.22763516237139497
3 0.3398866807765405 0.8449464239806639 0.03499316534054522 0.05332498789975162
0 0.6703125 0.86875 0.096875 0.234375
0 0.10454588072881532 0.49203855083688053 0.15205449069063529 0.17743517447164336
4 0.29765625 0.93046875 0.2078125 0.1390625
4 0.11953125 0.80859375 0.2390625 0.3828125
5 0.1375 0.69765625 0.275 0.6046875
5 0.32265625 0.78203125 0.3140625 0.4359375
5 0.61875 0.87109375 0.2 0.2578125