4 0.33125 0.15546875 0.115625 0.2234375
3 0.3154689012531051 0.03089793765204618 0.028288626463433175 0.028288626463433175
0 0.3390625 0.0140625 0.1 0.028125
5 0.2421875 0.23984375 0.29375 0.4796875
0 0.84140625 0.23984375 0.3171875 0.4796875
7 0.52109375 0.23984375 0.2640625 0.4796875
5 0.69453125 0.23984375 0.6109375 0.4796875
8 0.19453125 0.73984375 0.3890625 0.5203125
8 0.28125 0.79609375 0.215625 0.4078125
7 0.21484375 0.9703125 0.0328125 0.059375
4 0.2671875 0.9828125 0.015625 0.034375
5 0.28671875 0.96171875 0.0828125 0.0765625
8 0.73046875 0.73984375 0.5390625 0.5203125
8 0.609375 0.809375 0.440625 0.38125