3 0.41770408782499685 0.06930593179831375 0.04393180718159222 0.031504530054229284
4 0.43203125 0.14140625 0.0953125 0.1546875
0 0.43671875 0.03359375 0.0859375 0.0671875
5 0.1484375 0.11640625 0.296875 0.2328125
5 0.32265625 0.2265625 0.3140625 0.453125
8 0.74296875 0.29453125 0.5140625 0.5890625
4 0.31484375 0.865625 0.2109375 0.26875
3 0.4268831242239379 0.9268326063681529 0.06159200585373252 0.11285452400410527
5 0.23984375 0.82578125 0.4796875 0.3484375
1 0.64375 0.73671875 0.328125 0.2953125
4 0.73984375 0.8953125 0.5203125 0.209375
5 0.73984375 0.79453125 0.5203125 0.4109375