4 0.2484375 0.35859375 0.23125 0.0609375
4 0.02578125 0.13515625 0.0515625 0.1296875
3 0.0234375 0.10390625 0.046875 0.0328125
3 0.13515625 0.341467420857406 0.028125 0.028288626463433175
0 0.1703125 0.2862032039366974 0.1515625 0.07275676483072288
2 0.0484375 0.05 0.096875 0.075
5 0.06796875 0.2 0.1359375 0.378125
5 0.2125 0.3109375 0.425 0.15625
8 0.7375 0.22578125 0.4375 0.3265625
5 0.55546875 0.21570383069471816 0.025 0.03452044574527395
0 0.2109375 0.5641635357115701 0.05 0.04560339149054773
4 0.21953125 0.656401032686508 0.0640625 0.10506020472226432
5 0.26171875 0.7246152223816577 0.1734375 0.3869465298578376
7 0.63828125 0.92890625 0.2390625 0.1421875
5 0.6390625 0.69453125 0.240625 0.6109375