4 0.33209734416970865 0.2318177859245944 0.20725902985783762 0.1758374360279987
0 0.3179626421779188 0.11011550859327608 0.11749657220870695 0.05448860001590834
5 0.24609375 0.06640625 0.3546875 0.1328125
5 0.2984375 0.28359375 0.290625 0.4109375
4 0.275 0.86796875 0.55 0.2640625
1 0.290625 0.621875 0.51875 0.265625
5 0.275 0.74453125 0.55 0.5109375
4 0.9171875 0.871875 0.165625 0.25625
4 0.8338633354873058 0.8224229625636866 0.09296927088084708 0.13544769867918127
4 0.659375 0.88046875 0.21875 0.2390625
4 0.6602354588274809 0.7228876812540037 0.04568520472226432 0.06458975867281787
4 0.57734375 0.77734375 0.0546875 0.3296875
0 0.60625 0.503125 0.1125 0.028125
0 0.6517104074014253 0.5769030192552764 0.0784795240041051 0.061846566677272105
0 0.6873433803722581 0.6288285985837311 0.045621572208706954 0.053652258672817865
0 0.7656047357584523 0.6044820319064589 0.11621587334017525 0.10290791868236297
0 0.8746842990883646 0.6539905885582777 0.07846134328594587 0.05872156667727228
0 0.959375 0.6953125 0.08125 0.0625
3 0.8601854618525431 0.7291542205601867 0.04708407825883114 0.03648294000636341
3 0.7336365973911624 0.7282831585773677 0.06745112041330899 0.0460942973424542
3 0.6674939678044713 0.6837433652530491 0.028252265027114733 0.022202264003817973
3 0.6418808894474444 0.655137107256549 0.0361102168225127 0.030105670671545327
3 0.5844820007855669 0.5847160665977305 0.06438066256778666 0.055432934675363296
5 0.5890625 0.74453125 0.078125 0.5109375
5 0.6514695128858154 0.6183092692552764 0.06804199375348396 0.14765679734245402
5 0.6667354437021704 0.6798462059198218 0.07431926483072289 0.15241702267663584
5 0.68046875 0.76796875 0.2609375 0.4640625
5 0.8381831968254284 0.7512837592298229 0.14836581888905725 0.2579590453532717
5 0.7979172660090732 0.6900377239020046 0.05073631908544911 0.12714430267345414
5 0.953125 0.703125 0.09375 0.1
5 0.871875 0.74453125 0.25625 0.5109375