4 0.321875 0.1078125 0.075 0.090625
2 0.22686030263368334 0.08407658079291398 0.07093066534054512 0.05353406615858276
3 0.2703012199634108 0.11089361084714326 0.036282945337363516 0.02989657825883114
5 0.26796875 0.1609375 0.1828125 0.215625
4 0.5504325206079118 0.28416346008501747 0.18257833203372567 0.24948289129415607
2 0.77421875 0.29921875 0.1953125 0.2390625
3 0.6401484539306395 0.3628157009116353 0.05121814934754489 0.10497839149054773
5 0.640625 0.2609375 0.5625 0.315625
5 0.19296875 0.71953125 0.3328125 0.5609375
2 0.28203125 0.54296875 0.1546875 0.2296875
1 0.28828125 0.8421875 0.1421875 0.1875
6 0.434375 0.68671875 0.15 0.5359375
2 0.5739881992759572 0.5133969630118838 0.14531359468490823 0.1352113130353249
3 0.5564627025780041 0.7437793546006273 0.10279883068109026 0.10684087334017515
4 0.52265625 0.890625 0.2546875 0.21875
5 0.56171875 0.709375 0.4046875 0.58125