4 0.2665087056060271 0.26015625 0.1979567527304745 0.1859375
3 0.3608813952029809 0.153125 0.022020445745273953 0.025
0 0.3205336511549093 0.10546875 0.13935339149054773 0.05
5 0.43125 0.08828125 0.1375 0.1765625
5 0.31875 0.33984375 0.353125 0.5203125
3 0.721875 0.05546875 0.196875 0.1109375
4 0.71171875 0.11015625 0.4234375 0.1859375
5 0.75 0.103125 0.5 0.20625
3 0.6229167451282261 0.471875 0.23528403590796182 0.15625
2 0.638174627347196 0.26640625 0.238045421544777 0.09375
5 0.75 0.40859375 0.5 0.3828125
5 0.81484375 0.63671875 0.0921875 0.0734375