4 0.4859375 0.0328125 0.10625 0.065625
5 0.471875 0.10625 0.134375 0.2125
5 0.2625 0.10703125 0.4375 0.2140625
6 0.90703125 0.2546875 0.1859375 0.509375
5 0.76953125 0.30859375 0.4609375 0.4015625
3 0.715625 0.48671875 0.134375 0.0453125
2 0.7181970507386847 0.2015625 0.16668857201231538 0.1828125
7 0.39891176131468153 0.6890625 0.16675220452587247 0.19375
0 0.5125 0.6296875 0.053125 0.1375
3 0.49260267398066393 0.67890625 0.02220225292686635 0.05625
5 0.41171875 0.778125 0.2546875 0.44375
7 0.6342679992144331 0.71875 0.1559601502711466 0.21875
0 0.7550026800307881 0.65703125 0.06796018052176755 0.1328125
3 0.7248566377781146 0.7125 0.01894998789975162 0.034375
5 0.665625 0.7953125 0.253125 0.409375
5 0.978125 0.7546875 0.04375 0.490625