2 0.1569772287263694 0.0734375 0.10349770472226431 0.0640625
4 0.11441299970541241 0.14296875 0.16961358411256366 0.1484375
3 0.1361380087805987 0.1171875 0.06892271682251269 0.0296875
5 0.11796875 0.20703125 0.2359375 0.3734375
2 0.385812839377121 0.4515625 0.06925906010845857 0.0875
3 0.3765625 0.48984375 0.034375 0.0203125
5 0.3984375 0.45078125 0.178125 0.0984375
5 0.13203125 0.53671875 0.0390625 0.0734375
7 0.12954868295765448 0.52265625 0.015815897540672096 0.0328125
8 0.1546875 0.71953125 0.309375 0.4390625
8 0.6953125 0.75 0.609375 0.5