4 0.2390625 0.0921875 0.240625 0.184375
5 0.21640625 0.23359375 0.2859375 0.4671875
4 0.89375 0.2078125 0.2125 0.109375
4 0.90546875 0.4796875 0.1890625 0.19375
0 0.9202455812778663 0.35720605034590125 0.1226204346753633 0.0647715480082102
2 0.7333375693030014 0.17094986689726746 0.07725339067472685 0.05982042759490121
3 0.7767330332988652 0.2016731469514968 0.039462489337999784 0.03460225897699045
5 0.834375 0.2609375 0.33125 0.25
5 0.8546875 0.48125 0.290625 0.3375
4 0.26328125 0.86796875 0.1921875 0.2640625
5 0.21171875 0.825 0.2953125 0.35
8 0.6796875 0.825 0.640625 0.35