4 0.3671875 0.2195803205760951 0.21875 0.21035788669636232
3 0.26171875 0.1200263105904126 0.025 0.02685340133672707
0 0.29921875 0.0664649585853219 0.1484375 0.06578972668681722
5 0.13046875 0.0875 0.2609375 0.175
5 0.3203125 0.2359375 0.40625 0.428125
8 0.82734375 0.06640625 0.3453125 0.1328125
6 0.6234375 0.07043593793763918 0.0296875 0.06128294533736352
6 0.9203125 0.24041898456400473 0.090625 0.20417951734563572
6 0.9671875 0.21171875 0.065625 0.1828125
6 0.9859375 0.17109375 0.028125 0.1515625
6 0.9875 0.1234375 0.025 0.140625
6 0.9859375 0.03515625 0.028125 0.0671875
9 0.90390625 0.0078125 0.0515625 0.015625
9 0.88359375 0.0125 0.0734375 0.025
3 0.21484375 0.6822546852721392 0.1 0.09647610534690862
3 0.39921875 0.6168280379137767 0.121875 0.1295431440165448
2 0.37421875 0.5272751892505039 0.10625 0.05279883068109026
2 0.22265625 0.561851278604412 0.1140625 0.07476473734881743
4 0.40703125 0.8203125 0.3390625 0.359375
4 0.15703125 0.8578125 0.2953125 0.284375
5 0.16796875 0.759375 0.3359375 0.48125
5 0.31015625 0.7375 0.5390625 0.525
8 0.78984375 0.61875 0.4203125 0.3375