3 0.5296875 0.01484375 0.0625 0.0296875
4 0.45078125 0.03359375 0.2359375 0.0671875
5 0.42734375 0.13984375 0.2828125 0.2796875
8 0.784375 0.234375 0.43125 0.46875
9 0.0640625 0.91484375 0.128125 0.1703125
0 0.33784789530117687 0.93671875 0.029969301131468028 0.0484375
4 0.334527452580965 0.9703125 0.04252384328594587 0.0578125
5 0.33359375 0.953125 0.0796875 0.09375
1 0.9670682835702706 0.7078125 0.03930793969514994 0.0421875
2 0.9921875 0.6828125 0.015625 0.05
4 0.8809398860295987 0.740625 0.13202268052176755 0.1328125
4 0.76171875 0.553125 0.2859375 0.16875
5 0.87890625 0.79921875 0.2421875 0.3453125
5 0.74453125 0.70546875 0.3515625 0.4734375