5 0.109375 0.3078125 0.21875 0.409375
5 0.18125 0.11015625 0.275 0.2203125
8 0.7203125 0.26484375 0.559375 0.5296875
8 0.5453125 0.35859375 0.453125 0.3421875
8 0.2484375 0.7421875 0.140625 0.246875
8 0.26640625 0.6859375 0.1046875 0.3125
8 0.9109375 0.7234375 0.178125 0.3875
8 0.4622872974219959 0.7714920973106374 0.20777942138763383 0.4023635733609078
9 0.5810089307367695 0.6333733846276381 0.042769302673454135 0.050490896005727134
9 0.7397748560629971 0.5791751386060028 0.04126134667409058 0.055160214672181594
9 0.6151203014003606 0.6103171452896384 0.11804202267663584 0.07480110001590834
9 0.5748776567472691 0.7107989506285927 0.07583634134309047 0.07274770401018138
0 0.5448901647437692 0.6853631459659562 0.007903406667727176 0.007903406667727176
7 0.5434912967456782 0.6994438272995016 0.009556813335454351 0.01573408800127272
5 0.5434458434118146 0.6955375772995016 0.012863626670908878 0.03139545066836362
0 0.8934742100970411 0.8282018899188675 0.011046588001272539 0.00950226933481808
7 0.8977077241008591 0.8562814365850038 0.019168170671545325 0.036155676002545434
5 0.8901134001034043 0.875122343252731 0.037155649347544895 0.10510567067154533
0 0.6886679840865415 0.753230803946548 0.007903406667727176 0.007903406667727176
4 0.6912480914226322 0.7735160319462298 0.012845445337363514 0.029832950668363622
5 0.6898674047580867 0.7891592132797752 0.024401110677908556 0.0830852200031817
5 0.6765588827577685 0.7869700046149115 0.02443747334499946 0.08621022000318171
5 0.7348628261059498 0.8956813859405027 0.03719201201463562 0.10823067067154532
5 0.7059838481062679 0.8983614906110935 0.041897693348181164 0.1098477146721816
5 0.6871793041056315 0.8938921666136388 0.03255905601527207 0.1128636266709087
5 0.6699372601049951 0.8894046612826386 0.03880905601527207 0.11293635200509086
5 0.6872151194302683 0.8298205759468662 0.012699994668999893 0.01733295066836362
5 0.665966828095132 0.8167847739497296 0.019149989337999784 0.03459317600254543
0 0.6674111494270866 0.8066103426161841 0.014226132001908986 0.014226132001909165
7 0.6668298940960865 0.8238069332829567 0.01111931333545435 0.015752269334818082
0 0.652521946093223 0.802876815284866 0.011064769334818082 0.011064769334818082
7 0.648942960097041 0.8310472686187295 0.0208215773392725 0.04398635733609062
5 0.6488884160964046 0.8263597686187294 0.022602253341817757 0.06275453866963616
0 0.6598986414305864 0.8324824992839114 0.012663632001908986 0.014207950668363622
7 0.653176474100859 0.8591268152848659 0.019168170671545325 0.036155676002545434
5 0.6495611254375862 0.8841722686187294 0.03577496268299925 0.12071248933799979
7 0.6735798807685862 0.8667029579487752 0.0301965773392725 0.044095445337363516
7 0.6900406747692226 0.871199553946548 0.023946577339272503 0.044022720003181706
7 0.7073281721037226 0.8795933092775481 0.03490225867281786 0.04571248933799978
7 0.7362253314369498 0.8784757046069572 0.031722714672181594 0.040988626670908704
0 0.7358798860995863 0.8487882046069573 0.012663632001908986 0.014207950668363622
0 0.7132509080999044 0.8513955839433663 0.012645450668363622 0.012645450668363622
0 0.6880963667647683 0.8384052352800934 0.00950226933481808 0.011046588001272539
0 0.672480457431541 0.839368298615548 0.011082950668363623 0.012627269334818081
0 0.6784662807526779 0.7494427326145934 0.011046588001272718 0.00950226933481808
0 0.6488151434197688 0.7529131779519568 0.012627269334818081 0.011082950668363623
0 0.6409117367520415 0.745191584619684 0.009520450668363623 0.012609088001272539
0 0.6062827454248595 0.7909131646244565 0.009520450668363623 0.012609088001272717
0 0.6352799020925867 0.7983893099538658 0.012645450668363622 0.012645450668363622
0 0.6176747787634955 0.8298483952896383 0.012681813335454529 0.015770450668363623
0 0.6052293227641319 0.8346813459580019 0.011101132001908987 0.014189769334818081
0 0.5635048994270866 0.8078194012969562 0.012663632001908986 0.014207950668363622
0 0.5233253420989501 0.8465733659691377 0.009574994668999892 0.01729658800127254
6 0.5797475174251776 0.793565997294729 0.011264764003817974 0.02825226933481808
5 0.4288855461091313 0.92268242731541 0.025363626670908877 0.031540901336727246
7 0.5260145374363134 0.8762335939688196 0.023928396005726958 0.042460220003181705
5 0.5355531694382225 0.8901870059675469 0.054379512014635624 0.10843066534054521
5 0.5593719301002227 0.8555301952975926 0.03566587468172653 0.11133748933799978
5 0.5964446687619047 0.8183750932925019 0.03521134134309047 0.07227498933799978
5 0.6213906721037226 0.8805932826225475 0.04042610001590834 0.11764203333863606
5 0.6026497627704952 0.8815927086250929 0.04048064401654461 0.12232953333863605
5 0.630092962762541 0.8226716946212749 0.02416475334181776 0.06277272000318171
5 0.6482429787555414 0.7708910186187294 0.019349984006999676 0.051780676002545434
5 0.6380230940881323 0.765540447286775 0.019404528007636125 0.05646817600254543
7 0.5583906854312228 0.8383517859643653 0.023964758672817867 0.0455852200031817
7 0.6002872840944956 0.8128608899586383 0.01905908267027261 0.026780676002545432
7 0.6063196554344044 0.8612347552912292 0.02705339600572696 0.04249658267027243
7 0.6227440867679499 0.8626063512890021 0.025527258672817865 0.045603401336727245
7 0.6308923940960864 0.8242251039545021 0.020785214672181595 0.040861357336090975
7 0.6482975227561777 0.7755785186187294 0.016006808004454243 0.03299431333545435
7 0.6372963880887687 0.7702370379535475 0.015970445337363515 0.02986931333545435
7 0.6779577507558596 0.7728893232813661 0.02067612667090888 0.0314863573360908
6 0.6966521120703149 0.6335904659452753 0.008103401336727245 0.025090906667727352
6 0.7059634774029059 0.6280126279440026 0.008030676002545433 0.018840906667727177
6 0.7011850707351787 0.6202546719446389 0.008139764003817973 0.02821590666772735