3 0.5328125 0.01328125 0.0125 0.0265625
4 0.40078125 0.0578125 0.2421875 0.115625
5 0.3703125 0.15859375 0.3375 0.3171875
5 0.4953125 0.3890625 0.0875 0.459375
1 0.8265625 0.34453125 0.346875 0.3734375
2 0.78984375 0.0921875 0.4203125 0.184375
4 0.76953125 0.50546875 0.4609375 0.2890625
5 0.76953125 0.325 0.4609375 0.65
1 0.103125 0.6864780139242762 0.071875 0.07114884134309048
1 0.2625 0.7760297679026408 0.059375 0.06162839067472703
2 0.2671875 0.68828125 0.096875 0.0765625
2 0.09453125 0.9318905112587761 0.103125 0.09963746801399935
2 0.1578125 0.9890625 0.11875 0.021875
4 0.49609375 0.79609375 0.0859375 0.2921875
4 0.39765625 0.8046875 0.2328125 0.309375
4 0.2625 0.66484375 0.115625 0.0296875
4 0.25234375 0.90078125 0.2171875 0.1984375
5 0.0765625 0.9359375 0.153125 0.128125
5 0.1 0.825 0.2 0.35
5 0.1171875 0.775 0.234375 0.25
5 0.29453125 0.70390625 0.2203125 0.1078125
5 0.2578125 0.825 0.334375 0.35
5 0.41640625 0.8890625 0.2453125 0.221875
5 0.46875 0.80546875 0.140625 0.3109375
5 0.3859375 0.825 0.30625 0.35
5 0.76953125 0.825 0.4609375 0.35