4 0.584375 0.0515625 0.13125 0.103125
5 0.53203125 0.146875 0.2359375 0.29375
3 0.025 0.6 0.04375 0.040625
1 0.2609375 0.6212050273710892 0.0625 0.058539753341817755
1 0.48203125 0.6886214360677696 0.065625 0.036701116008908664
1 0.02578125 0.909375 0.0515625 0.059375
1 0.221875 0.817625494032453 0.0625 0.06322725334181775
1 0.4671875 0.8228237133990879 0.0703125 0.05550566000954511
1 0.48984375 0.978125 0.0609375 0.04375
1 0.63984375 0.81953125 0.0203125 0.0640625
2 0.6359375 0.7359375 0.028125 0.053125
2 0.625 0.9578125 0.05 0.084375
2 0.4921875 0.6184271147358149 0.084375 0.06660679201145392
2 0.2203125 0.7277635626989076 0.071875 0.061773841343090476
2 0.003125 0.78203125 0.00625 0.0515625
2 0.02265625 0.83046875 0.0453125 0.0546875
2 0.06015625 0.9555874760104995 0.1046875 0.07934314934754454
2 0.26015625 0.9626021867043164 0.0921875 0.06669769867918127
2 0.48359375 0.898014617401315 0.075 0.06024770401018138
2 0.4796875 0.7362504140674514 0.0875 0.07133065467854482
4 0.04296875 0.7359375 0.0859375 0.259375
4 0.10703125 0.68203125 0.1234375 0.2046875
4 0.271875 0.7666447967059072 0.15 0.2564329080203628
4 0.5375 0.7634856234086328 0.0515625 0.1396624840069996
4 0.33984375 0.61640625 0.0828125 0.0734375
4 0.50625 0.6296875 0.134375 0.1
4 0.62265625 0.64921875 0.0546875 0.1390625
4 0.61484375 0.9015625 0.0703125 0.11875
5 0.3453125 0.6578125 0.096875 0.15625
5 0.190625 0.634375 0.078125 0.109375
5 0.27734375 0.75625 0.2171875 0.353125
5 0.10625 0.721875 0.140625 0.284375
5 0.06171875 0.75546875 0.1234375 0.3515625
5 0.0046875 0.834375 0.009375 0.175
5 0.0296875 0.903125 0.059375 0.19375
5 0.22109375 0.84375 0.2140625 0.3125
5 0.46640625 0.93125 0.2109375 0.1375
5 0.46171875 0.84453125 0.2359375 0.3109375
5 0.48671875 0.7394572300684059 0.196875 0.31635334802672616
5 0.49453125 0.66484375 0.2046875 0.1703125
5 0.6046875 0.6921875 0.090625 0.225
5 0.60859375 0.85546875 0.0828125 0.2890625
4 0.84375 0.8671875 0.3125 0.265625
5 0.825 0.82578125 0.35 0.3484375