0 0.4953125 0.2125 0.028125 0.05625
3 0.4746881806174567 0.22724285703651423 0.029996582670272432 0.026735216822512696
7 0.12421875 0.0296875 0.2046875 0.059375
7 0.48203125 0.3328125 0.0546875 0.159375
5 0.35546875 0.359375 0.3078125 0.359375
5 0.20078125 0.134375 0.3578125 0.26875
8 0.7546875 0.25625 0.490625 0.5125
5 0.9225865945655956 0.2877560926967707 0.04307948002863497 0.21117384933607006
7 0.922050792568459 0.26665779751723084 0.03210452267663584 0.0736193071815924
3 0.9171274825748224 0.21975098126045225 0.009538632001908808 0.014117042154477843
0 0.9173820212444586 0.19787598126045217 0.020585220003181703 0.023555674668035032
7 0.3786302459420936 0.7124066347530525 0.19680446403563465 0.2636272045258726
1 0.38203125 0.5609375 0.0734375 0.04375
5 0.3359375 0.76953125 0.346875 0.4609375
6 0.95582854527373 0.9596316135776177 0.027217028007635945 0.056404536104353295
6 0.9874609006206384 0.8598088755796702 0.009629538669636162 0.021929542154477843
6 0.6047751226130025 0.9138362827847037 0.017642033338636055 0.03916249394987581
6 0.6560109059516386 0.8750692194547913 0.012863626670908878 0.03132272287263689
6 0.6953097632877293 0.8549839784317819 0.009665901336727067 0.025054542154477843
6 0.9500972606222293 0.8478719569617595 0.00804885733609062 0.020357951795398323
6 0.8923756672899564 0.8397231136758136 0.006468176002545079 0.018786361436318445
6 0.828331348623502 0.8377879089535494 0.008012494668999892 0.017232951795397966
6 0.7431296452896383 0.8411987343837101 0.0064499946689998925 0.017223861436318443
6 0.8512052272835933 0.8863617643397437 0.016079533338636053 0.03915340359079593
6 0.7991614692870931 0.8602759873105764 0.012827264003817973 0.028197722872636888
6 0.8523773759548202 0.8527725595192834 0.011228401336727246 0.025063632513557366
6 0.9225716972867749 0.8633378756778661 0.011246582670272431 0.026626132513557367
4 0.7780682666295472 0.7929612222834617 0.0064499946689998925 0.017223861436318443
5 0.7772233819621381 0.798425427103922 0.00986589600572696 0.04224204215447776