0 0.55234375 0.3078125 0.08125 0.0765625
2 0.88984375 0.4203125 0.1328125 0.090625
2 0.89765625 0.02265625 0.0703125 0.0453125
2 0.740625 0.10234375 0.0390625 0.025
3 0.55546875 0.3625 0.040625 0.034375
3 0.74140625 0.12890625 0.0234375 0.01875
3 0.89921875 0.07578125 0.040625 0.0359375
4 0.65546875 0.409375 0.1546875 0.1484375
4 0.9203125 0.1796875 0.134375 0.2046875
4 0.75703125 0.1703125 0.078125 0.071875
5 0.7578125 0.221875 0.128125 0.278125
5 0.63125 0.3703125 0.2375 0.2375
5 0.9015625 0.415625 0.196875 0.146875
5 0.9078125 0.21875 0.184375 0.4375
6 0.4640625 0.59921875 0.03125 0.1421875
6 0.0421875 0.62890625 0.053125 0.09375
6 0.0203125 0.5109375 0.0171875 0.0375
6 0.13359375 0.496875 0.0171875 0.015625
6 0.0984375 0.4953125 0.015625 0.0125
9 0.23984375 0.80234375 0.4796875 0.3953125
8 0.840625 0.6953125 0.31875 0.4125
8 0.809375 0.69921875 0.103125 0.1453125