4 0.153125 0.1359375 0.30625 0.271875
5 0.15703125 0.18984375 0.3140625 0.3796875
8 0.528125 0.13046875 0.2375 0.2609375
8 0.7328125 0.15546875 0.534375 0.3109375
8 0.2046875 0.678125 0.409375 0.596875
6 0.7398143953993725 0.7611592932447768 0.06471700585373234 0.1132454346753633
6 0.6143513079671592 0.7079353905951852 0.044249969749379045 0.08644657733927233
6 0.4927308380213885 0.6656035346117297 0.030060204722264318 0.06440794533736352
6 0.41171875 0.62109375 0.0046875 0.0421875
6 0.8216416332009284 0.6609951139004137 0.020530668617910662 0.0377363573360908
6 0.9378797115579556 0.6885468545512781 0.028434072208707306 0.05345226400381797
6 0.7764154916121847 0.6466786225732315 0.01738748789975162 0.034574994668999895
6 0.7819706000234412 0.6317712379058225 0.015815897540672096 0.03299431333545453
6 0.8241581000234411 0.6312803419000955 0.01424430718159222 0.031413632001908984
6 0.8648012807416003 0.6276826272279139 0.009502265027114732 0.021984088001272717
6 0.990625 0.66015625 0.01875 0.0359375
6 0.8968598018188392 0.6226224098902323 0.009484084308955688 0.018859088001272718
6 0.9187257114597596 0.6239303712205961 0.011046584308955332 0.01887726933481808
6 0.9288955969983789 0.6214684425525507 0.011046584308955687 0.01887726933481808
6 0.6884660397185908 0.5906746179185492 0.00791249394987581 0.017278406667727175
6 0.7321933138208918 0.5940717905792767 0.007903403590796287 0.015715906667727174
6 0.6150603559753695 0.5860603905951851 0.009484084308955332 0.018859088001272718
6 0.5330700125912278 0.5799836606063209 0.012627265027114731 0.022020450668363622
6 0.4659188740275463 0.574515457948775 0.00791249394987581 0.017278406667727175
6 0.4389836693052819 0.6388870406190477 0.022174981849627427 0.05181703866963616
6 0.4167228499252452 0.5711819199554566 0.011064765027114731 0.02200226933481808
6 0.49875864510478507 0.5694461499443207 0.009493174668035032 0.020421588001272716
6 0.5737131933093871 0.5763859459341394 0.009484084308955332 0.018859088001272718
6 0.6307035366935286 0.5827535772597306 0.00947499394987581 0.017296588001272716
6 0.6955245607958297 0.5859053019175947 0.009465903590796288 0.01573408800127272
6 0.7439256993595112 0.5915916805776859 0.007921584308955332 0.018840906667727177
6 0.4515518469983791 0.6270228399506841 0.03173178903121965 0.08317612667090887
6 0.43594048253699846 0.6248609032861385 0.027026108313060425 0.07999658267027243
9 0.7046875 0.83125 0.590625 0.3375