5 0.06171875 0.2578125 0.1234375 0.403125
5 0.15546875 0.07890625 0.3109375 0.1578125
8 0.79453125 0.259375 0.4109375 0.51875
8 0.73984375 0.08359375 0.3015625 0.1671875
7 0.8232606127466326 0.1609375 0.027289753341817758 0.0625
4 0.7693361814130872 0.159375 0.011392033338636054 0.0390625
5 0.7475520880808144 0.1671875 0.06886018268618095 0.14375
6 0.7780106527291334 0.91015625 0.046257929344363104 0.08125
6 0.6100140833863612 0.840625 0.024055665340545217 0.053125
4 0.93227888737268 0.73984375 0.009611357336090975 0.0203125
5 0.9307982033736344 0.746875 0.016279528007635945 0.05625