2 0.34533015983731213 0.12490438140513307 0.09876475292686634 0.05739542401336299
4 0.3421875 0.2015625 0.115625 0.1375
3 0.3520841538853838 0.17264244740608756 0.06576135538619425 0.024201116008908664
5 0.31875 0.26875 0.1625 0.353125
4 0.8565075125912276 0.3156208354153144 0.0822317587805987 0.1696954293443631
0 0.8100688498270493 0.24007539540895104 0.060056776930971265 0.11787839067472686
5 0.8703125 0.32421875 0.228125 0.2890625
8 0.7 0.734375 0.6 0.53125
0 0.7311332452264221 0.8611776887332697 0.01101931323171641 0.014189769334818081
7 0.7372787060970064 0.8792191640674514 0.020439765027114733 0.022111357336090976
5 0.7365383627128648 0.8721788234006788 0.02675339754067192 0.03312158267027243
9 0.9015625 0.94921875 0.196875 0.1015625
9 0.95 0.84140625 0.1 0.3171875