0 0.03770609572183277 0.2762210906536672 0.0721931625677866 0.05510565651766246
2 0.10573341217500314 0.15160236485416406 0.06581589754067192 0.033194295081344014
4 0.045931686179108276 0.2128898436787293 0.089680644417414 0.10676815046753826
4 0.41015625 0.05 0.1734375 0.1
3 0.4328125 0.0046875 0.071875 0.009375
3 0.10586067720211782 0.17347736485416404 0.03292158430895542 0.01894089754067192
5 0.078125 0.2234375 0.15625 0.2125
5 0.390625 0.14453125 0.2875 0.2890625
1 0.9375 0.1484375 0.125 0.246875
4 0.815625 0.28359375 0.36875 0.0921875
5 0.8046875 0.16484375 0.390625 0.3296875
8 0.41015625 0.6234375 0.3984375 0.434375
8 0.1609375 0.765625 0.321875 0.434375
5 0.02016459259857477 0.6568665817748727 0.03470225292686617 0.05644998789975162
0 0.9587771198241338 0.5791955788480064 0.02840680113146803 0.048601126463433175
4 0.9511555173648057 0.6120535306434045 0.040952252926865995 0.056486349336070066
5 0.9442515323919203 0.6339694372592628 0.07600902985783761 0.17387383723582167