3 0.71800212889932 0.15772104598981862 0.07537270472226432 0.06493520401018138
5 0.75625 0.16484375 0.2125 0.3296875
5 0.903125 0.16484375 0.19375 0.3296875
9 0.825 0.16484375 0.35 0.3296875
4 0.16268389070498088 0.6002876172820024 0.14350560206654456 0.2282170013526354
4 0.6109375 0.76484375 0.078125 0.1421875
4 0.46328125 0.8640625 0.2515625 0.271875
4 0.4343821495837754 0.7010394059118676 0.05039088544042354 0.06776930267345431
4 0.3160821223582165 0.7797649372613215 0.1800885175611974 0.33957267202418073
4 0.55234375 0.36015625 0.1953125 0.0609375
5 0.1421875 0.7328125 0.284375 0.534375
0 0.22340322208707003 0.56207854527373 0.03321247579950324 0.06913180800445425
0 0.2572742280389984 0.609343896602503 0.04554884933607006 0.04115225867281787
0 0.28129753531878665 0.5754683359325485 0.023692030054229464 0.044022720003181706
0 0.3330595023376911 0.47485926125877614 0.11766019867214013 0.08261360001590834
0 0.3968361769075302 0.5592791672501857 0.08320338544042354 0.06815111067790873
0 0.4416310473208391 0.6040734992441404 0.04876475292686635 0.05681362133990895
0 0.5125020835233884 0.5649649985678227 0.1225113251355733 0.11079314401654479
0 0.61953125 0.5921875 0.0609375 0.065625
5 0.26875 0.39140625 0.271875 0.1234375
5 0.5234375 0.378125 0.253125 0.096875
3 0.62890625 0.66796875 0.0421875 0.0390625
3 0.5077696526088376 0.6915911332352318 0.07060339149054791 0.05081816000954511
3 0.4333690954272452 0.6612047465786404 0.029832945745273776 0.025345445337363513
3 0.4019781948615111 0.6373496232495494 0.0376818071815924 0.03168635200509069
3 0.33132480639602546 0.5795740332590944 0.0675420240041051 0.06171929734245403
5 0.2360623033709633 0.5892768446053664 0.04448631908544911 0.1270715773392725
5 0.2611941135776178 0.6116421932686393 0.0362920240041051 0.06135567067154533
5 0.31796875 0.71875 0.2265625 0.5625
5 0.4033270714231401 0.6006126919160039 0.07899767447164337 0.15090906667727227
5 0.4325651195295461 0.6573075872454132 0.0868465359079618 0.15724997334499946
5 0.44375 0.75234375 0.346875 0.4953125
5 0.5890625 0.69296875 0.121875 0.2671875
5 0.5621753514773694 0.6425172865611412 0.060129499803608155 0.13037839067472703
5 0.5734375 0.684375 0.153125 0.6125
1 0.71875 0.84296875 0.1375 0.3140625
2 0.7296875 0.59921875 0.159375 0.2390625
5 0.825 0.72578125 0.35 0.5484375