4 0.30234375 0.14296875 0.1140625 0.1078125
2 0.18654953659533283 0.1584552006285927 0.07534543364502548 0.06024770401018138
3 0.236449542645457 0.1750608979551384 0.03925339754067192 0.03326703333863614
5 0.2515625 0.2078125 0.215625 0.246875
5 0.90078125 0.59765625 0.0578125 0.0234375
8 0.7359375 0.47890625 0.209375 0.2609375
8 0.70390625 0.30703125 0.5921875 0.6046875
9 0.9796875 0.40546875 0.040625 0.1140625
7 0.8913637807416004 0.3792825845799131 0.01741475897699054 0.03926249466899989
0 0.8789774102300957 0.3598967852482766 0.009438632513557366 0.011046588001272718
5 0.8889382175098838 0.39337235658023123 0.03329428903121965 0.08319430800445424
9 0.5533688770526084 0.3340000932925019 0.023801114363184793 0.06277272000318171
9 0.5846097866935287 0.335198966621593 0.056704517953980904 0.07877952800763595
8 0.3927813558771736 0.2757165206476827 0.03467498184962743 0.05196248933799978
9 0.44383077147002226 0.22903187730745572 0.011010222872636888 0.012627269334818081
9 0.43665407572474846 0.2541136933084102 0.015743174668035032 0.02049431333545444
9 0.45068930464750956 0.25863756130650123 0.017323855386194253 0.023637494668999892
6 0.578125 0.92734375 0.3125 0.1453125
2 0.6169536123200812 0.8564996125875493 0.10680451190385654 0.09654883068109044
5 0.61171875 0.89609375 0.4078125 0.2078125