1 0.01328125 0.1578125 0.0265625 0.0375
4 0.08579895062859269 0.2072574672152962 0.11540791868236297 0.11628859621281204
4 0.21953125 0.059375 0.2203125 0.11875
5 0.08671875 0.25625 0.1734375 0.309375
5 0.2078125 0.2125 0.24375 0.425
2 0.7328064792330047 0.552900202679161 0.030105670671545327 0.0361102168225127
2 0.47485707188895965 0.633301816747758 0.0426602146721816 0.04087043969514994
4 0.434375 0.70859375 0.096875 0.0609375
4 0.7287087778883233 0.6365121333973202 0.04487724267981754 0.09712953005422911
5 0.732924110558596 0.6099269074996211 0.09869313335454458 0.15681360226293622
5 0.46015625 0.6546875 0.1953125 0.16875
5 0.17266096192713967 0.7856495910464506 0.02603633601209019 0.08920794574527377
7 0.1695995965945487 0.7801990217646099 0.011319308004454243 0.032876132513557366
8 0.16484375 0.86953125 0.3296875 0.2609375
0 0.62734375 0.78125 0.0765625 0.084375
0 0.48549895862509285 0.7991990066392993 0.08232269867918127 0.09266019867214012
2 0.7518961179583201 0.7984303504162245 0.08197725334181775 0.06297269867214003
2 0.37234497795991095 0.7889205576725716 0.060284066677272284 0.0784704336450254
3 0.9425756619589564 0.7926338266085112 0.0683147426798179 0.09726588544042344
3 0.7562467159452753 0.8944922841594458 0.038263616008908666 0.06584316861791066
3 0.619927955283275 0.8609126905789125 0.04107953333863605 0.039298849336070064
3 0.4727438726130025 0.8883296843323965 0.04429544000636341 0.047129530054229464
3 0.34765625 0.89765625 0.0359375 0.0578125
4 0.4515625 0.9484375 0.11875 0.103125
4 0.61796875 0.93828125 0.1296875 0.1234375
4 0.79453125 0.9546875 0.1265625 0.090625
4 0.9359375 0.915625 0.128125 0.16875
5 0.91875 0.86953125 0.1625 0.2609375
5 0.75078125 0.8796875 0.2265625 0.240625
5 0.61328125 0.86953125 0.2078125 0.2609375
5 0.43828125 0.871875 0.1890625 0.25625