5 0.42421875 0.7 0.1890625 0.6
5 0.3765625 0.69609375 0.09375 0.5921875
5 0.6125 0.7 0.259375 0.6
5 0.796875 0.7 0.2875 0.6
5 0.93515625 0.7 0.1296875 0.6
3 0.9765625 0.41328125 0.0375 0.0265625
3 0.81875 0.42265625 0.05625 0.0453125
3 0.64609375 0.40546875 0.0578125 0.0109375
4 0.96015625 0.6546875 0.0796875 0.475
4 0.7951537940801782 0.6310816560709513 0.1952248773869975 0.39753062269254436
4 0.6240413154041786 0.5603498907144978 0.15674308537554343 0.31271927068745364
4 0.4125 0.57578125 0.165625 0.3515625
4 0.35234375 0.63046875 0.0453125 0.4609375