8 0.09249955474570548 0.2650098381195844 0.12748062626704132 0.15854881908544902
2 0.70546875 0.18359375 0.5515625 0.3671875
5 0.71484375 0.2 0.5703125 0.4
2 0.2242449793155446 0.5971592627876194 0.12709883118569748 0.09292381908544911
3 0.23816151268942357 0.7564479043763631 0.16806017447164337 0.15097266842151918
4 0.22109375 0.87265625 0.4171875 0.2546875
5 0.21484375 0.74296875 0.4296875 0.5140625
8 0.5269957119507389 0.9179136869646751 0.11339994554888211 0.1553420058537327
8 0.6373746757481895 0.8789915666495622 0.12730790944452863 0.12886131908544912
5 0.51158433538911 0.8812858405554713 0.01887726502711473 0.02198408430895533
9 0.483432064311871 0.8861369670189045 0.031495439695149584 0.042369307181592576
8 0.7203125 0.7 0.559375 0.6