8 0.11015625 0.2609375 0.2203125 0.365625
8 0.2703125 0.375 0.359375 0.465625
0 0.70625 0.059375 0.1 0.11875
3 0.7465557319780465 0.09798679805854275 0.027162484006999676 0.051871582670272566
4 0.88515625 0.159375 0.2296875 0.31875
5 0.8328125 0.359375 0.334375 0.71875
8 0.225 0.859375 0.45 0.28125
0 0.6424313059755011 0.821942466064588 0.06691587468172652 0.11170111600890875
0 0.5171875 0.76171875 0.075 0.0859375
3 0.5319750639720013 0.846441932049634 0.023855670671545325 0.036210220003181706
3 0.6611443959659561 0.8924822327339059 0.019149989337999784 0.03459317600254543
7 0.70546875 0.9265625 0.1453125 0.146875
7 0.50625 0.9171875 0.1125 0.165625
5 0.5375 0.859375 0.175 0.28125
5 0.7125 0.875 0.221875 0.25