8 0.30546875 0.18203125 0.2484375 0.3640625
8 0.19609375 0.30234375 0.3921875 0.5546875
3 0.8036756992759571 0.17172240467095073 0.05187158267027252 0.026862481849627428
0 0.8492154659452753 0.15192753425764174 0.09909202800763595 0.05682269262201593
5 0.5390625 0.10546875 0.21875 0.2109375
5 0.7365325579249126 0.30257294975229465 0.370115789385725 0.3880646440246306
4 0.8222887919319122 0.25051502518245544 0.15299882535009007 0.12431926483072289
8 0.21484375 0.78984375 0.4296875 0.4203125
5 0.21796875 0.93515625 0.0484375 0.1296875
7 0.22007975990614065 0.9606177747896719 0.03526588534372692 0.07676248789975162
3 0.21908997191282217 0.9114081151487516 0.011101132001908987 0.014126132513557366
0 0.22092519191600388 0.8879615247896719 0.020603401336727067 0.02511817466803521
0 0.77734375 0.78984375 0.4453125 0.4203125
5 0.6078125 0.78984375 0.35625 0.4203125