8 0.321875 0.334375 0.25625 0.66875
7 0.2921875 0.27081090710683764 0.040625 0.04398634933607006
5 0.290625 0.26535124746591715 0.0703125 0.06290906615858276
3 0.91015625 0.21518255494209715 0.0796875 0.07390110831306052
4 0.77734375 0.2050177354638647 0.196875 0.15739538524403188
5 0.81875 0.3578125 0.3625 0.621875
0 0.8890625 0.10593027478967201 0.1578125 0.10873062626704137
3 0.2859375 0.9171875 0.153125 0.165625
0 0.31015625 0.7375 0.2796875 0.1375
5 0.28828125 0.834375 0.3234375 0.33125
4 0.51015625 0.9141563861277946 0.009375 0.02505454215447749
5 0.5109375 0.9243080909482547 0.015625 0.07040340359079593