8 0.1890625 0.1796875 0.378125 0.359375
8 0.63984375 0.1796875 0.3796875 0.359375
8 0.86640625 0.290625 0.2671875 0.1375
8 0.425 0.7703125 0.05 0.20625
8 0.13125 0.87109375 0.2625 0.2578125
8 0.225 0.759375 0.45 0.48125
3 0.4352896228491958 0.751687160622879 0.009438632513557366 0.010992042154477844
2 0.43831917407885984 0.7352627299047197 0.014171584308955331 0.018831813231716586
4 0.440625 0.7734375 0.01875 0.0375
5 0.43203125 0.7671875 0.0359375 0.0875
0 0.81953125 0.3796875 0.0859375 0.040625
0 0.9625 0.3859375 0.075 0.053125
2 0.6921875 0.38671875 0.0875 0.0546875
3 0.49609375 0.39921875 0.0765625 0.0796875
3 0.6932202975172308 0.48156659992524525 0.044149975799503235 0.06900453005422928
3 0.8328095174630017 0.4370030127876195 0.04555793969514958 0.042451120413308986
3 0.98046875 0.45625 0.0390625 0.05
4 0.97265625 0.603125 0.0546875 0.284375
4 0.8414856015755653 0.5853950609922214 0.14530445140261464 0.2680238130353249
4 0.6607355713249442 0.672387042645457 0.14578624043383429 0.35083631303532475
4 0.51953125 0.690625 0.1390625 0.525
5 0.53984375 0.6796875 0.1796875 0.640625
5 0.70546875 0.6796875 0.2640625 0.640625
5 0.846875 0.6796875 0.25 0.640625
5 0.9578125 0.6796875 0.084375 0.640625