8 0.225 0.228125 0.45 0.45625
5 0.76953125 0.13828125 0.1109375 0.2765625
5 0.8234375 0.10859375 0.1 0.2171875
5 0.69609375 0.23984375 0.4671875 0.4796875
5 0.540625 0.240625 0.18125 0.478125
2 0.47109375 0.10078125 0.0421875 0.1859375
2 0.6390625 0.06328125 0.165625 0.1265625
4 0.81171875 0.0234375 0.0515625 0.046875
4 0.75234375 0.0609375 0.053125 0.1203125
4 0.728125 0.43125 0.28125 0.096875
1 0.49921875 0.36328125 0.0984375 0.2328125
1 0.71171875 0.27890625 0.146875 0.2140625
8 0.2546875 0.66796875 0.20625 0.2703125
8 0.31171875 0.884375 0.1828125 0.23125
6 0.5265625 0.86484375 0.05 0.090625
6 0.64921875 0.8125 0.034375 0.065625
6 0.73671875 0.7625 0.0234375 0.04375
6 0.7515625 0.73984375 0.0203125 0.0390625
6 0.7734375 0.72265625 0.0171875 0.034375
6 0.79453125 0.709375 0.0140625 0.025
6 0.7796875 0.7046875 0.0140625 0.025
6 0.51953125 0.73984375 0.0109375 0.0203125
6 0.60390625 0.728125 0.0140625 0.0234375
6 0.67109375 0.71875 0.009375 0.01875
6 0.70234375 0.78203125 0.025 0.053125
6 0.721875 0.7109375 0.0109375 0.0234375
6 0.9921875 0.72578125 0.015625 0.0515625
6 0.9890625 0.70234375 0.021875 0.040625
6 0.97109375 0.6890625 0.0171875 0.03125
6 0.96796875 0.6796875 0.0171875 0.0296875
6 0.9546875 0.67578125 0.0140625 0.025
6 0.9140625 0.6765625 0.0140625 0.025
6 0.8578125 0.68125 0.0125 0.0234375
6 0.7890625 0.68828125 0.0125 0.0203125
6 0.73359375 0.70078125 0.0109375 0.021875
6 0.63828125 0.71484375 0.0109375 0.0203125
6 0.5609375 0.72734375 0.009375 0.01875
6 0.503125 0.73828125 0.009375 0.01875
6 0.6890625 0.77109375 0.034375 0.084375
6 0.7046875 0.76796875 0.03125 0.08125
6 0.99296875 0.72890625 0.0140625 0.0921875
9 0.725 0.9015625 0.55 0.196875