8 0.26953125 0.1671875 0.5390625 0.334375
4 0.9265625 0.30859375 0.1375 0.1015625
4 0.7640625 0.31171875 0.15625 0.0953125
2 0.88515625 0.15492631099222134 0.0875 0.08957156010845857
3 0.90234375 0.2509200670423456 0.059375 0.058157933645025486
3 0.6921875 0.26620522033855415 0.04375 0.054942030054229284
5 0.65234375 0.2640625 0.1671875 0.190625
5 0.7625 0.2671875 0.278125 0.184375
5 0.884375 0.2171875 0.23125 0.284375
8 0.2671875 0.47734375 0.371875 0.2359375
8 0.21484375 0.6796875 0.4296875 0.640625
8 0.871875 0.5765625 0.25625 0.434375
8 0.9 0.80859375 0.2 0.3828125