8 0.04921875 0.203125 0.0984375 0.246875
8 0.3828125 0.4496407520687241 0.209375 0.21649879869508962
8 0.61015625 0.51484375 0.2453125 0.4296875
8 0.9 0.39140625 0.2 0.6765625
0 0.16015625 0.8599306253580444 0.025 0.023728401336727246
0 0.27265625 0.8299896813733163 0.01875 0.029905676002545435
0 0.76640625 0.7997974827736769 0.021875 0.03462953866963616
0 0.68515625 0.7769770534293137 0.025 0.029978401336727245
7 0.75859375 0.8458003261059497 0.0296875 0.06284544533736351
7 0.6875 0.8566918254296318 0.059375 0.10381589067472703
7 0.14609375 0.9199232433561353 0.0390625 0.07701703333863605
7 0.24296875 0.8616754860359528 0.05 0.06933180267345414
5 0.24609375 0.8937430987030439 0.075 0.16806020401018137
5 0.159375 0.921875 0.09375 0.15625
5 0.6921875 0.88046875 0.1125 0.2390625
5 0.75234375 0.8613526007717679 0.0640625 0.1648079346753633
8 0.9 0.86484375 0.2 0.2703125
8 0.89921875 0.95234375 0.1984375 0.0953125