8 0.24609375 0.284375 0.2671875 0.56875
1 0.7739490217646099 0.3268110179026409 0.13204995159900648 0.13902723201781733
1 0.45859375 0.08828125 0.1578125 0.1765625
2 0.75546875 0.02421875 0.0921875 0.0484375
3 0.7111773527539157 0.1056814525780041 0.04871930113146803 0.04900112133990877
3 0.5918041422761147 0.34846039326068523 0.08486587939029935 0.08535679201145392
2 0.6109682744950844 0.14278255792491254 0.19936471662612104 0.16168402936027154
2 0.7789597503927835 0.13692181456877722 0.14306017447164338 0.1516545013526355
4 0.5265625 0.45 0.29375 0.2375
4 0.45859375 0.29296875 0.1578125 0.5515625
4 0.725 0.4640625 0.315625 0.209375
4 0.95703125 0.33515625 0.0859375 0.4671875
5 0.89609375 0.284375 0.2078125 0.56875
5 0.74296875 0.0828125 0.1265625 0.165625
5 0.76796875 0.30625 0.4640625 0.525
5 0.60390625 0.284375 0.4484375 0.56875
5 0.4765625 0.284375 0.19375 0.56875
7 0.2546875 0.75 0.25 0.3625
5 0.24296875 0.7625 0.2734375 0.3875
4 0.4375 0.6765625 0.115625 0.215625
3 0.48828125 0.58671875 0.0765625 0.0359375
5 0.59140625 0.784375 0.4234375 0.43125
5 0.8578125 0.65703125 0.284375 0.1765625