8 0.41796875 0.234375 0.4234375 0.46875
8 0.81484375 0.234375 0.3703125 0.46875
4 0.8671875 0.1257828126425414 0.0328125 0.03612839754067192
3 0.8671875 0.1015640626425414 0.0140625 0.014144313231716587
2 0.86796875 0.08750610782208117 0.015625 0.01259090359079611
5 0.8625 0.13434929156530248 0.05625 0.11126475292686618
9 0.984375 0.1953125 0.03125 0.046875
1 0.69921875 0.910172489942855 0.1171875 0.12411927693097127
2 0.64296875 0.62734375 0.0265625 0.0609375
2 0.93671875 0.5060854745229569 0.1015625 0.06777837334017515
3 0.96328125 0.6406150106273104 0.0703125 0.07853406615858276
2 0.678125 0.7359375 0.096875 0.1375
4 0.925 0.82578125 0.15 0.3484375
5 0.87890625 0.73515625 0.2421875 0.5296875
5 0.65 0.68125 0.040625 0.175
5 0.78359375 0.825 0.3078125 0.35
5 0.6953125 0.82421875 0.13125 0.3515625