8 0.309375 0.21484375 0.61875 0.4296875
5 0.071875 0.23671875 0.14375 0.3859375
8 0.809375 0.21484375 0.38125 0.4296875
0 0.13984375 0.625 0.2796875 0.2875
0 0.3640625 0.7095456332991242 0.1671875 0.18534766842151917
3 0.39921875 0.8710598502198328 0.1046875 0.09279655405833438
3 0.15 0.9421875 0.190625 0.115625
5 0.43125 0.803125 0.35625 0.39375
5 0.17421875 0.7375 0.3484375 0.525
4 0.8921875 0.9203125 0.215625 0.159375
3 0.88046875 0.7809166392510527 0.06875 0.08321247579950333
2 0.85 0.6193751512531052 0.09375 0.09429542154477702
5 0.809375 0.71484375 0.38125 0.5703125