0 0.875 0.03984375 0.0859375 0.0578125
0 0.60390625 0.07421875 0.1 0.0640625
0 0.9890625 0.0125 0.021875 0.025
0 0.928125 0.03203125 0.0484375 0.0265625
0 0.94609375 0.01171875 0.0296875 0.01875
1 0.996875 0.03046875 0.00625 0.0140625
3 0.934375 0.05390625 0.0140625 0.0140625
3 0.86171875 0.08671875 0.0421875 0.0265625
3 0.60703125 0.11796875 0.0421875 0.025
7 0.603125 0.209375 0.1484375 0.1875
7 0.9078125 0.18515625 0.1765625 0.2046875
7 0.98359375 0.05859375 0.0328125 0.0671875
4 0.95859375 0.05703125 0.025 0.0375
4 0.94375 0.0921875 0.071875 0.078125
5 0.97890625 0.0953125 0.0421875 0.190625
5 0.95703125 0.09921875 0.071875 0.196875
5 0.93671875 0.0609375 0.0609375 0.084375
5 0.9015625 0.2640625 0.196875 0.525
5 0.5953125 0.2734375 0.2171875 0.4625
8 0.1296875 0.79453125 0.259375 0.4109375
8 0.6296875 0.7296875 0.740625 0.28125