8 0.25 0.4078125 0.5 0.45
1 0.640625 0.425 0.2625 0.34375
2 0.659375 0.134375 0.3 0.26875
4 0.7546875 0.6328125 0.490625 0.4125
5 0.7546875 0.41953125 0.490625 0.8390625
3 0.4259796752572102 0.8875 0.009429542154477666 0.009375
0 0.4221870547457055 0.86796875 0.020439765027114733 0.021875
4 0.4172904764868742 0.90390625 0.03462043969514959 0.0421875
4 0.49375 0.92109375 0.03125 0.0609375
5 0.4875 0.91875 0.04375 0.125
5 0.42810980181883923 0.92421875 0.075809041958086 0.1390625
5 0.95234375 0.86015625 0.0484375 0.0421875
8 0.8625 0.91953125 0.275 0.1609375