8 0.40078125 0.2328125 0.2171875 0.371875
8 0.2546875 0.334375 0.509375 0.66875
4 0.14765625 0.2018498880727022 0.0203125 0.03605567466803503
3 0.1453125 0.17136750253408276 0.0109375 0.012563632513557365
2 0.13828125 0.1549203459182245 0.0140625 0.015706813231716587
5 0.153125 0.19016295432948088 0.0484375 0.0924693011314682
5 0.21796875 0.834375 0.4359375 0.33125
4 0.17109375 0.84609375 0.3421875 0.3078125
1 0.10234375 0.70390625 0.2046875 0.0703125
6 0.59609375 0.79453125 0.1734375 0.2515625
5 0.82265625 0.86484375 0.3546875 0.2703125