8 0.34453125 0.225 0.6890625 0.45
0 0.84453125 0.225 0.3109375 0.45
5 0.84453125 0.225 0.3109375 0.45
7 0.32524790135130105 0.5085734857584523 0.034747704722264315 0.06426248789975161
3 0.3199655037124332 0.47657405201523095 0.007903403590796287 0.015670451795397965
0 0.3171875 0.45859375 0.025 0.0171875
8 0.34453125 0.725 0.6890625 0.55
7 0.7328125 0.59609375 0.0875 0.1921875
7 0.7646603801758662 0.5297490489901688 0.045903373340175156 0.10182612041330899
7 0.8012564103282914 0.5506291755517978 0.08980790944452863 0.12864315046753827
7 0.8881206060735654 0.525124660622879 0.0647533672900508 0.11912270472226431
7 0.9379887958669109 0.5474900191323313 0.09456813231716552 0.14117042154477702
7 0.97421875 0.50859375 0.0515625 0.1109375
0 0.91484375 0.45625 0.0453125 0.0125
0 0.78046875 0.4578125 0.0328125 0.015625
0 0.7625 0.4546875 0.028125 0.009375
0 0.7140625 0.46796875 0.05 0.0359375
3 0.7241444644848217 0.511235398326239 0.018895445745273777 0.02510908430895533
3 0.7915046813073344 0.4811570128858153 0.01728749394987581 0.01728749394987581
3 0.8923813800776704 0.46416443472518 0.015697722872636887 0.01259090359079611
3 0.9250893409482549 0.481942287184508 0.01729658430895533 0.01884999394987581
3 0.9892836511549092 0.4589133324622437 0.015715903590796287 0.01571590359079611
5 0.742744473560008 0.5369075640172835 0.030169289031219647 0.0829852168225127
5 0.75 0.65859375 0.121875 0.4171875
5 0.7734375 0.57734375 0.084375 0.2546875
5 0.81171875 0.6109375 0.1265625 0.321875
5 0.8890625 0.56015625 0.090625 0.2203125
5 0.940625 0.6328125 0.11875 0.365625
5 0.97109375 0.565625 0.0578125 0.23125