8 0.28984375 0.2296875 0.2203125 0.459375
0 0.4401780097625574 0.263387351771957 0.0220658975406721 0.03293976502711473
0 0.503125 0.44765625 0.021875 0.0234375
0 0.565625 0.45234375 0.01875 0.0140625
7 0.56171875 0.45 0.0390625 0.01875
7 0.43697574171038056 0.2766504210537978 0.03626475292686635 0.05645907825883114
5 0.4109375 0.275 0.021875 0.125
5 0.44389336222188536 0.29622257766965604 0.06151019262201594 0.0987920240041051
5 0.503125 0.44375 0.0375 0.03125
5 0.5625 0.44921875 0.04375 0.0203125
1 0.2 0.7984375 0.4 0.35625
2 0.2 0.515625 0.4 0.1125
5 0.2 0.7296875 0.4 0.540625
8 0.7328125 0.7296875 0.534375 0.540625