8 0.2046875 0.23984375 0.409375 0.4796875
8 0.7046875 0.2890625 0.590625 0.38125
0 0.6601879007399513 0.40731967983439643 0.036319308004454244 0.03302157825883114
3 0.6534930054105419 0.43618502321853825 0.019022720003181705 0.023546584308955332
7 0.665625 0.4484375 0.071875 0.0625
5 0.6421875 0.43046875 0.1375 0.0984375
8 0.2046875 0.73984375 0.409375 0.5203125
8 0.340625 0.796875 0.1375 0.40625
7 0.8921293387571321 0.8976502849260031 0.025599984006999678 0.05170794574527378
2 0.8978520800843143 0.8523741463623216 0.015824994668999892 0.017278403590796288
5 0.8671875 0.91640625 0.084375 0.1671875
8 0.71328125 0.73984375 0.5734375 0.5203125
9 0.4359375 0.51171875 0.053125 0.0546875
9 0.5482856953771343 0.5519231318261862 0.06001134667409058 0.05503293364502539