8 0.175 0.3046875 0.35 0.609375
4 0.4609375 0.3421875 0.221875 0.21875
4 0.65 0.025 0.18125 0.05
3 0.5398103711006799 0.22300497939208822 0.026717036104353654 0.02687158267027261
0 0.49318081079582965 0.1802720393857249 0.14884656615858277 0.07203972668681721
5 0.6703125 0.12421875 0.346875 0.2484375
5 0.5453125 0.36875 0.390625 0.48125
6 0.12493584660559556 0.6987589573917701 0.02529089149054773 0.05029090133672724
6 0.2220062893258074 0.6662924500715877 0.01585225897699054 0.03924431333545435
6 0.2595699218393646 0.6557913020766784 0.011119307181592219 0.03137726933481808
6 0.284610828455223 0.6490509534134054 0.011110216822512698 0.02981476933481808
6 0.3359375 0.7546875 0.028125 0.09375
6 0.30339264471200167 0.6438003794159507 0.011082945745273775 0.02512726933481808
6 0.33700003025062103 0.6418475280871778 0.009511355386194253 0.02354658800127272
6 0.05951083450534718 0.6636203413828614 0.011101126463433175 0.02825226933481808
6 0.11815912665982484 0.6549271413908155 0.01582498789975162 0.03455681333545435
9 0.175 0.8046875 0.35 0.390625
8 0.75078125 0.671875 0.2109375 0.125
8 0.51796875 0.8046875 0.3359375 0.390625
7 0.7814393348981306 0.6955997840944956 0.009447722872636889 0.012609088001272717
5 0.77989047043675 0.6932378527609502 0.014171584308955331 0.018913632001908987
8 0.7891563861277946 0.7120969407622229 0.0928056444174139 0.10732269867918127
2 0.5438206393492484 0.8475328120623609 0.007876132513557366 0.011028406667727354
5 0.5429757568356911 0.858461221395588 0.020521578258831143 0.03617385733609062