8 0.2 0.25 0.4 0.5
5 0.8390625 0.334375 0.246875 0.33125
8 0.26875 0.68828125 0.2625 0.3359375
8 0.2 0.86484375 0.4 0.2703125
8 0.84609375 0.76953125 0.3078125 0.4609375
0 0.4078125 0.9515625 0.015625 0.040625
0 0.8015625 0.9953125 0.046875 0.009375
0 0.76171875 0.99140625 0.0328125 0.0171875
0 0.7284092627876195 0.9685666301758662 0.04558521077238851 0.04713862041330898
0 0.61796875 0.984375 0.0296875 0.03125
0 0.6035274374556545 0.9489813589022358 0.03145907825883114 0.03611930718159258
3 0.7125 0.99765625 0.0125 0.0046875