8 0.053125 0.121875 0.10625 0.24375
8 0.18125 0.20703125 0.3625 0.4140625
0 0.365625 0.42734375 0.0375 0.0171875
0 0.30859375 0.43359375 0.0390625 0.0296875
0 0.1609375 0.43828125 0.040625 0.0390625
0 0.13984375 0.4616165632956835 0.0234375 0.0393352200031817
3 0.14140625 0.48191088196213816 0.0109375 0.014189769334818081
3 0.171875 0.46671259595800196 0.0109375 0.01731476933481808
3 0.3140625 0.46037059460536645 0.0171875 0.020512494668999893
3 0.41171875 0.4359375 0.0453125 0.034375
3 0.1109375 0.4861716679662743 0.0125 0.012645450668363622
5 0.14609375 0.5693563379615018 0.034375 0.2488374893379998
5 0.16796875 0.590625 0.0671875 0.34375
5 0.11171875 0.5838188272995015 0.078125 0.2977840666772723
0 0.11640625 0.4564205332988652 0.0359375 0.044168170671545146
5 0.30703125 0.58828125 0.0796875 0.3390625
5 0.35234375 0.59296875 0.1046875 0.3484375
5 0.37734375 0.709375 0.1453125 0.58125
7 0.1 0.5323926873010925 0.05 0.10526930267345413
7 0.1640625 0.5300847526257291 0.0578125 0.13661020934118148
7 0.30546875 0.5253143419398664 0.0546875 0.13032384667409058
7 0.3796875 0.61328125 0.140625 0.3859375
7 0.35078125 0.4888495832670484 0.0671875 0.08828179734245403
0 0.659375 0.453125 0.059375 0.06875
3 0.68125 0.4848802459420936 0.0375 0.08012385200509069
7 0.74140625 0.526367764600594 0.115625 0.17009541868236297
5 0.7125 0.5171875 0.171875 0.196875