8 0.39453125 0.20546875 0.7890625 0.4078125
8 0.9359375 0.2046875 0.128125 0.409375
6 0.07129113349551597 0.765625 0.0585760901626879 0.13125
6 0.3323882356602564 0.60390625 0.05050906010845857 0.0875
6 0.5054990036142373 0.52578125 0.02688975292686635 0.05625
6 0.6548495638208918 0.503125 0.02366475897699054 0.0390625
6 0.7480455727978822 0.4640625 0.012654536104353475 0.0265625
6 0.7090830667477579 0.446875 0.012627265027114731 0.021875
6 0.7255347685431561 0.4390625 0.00634999394987581 0.0171875
4 0.16230351551809397 0.43046875 0.011064765027114643 0.021875
5 0.1645972685431561 0.4390625 0.019095433645025483 0.059375
9 0.48671875 0.78515625 0.6046875 0.4296875
9 0.72890625 0.42109375 0.0359375 0.0234375
5 0.878125 0.771875 0.178125 0.45625