8 0.2 0.23984375 0.4 0.4203125
8 0.184375 0.596875 0.36875 0.29375
0 0.3765024825748224 0.7219873720559974 0.012663632001908986 0.014207950668363622
3 0.3748036225732315 0.7336879407224519 0.007903406667727353 0.007903406667727176
7 0.3699979439051862 0.7437896467218156 0.022165901336727155 0.025254538669636162
5 0.36932578190645887 0.7344055560550429 0.025454533338636055 0.039353401336727066
7 0.10747176658977627 0.6086857513526354 0.015861357336090797 0.020494313335454352
0 0.11078767059200342 0.5923158640197264 0.00946590666772722 0.00792158800127254
5 0.11284051925527631 0.6173431360200445 0.030396572008272348 0.06128294533736352
9 0.1950246685630502 0.8066061780314986 0.19582267202418074 0.18037948535963508
9 0.31225762189691386 0.8040635280474069 0.09222495735199913 0.13855451734563573
9 0.34453125 0.8359375 0.1109375 0.178125
8 0.334375 0.69375 0.13125 0.1375
8 0.72734375 0.725 0.5453125 0.55
8 0.66171875 0.725 0.5234375 0.55