8 0.271875 0.1796875 0.54375 0.359375
8 0.378125 0.22421875 0.44375 0.2703125
8 0.7984375 0.2375 0.396875 0.24375
2 0.6265625 0.2032291619191855 0.0109375 0.015752269334818082
3 0.62265625 0.21343086525304916 0.0078125 0.007903406667727176
4 0.625 0.240747343252731 0.01875 0.04084317600254535
5 0.62109375 0.23219904658659463 0.028125 0.07532726400381798
5 0.30390625 0.6796875 0.5921875 0.640625
0 0.53671875 0.41328125 0.1265625 0.1078125
4 0.328125 0.7453125 0.38125 0.509375
1 0.415625 0.484375 0.190625 0.25