8 0.478125 0.234375 0.08125 0.359375
8 0.2515625 0.234375 0.303125 0.36875
0 0.4421875 0.43828125 0.1 0.0390625
1 0.43666979478675644 0.49479733206946025 0.06909543364502539 0.059774975799503235
7 0.41644417407885986 0.6441388019170351 0.15919423458010193 0.23841812626704134
5 0.3640625 0.709375 0.309375 0.58125
1 0.9109375 0.94453125 0.178125 0.1109375
4 0.6359375 0.83203125 0.234375 0.3359375
1 0.6189510296614459 0.6902876149523599 0.07203862646343318 0.02854315651766246
5 0.6421875 0.82578125 0.246875 0.3484375
5 0.7734375 0.8546875 0.453125 0.290625
2 0.8671875 0.7875 0.265625 0.125