8 0.33984375 0.234375 0.6796875 0.46875
8 0.78203125 0.2703125 0.2046875 0.396875
0 0.278800148228043 0.5711916604264873 0.02678066861791084 0.03765453610435347
0 0.36499672346181217 0.5261604406771083 0.029942030054229286 0.0439227168225127
0 0.25177351903413536 0.785404151351301 0.02519998789975162 0.03452044574527378
0 0.18679795882748093 0.8084376512531051 0.022074987899751618 0.03450226502711473
7 0.19456955221162264 0.815423449457707 0.04567611436318479 0.06276362041330899
7 0.2857541301758662 0.584432003810629 0.042551114363184796 0.06274543969514959
7 0.3609813891528567 0.5449331665748074 0.06613406010845857 0.08788179508134401
5 0.33046875 0.51015625 0.0890625 0.0828125
5 0.3483359434075828 0.5700058894474443 0.10392495159900647 0.13809996369925467
5 0.2824973199692118 0.6071064345287882 0.07252041549465282 0.11135565651766247
5 0.25635193472518003 0.8041268802740621 0.04583065046753809 0.08932612041330898
5 0.19526444380036628 0.8302626542781673 0.05209883118569749 0.09248748184962743
8 0.803125 0.703125 0.246875 0.46875