8 0.31484375 0.12890625 0.6296875 0.2578125
5 0.575 0.659375 0.109375 0.68125
6 0.996875 0.82109375 0.00625 0.0453125
6 0.9498416272676848 0.7803439466290366 0.014335220003181704 0.023519313231716587
6 0.9304740092695939 0.7663950761175319 0.011137494668999891 0.017251132513557366
6 0.9188734379376392 0.756307003810629 0.007957950668363623 0.012545451795398144
6 0.9134501412715028 0.7524325700674076 0.006377269334818081 0.010973861436318445
6 0.9080177539385937 0.7493393863241863 0.006359088001272539 0.009411361436318443
6 0.9026126386060028 0.743902452580965 0.006413632001908809 0.014098861436318444
6 0.7571995939290487 0.8205245607958297 0.022274989337999783 0.03450226502711473
6 0.8005228799331849 0.7898058259211401 0.012754538669636162 0.02194772287263689
6 0.8170654899347758 0.7779916271508042 0.011155676002545434 0.018813632513557367
6 0.8383501439370029 0.7614626573032293 0.006395450668363623 0.012536361436318444
6 0.8446546879376392 0.7567387958669108 0.006377269334818081 0.010973861436318445
6 0.8478069599379573 0.7543768651487517 0.004778406667727353 0.007839771077238922
6 0.8494240039385937 0.7496802747896719 0.004832950668363622 0.012527271077238921
6 0.90025979793923 0.7446973381195845 0.0032159066677273527 0.007830680718159223
6 0.8971438886060028 0.7439342688377437 0.0031977253341818113 0.006268180718159222
6 0.8877779792727754 0.7432075609922213 0.0047602253341818114 0.006277271077238922
6 0.8729251386060028 0.7440751694034777 0.0031977253341818113 0.006268180718159222
6 0.8573001386060028 0.7441660729942738 0.0031977253341818113 0.006268180718159222
6 0.8455177539385937 0.7497030006873711 0.0016534066677273529 0.007821590359079523
6 0.8431921852721391 0.7481541362259905 0.0032159066677273527 0.007830680718159223
6 0.8353796852721391 0.7481995880213885 0.0031977253341818113 0.0062681807181594
6 0.8236518446053666 0.7490490157144857 0.0031977253341818113 0.0062681807181594
6 0.8025490039385937 0.7499529855620606 0.0031977253341818113 0.006268180718159222
6 0.7697092319382756 0.7524876331027326 0.0032159066677271753 0.007830680718159223
6 0.7415478692711848 0.7557762595661657 0.0032159066677273527 0.007830680718159223
6 0.7133865066040939 0.7590648860295988 0.0032159066677271753 0.007830680718159223
6 0.6680285532702301 0.7632347564429077 0.0031977253341818113 0.0062681807181594
6 0.6860063939370029 0.7623489673134921 0.0047602253341818114 0.006277271077238922
6 0.6594166219366848 0.7648472534178457 0.0032159066677273527 0.0078306807181594
6 0.6336080999363666 0.7673409943426592 0.0031977253341818113 0.006268180718159222
6 0.998243311943048 0.7160041906771083 0.0032159066677273527 0.0078306807181594
9 0.81484375 0.90546875 0.3703125 0.1890625
2 0.9914938726130025 0.6918263472929667 0.00474204400063627 0.004714771077238921
4 0.9913120592775482 0.7074513472929667 0.009574994668999892 0.017242042154477843
5 0.99921875 0.725 0.0015625 0.021875
5 0.99140625 0.71875 0.0171875 0.0625