8 0.3 0.26171875 0.6 0.4765625
1 0.8 0.20703125 0.4 0.4140625
5 0.95 0.25 0.1 0.5
4 0.8 0.4390625 0.4 0.121875
5 0.8 0.25 0.4 0.5
2 0.08221580004772511 0.528125 0.012790901336727067 0.025
2 0.09516124271958848 0.56640625 0.01900453866963625 0.021875
3 0.09090045671545229 0.5359375 0.012754538669636162 0.021875
3 0.09138226205440655 0.57734375 0.007903406667727176 0.0078125
4 0.10022146005727013 0.5984375 0.027035214672181597 0.040625
4 0.11591863804899774 0.5375 0.04603975334181776 0.0625
5 0.11653680338954286 0.590625 0.08174199069063529 0.1765625
5 0.10122088605981543 0.6171875 0.046785188017181054 0.1265625
0 0.72578125 0.9953125 0.0421875 0.009375
4 0.9881027207192703 0.73125 0.017605670671545327 0.0359375
0 0.9838692067154524 0.703125 0.01424431333545435 0.015625
5 0.9828125 0.75234375 0.034375 0.1203125