8 0.35 0.3 0.7 0.6
6 0.8483609432686393 0.2451191408031767 0.052635198679181275 0.09248748184962743
6 0.9896410186187294 0.12249522794080248 0.017642033338636055 0.03916249394987581
6 0.8450370432845478 0.12790436972593788 0.017623852005090868 0.03759999394987581
6 0.7317194306174568 0.1303703186926656 0.01756930800445442 0.03291249394987581
6 0.870972834619684 0.11477311065075155 0.014444308004454242 0.032894313231716585
6 0.7638688592855022 0.12040042105379775 0.016006808004454243 0.03290340359079611
9 0.85 0.4140625 0.3 0.371875
7 0.3339513559039135 0.8005929568635637 0.4307442067154522 0.3618566680287355
5 0.28828125 0.79921875 0.5765625 0.3984375
6 0.80390625 0.8 0.2078125 0.4
2 0.8915467745862763 0.8947873426967707 0.08693747334499946 0.08643746974937905
5 0.86015625 0.921875 0.2796875 0.15625