8 0.284375 0.3296875 0.56875 0.659375
2 0.94453125 0.2796875 0.1109375 0.128125
3 0.95625 0.50625 0.0875 0.103125
4 0.93125 0.60390625 0.1375 0.1109375
5 0.88359375 0.403125 0.2328125 0.5125
3 0.5453125 0.70703125 0.046875 0.0734375
3 0.30859375 0.7 0.0953125 0.08125
3 0.0734375 0.7734375 0.146875 0.15625
4 0.31328125 0.8875 0.2421875 0.225
4 0.5125 0.87265625 0.1125 0.2546875
5 0.4859375 0.8296875 0.165625 0.340625
5 0.32734375 0.8296875 0.3015625 0.340625
5 0.1125 0.8296875 0.225 0.340625
2 0.7953125 0.85625 0.409375 0.190625
5 0.784375 0.87265625 0.43125 0.2546875