8 0.15 0.340625 0.3 0.678125
1 0.6090638442679046 0.4726728680756178 0.5609658128389332 0.27669184855050305
2 0.6607819221339521 0.17706947658507008 0.6748828670936593 0.2523554447633153
4 0.65 0.60703125 0.7 0.1453125
5 0.65 0.353125 0.7 0.653125
3 0.13828125 0.7734375 0.2765625 0.1875
4 0.15 0.90546875 0.3 0.1890625
5 0.15 0.83984375 0.3 0.3203125
4 0.5796875 0.96953125 0.096875 0.0609375
3 0.5601910487937771 0.9631069705349459 0.028379530054229284 0.04391362646343318
2 0.6796875 0.98125 0.078125 0.0375
2 0.5566847745932803 0.8943796964326449 0.04722043364502539 0.05964771077238851
5 0.58125 0.93046875 0.11875 0.1390625
8 0.5609375 0.83984375 0.521875 0.3203125