8 0.125 0.4953125 0.25 0.36875
2 0.8462699702403583 0.09609375 0.11604315651766237 0.071875
3 0.8578472987937772 0.2546875 0.1476022287263695 0.125
4 0.85234375 0.4734375 0.2953125 0.40625
5 0.7625 0.3609375 0.475 0.6375
6 0.2875 0.6984375 0.040625 0.0375
9 0.184375 0.8421875 0.36875 0.315625
4 0.7350359918085765 0.821875 0.012627265027114731 0.021875
4 0.6256337207313376 0.8265625 0.007885222872636887 0.0125
4 0.5575558864223822 0.8453125 0.02530907220870695 0.053125
4 0.7913087177062754 0.81796875 0.012627265027114731 0.021875
2 0.7351268953993726 0.80625 0.003170451795397966 0.0078125
2 0.6256837177062755 0.81796875 0.0031613614363184437 0.00625
2 0.560876329142594 0.81171875 0.01572499394987581 0.0171875
2 0.7906092809379921 0.80390625 0.006304542154477666 0.009375
5 0.7920581514494969 0.8234375 0.01591589149054773 0.05
5 0.7358172418085764 0.821875 0.012736349336070063 0.040625
5 0.6256200851927182 0.82890625 0.007976126463433176 0.028125
5 0.560685431601922 0.84453125 0.03485678903121965 0.0828125