8 0.2546875 0.16484375 0.509375 0.3296875
8 0.39765625 0.37578125 0.1921875 0.0921875
8 0.36875 0.5984375 0.28125 0.5375
0 0.55234375 0.365625 0.0859375 0.071875
0 0.6837765989432866 0.424730792645457 0.16513516237139497 0.1853294877033599
0 0.6295981590517452 0.5125489552132436 0.182059041958086 0.14011698165323558
0 0.7095179840891226 0.6863086420797229 0.1824226563212706 0.20261698165323558
0 0.978125 0.8640625 0.04375 0.15
0 0.7144832609218981 0.8683171661820239 0.2106203791939077 0.21528060811666877
4 0.86328125 0.39140625 0.1421875 0.1234375
5 0.8546875 0.4125 0.234375 0.165625
5 0.59765625 0.3734375 0.1765625 0.0875
4 0.58671875 0.36796875 0.1359375 0.0765625
0 0.69140625 0.97734375 0.1703125 0.0453125
2 0.565625 0.7484375 0.1125 0.13125
3 0.6147918122497579 0.7876444039835796 0.033067030054229285 0.04394089754067201
4 0.55546875 0.88828125 0.0921875 0.1484375
4 0.5546875 0.96953125 0.090625 0.0609375
4 0.91640625 0.74453125 0.1671875 0.2296875
2 0.9484375 0.60234375 0.103125 0.1015625
3 0.8710367461893711 0.6509927899149826 0.042460210772388506 0.047120439695149584
5 0.68671875 0.48203125 0.2359375 0.3046875
0 0.5703125 0.43125 0.121875 0.203125
4 0.5453125 0.47421875 0.071875 0.1296875
4 0.7342129361791082 0.4994399011549092 0.0868374455488821 0.15518746974937905
4 0.5765625 0.65546875 0.134375 0.1921875
4 0.93828125 0.91484375 0.1234375 0.1203125
5 0.91328125 0.88203125 0.1734375 0.2109375
5 0.871875 0.69765625 0.25625 0.3609375
5 0.5796875 0.81640625 0.140625 0.2859375
5 0.5671875 0.96328125 0.115625 0.0734375
5 0.7087321889095828 0.6855319372592628 0.17931583703942983 0.20572380093507636
5 0.615625 0.603125 0.2125 0.34375