8 0.47578125 0.42890625 0.2078125 0.4296875
8 0.26015625 0.44921875 0.5203125 0.4609375
8 0.02890625 0.75234375 0.0578125 0.1453125
8 0.4578125 0.83125 0.24375 0.303125
8 0.175910976683266 0.81640625 0.309166963502863 0.2328125
7 0.23798879586691085 0.7546875 0.014207945745273953 0.025
5 0.23643538622599047 0.753125 0.018931807181592396 0.03125
0 0.23336947356000798 0.74296875 0.006304542154477666 0.009375
0 0.3259286365205781 0.94765625 0.012581813231716588 0.0140625
3 0.32664170882748095 0.959375 0.006295451795398144 0.0078125
7 0.33127921185254305 0.96796875 0.022029536104353476 0.0265625
5 0.33210591364794106 0.96015625 0.02678975897699054 0.0390625
5 0.57578125 0.85546875 0.0078125 0.0609375
9 0.48984375 0.97421875 0.1796875 0.0515625
9 0.38359375 0.98125 0.0953125 0.0375
9 0.24764455523668474 0.975 0.09247839149054773 0.05
9 0.184375 0.9765625 0.159375 0.046875
9 0.07109375 0.98515625 0.1421875 0.0296875
9 0.04765625 0.94609375 0.0953125 0.1078125
8 0.2964138533430908 0.91796875 0.2758272226762452 0.1421875
0 0.13203423253699845 0.70390625 0.006295451795398144 0.0078125
0 0.14219502771653825 0.703125 0.006286361436318444 0.00625
0 0.12502116325515766 0.70078125 0.007848861436318444 0.00625
0 0.10696605484390131 0.715625 0.006295451795398144 0.0078125
7 0.1061257175098838 0.72578125 0.014135222872636887 0.0125
7 0.1225865096643615 0.71640625 0.014189765027114642 0.021875
7 0.13041719038252073 0.71328125 0.004742042154477666 0.009375
7 0.14135923556206054 0.7125 0.011001132513557365 0.0109375
5 0.14137741628021977 0.709375 0.012618174668035031 0.0203125
5 0.1320069614597596 0.70859375 0.009484084308955332 0.01875
5 0.12182798556206054 0.7125 0.014253397540672008 0.0328125
5 0.10614389822804302 0.72265625 0.014207945745273865 0.025
8 0.803125 0.83984375 0.39375 0.3203125