8 0.23984375 0.209375 0.4796875 0.41875
2 0.23951374928391136 0.2013839707192703 0.01424431333545444 0.015788632001908987
3 0.24083989194782057 0.22171465205281576 0.00793976933481808 0.011028406667727263
4 0.2320006939449571 0.24270840471831576 0.023928396005726958 0.042460220003181705
5 0.2405671719446389 0.2451521520528157 0.054343149347544806 0.10530566534054522
1 0.66640625 0.3609375 0.3234375 0.115625
2 0.7309483659691377 0.18469700473422418 0.3101215293602714 0.20201922270845268
5 0.73984375 0.21796875 0.5203125 0.4015625
8 0.26796875 0.709375 0.4234375 0.58125
7 0.51796875 0.66171875 0.0765625 0.3328125
5 0.559375 0.709375 0.159375 0.58125