8 0.1546875 0.1796875 0.309375 0.359375
9 0.3140625 0.0390625 0.009375 0.071875
9 0.86484375 0.06875 0.2609375 0.1375
0 0.48828125 0.02109375 0.0484375 0.0421875
3 0.48828125 0.0490807479710468 0.0203125 0.012736357336090798
7 0.48359375 0.09296875 0.1046875 0.1859375
5 0.4796875 0.1796875 0.15 0.359375
7 0.0640625 0.525 0.128125 0.26875
7 0.215625 0.5 0.1875 0.28125
5 0.0859375 0.6796875 0.171875 0.640625
5 0.1984375 0.6796875 0.221875 0.640625
0 0.40625 0.6613165712921838 0.0515625 0.061537484006999675
0 0.503125 0.6703455786123661 0.0578125 0.055360209341181486
3 0.40546875 0.7222631619589565 0.025 0.022165901336727068
3 0.5078125 0.7218535346117297 0.025 0.029978401336727245
7 0.53828125 0.8238427486075937 0.115625 0.19822041868236298
7 0.40390625 0.8152500932925019 0.134375 0.18281359468490815
5 0.40625 0.81484375 0.159375 0.3703125
5 0.53203125 0.81796875 0.1484375 0.3640625