8 0.275 0.16640625 0.55 0.3328125
8 0.109375 0.13359375 0.21875 0.2671875
8 0.859375 0.14375 0.2625 0.2875
4 0.44129015885535344 0.5379217879137767 0.12153969847574828 0.21233746268299925
4 0.03984375 0.790625 0.0796875 0.13125
4 0.2078125 0.8640625 0.225 0.271875
4 0.20309578814745696 0.6899222819462297 0.0441045240041051 0.06144657733927232
4 0.33074406517662414 0.740784253262276 0.14872943325224205 0.3204590453532717
4 0.05234375 0.3875 0.1046875 0.05625
5 0.46328125 0.69765625 0.1734375 0.6046875
0 0.3763100534691592 0.5152388132559127 0.028497704722264317 0.06438976400381798
0 0.3539492401392468 0.5662836925923216 0.04239657825883114 0.03642839600572696
0 0.32332140885535343 0.5392944785964577 0.020557939695149584 0.042423857336090796
0 0.2548526891059745 0.45414786660568457 0.10978406615858276 0.07158519334818117
0 0.21086231547121176 0.5476347846117298 0.07689884328594587 0.05870338534372692
0 0.1767872973208391 0.5995972739497295 0.044049981849627426 0.052071577339272326
0 0.10165548711418468 0.5778137279599109 0.11150110226293623 0.09816587468172652
0 0.015625 0.62734375 0.03125 0.0578125
3 0.015625 0.7 0.03125 0.034375
3 0.13203839958377542 0.6969995326225475 0.06587953005422928 0.044513616008908664
3 0.19585091470908594 0.6532853479471843 0.028252265027114642 0.022202264003817973
3 0.22146399306611303 0.6240791059436844 0.03453862646343318 0.028524989337999785
3 0.27730947208707 0.5538933279360484 0.06280907220870695 0.05385225334181776
5 0.37022822511213216 0.5442177885900945 0.03351245764913067 0.12069430800445424
5 0.349279920857406 0.5694632365929579 0.030014752926866173 0.05659544533736351
5 0.31796875 0.70625 0.1734375 0.5875
5 0.2118799148072818 0.5882506939449571 0.06645222267624522 0.14295111600890867
5 0.1966094388113869 0.6493700072804115 0.07273858411256366 0.14927384134309046
5 0.20703125 0.75390625 0.3015625 0.4921875
5 0.0515625 0.72109375 0.103125 0.2515625
5 0.07011057132494422 0.6617801952975926 0.0491556383672898 0.12400112133990877
5 0.06015625 0.7171875 0.1203125 0.565625
5 0.775 0.6796875 0.45 0.640625
4 0.8140625 0.834375 0.371875 0.33125
1 0.79375 0.45703125 0.18125 0.1953125