8 0.43828125 0.196875 0.3421875 0.30625
8 0.18794803199913684 0.10229219038252069 0.25425220452587266 0.19522263817089822
7 0.031925290976127306 0.1422637262904825 0.022129530054229286 0.04387726502711473
5 0.03189801989888848 0.1375762262904825 0.03480224687674198 0.07363748789975162
0 0.03877018861499515 0.11019156967462429 0.012581813231716588 0.014135222872636887
3 0.7545885478118184 0.15402182026379937 0.03154089149054773 0.050181807181592396
7 0.76796875 0.253125 0.1734375 0.19375
0 0.63515625 0.12265625 0.0515625 0.1171875
0 0.7767493732419792 0.06873376005714493 0.08339428298109546 0.10048178903121974
5 0.74453125 0.18125 0.2703125 0.3375
8 0.41484375 0.75390625 0.3890625 0.4921875
8 0.23203125 0.82421875 0.4640625 0.3515625
6 0.031256628702928314 0.8330846898915414 0.026926114363184706 0.0626545361043533