8 0.34765625 0.259375 0.4234375 0.51875
5 0.7796875 0.259375 0.440625 0.51875
4 0.85 0.278125 0.3 0.48125
1 0.89375 0.06171875 0.184375 0.1234375
5 0.52890625 0.6375 0.0609375 0.215625
5 0.40078125 0.653125 0.0984375 0.2265625
9 0.084375 0.84609375 0.16875 0.3078125
5 0.10625 0.93515625 0.05625 0.1296875
3 0.10390625 0.9234375 0.0109375 0.015625
0 0.09453125 0.89453125 0.0328125 0.0421875
4 0.55 0.590625 0.01875 0.05
4 0.3828125 0.609375 0.0375 0.0640625
0 0.54765625 0.54609375 0.0234375 0.0265625
3 0.546875 0.56484375 0.00625 0.0078125
3 0.38515625 0.5765625 0.0046875 0.0078125
0 0.378125 0.55625 0.021875 0.025