8 0.26953125 0.259375 0.5390625 0.51875
5 0.20329875858420698 0.024748745385088533 0.02521816861791084 0.037790901336727065
4 0.13692887002052548 0.0302260387094071 0.02375566256778665 0.0549602200031817
5 0.12890625 0.03046875 0.0390625 0.0609375
9 0.90546875 0.30546875 0.1890625 0.4265625
3 0.7155538397699044 0.31859764803468027 0.058485186571891744 0.11629770934118148
0 0.6703271773003137 0.19854823002863506 0.14928290339440445 0.14703972668681722
7 0.72421875 0.4171875 0.2609375 0.203125
5 0.7265625 0.315625 0.315625 0.40625
7 0.27890625 0.55546875 0.1671875 0.0734375
7 0.0671875 0.5734375 0.134375 0.109375
5 0.28671875 0.74609375 0.2578125 0.4546875
5 0.1 0.75703125 0.2 0.4765625
1 0.7515625 0.89765625 0.365625 0.2046875
2 0.66796875 0.80234375 0.1984375 0.1109375
5 0.784375 0.8453125 0.43125 0.309375