8 0.3484375 0.359375 0.1625 0.31875
8 0.21484375 0.42734375 0.4296875 0.1828125
8 0.93203125 0.13671875 0.1359375 0.2734375
6 0.4596901800307882 0.12460855398631879 0.036310204722264317 0.06448067067154532
6 0.609363447984769 0.20099723663272878 0.0521897347764936 0.10841248400699968
6 0.6261918788011241 0.1390784919637289 0.028488614363184794 0.06282726400381797
6 0.7348310805965224 0.1456273892823205 0.03320338544042354 0.06756930800445424
6 0.8192651679305397 0.1548018472708666 0.033167024004105275 0.061319308004454245
4 0.6583367582896195 0.15823702462604725 0.03938975292686635 0.05670453333863605
2 0.6690060926967707 0.11201600529122917 0.020448855386194252 0.02367385733609062
5 0.6638055082896195 0.15817338995863822 0.07887040944452864 0.1290340666772721
4 0.37109375 0.83203125 0.1171875 0.3359375
4 0.1625 0.759375 0.325 0.48125
5 0.20625 0.759375 0.4125 0.48125
5 0.35078125 0.759375 0.1578125 0.48125
8 0.86640625 0.77265625 0.2671875 0.4390625
4 0.8578686047970191 0.6648853719366847 0.015761355386194255 0.02361931333545435
2 0.8593174753085238 0.6453359406031394 0.007867042154477843 0.009465906667727175
5 0.8593947433607007 0.6586171906031393 0.029905668617910663 0.03784544533736352