8 0.31328125 0.3015625 0.1515625 0.284375
0 0.61328125 0.03203125 0.1578125 0.0640625
3 0.47677262002052545 0.07967036104353502 0.042532933645025396 0.05962043969514967
3 0.9273675176593933 0.050261679638004694 0.02531816256778683 0.054832945745273955
4 0.925 0.27421875 0.15 0.4109375
4 0.6046875 0.340625 0.265625 0.278125
4 0.48371348731057645 0.19845672247985346 0.030360186571891747 0.11579771682251269
4 0.428125 0.27421875 0.078125 0.4109375
0 0.41554422852997774 0.029315837039429925 0.01897725897699054 0.03917158430895542
5 0.45132771330647137 0.1373328701187213 0.09686695140261463 0.2677420119038567
5 0.459375 0.23984375 0.140625 0.4796875
0 0.61171875 0.23984375 0.3984375 0.4796875
0 0.88359375 0.23984375 0.2328125 0.4796875
9 0.69453125 0.23984375 0.6109375 0.4796875
8 0.2203125 0.73984375 0.3375 0.5203125
5 0.378125 0.8546875 0.021875 0.178125
8 0.9265625 0.6484375 0.146875 0.3375
8 0.70546875 0.915625 0.5796875 0.16875