8 0.23984375 0.31484375 0.4796875 0.6296875
2 0.5578125 0.27185572398154634 0.128125 0.14524086935072641
1 0.58984375 0.34492050664386464 0.0515625 0.06309998400699968
4 0.55390625 0.0875 0.1265625 0.175
4 0.60234375 0.50390625 0.2265625 0.2515625
5 0.61953125 0.16328125 0.2796875 0.3265625
5 0.63046875 0.40859375 0.3015625 0.4421875
5 0.2890625 0.81484375 0.38125 0.3703125
4 0.36171875 0.81484375 0.2359375 0.3703125
1 0.38984375 0.65703125 0.1796875 0.0546875
8 0.9296875 0.81484375 0.140625 0.3703125
8 0.8671875 0.90546875 0.253125 0.1890625
8 0.721875 0.95234375 0.09375 0.0953125