8 0.18984375 0.37109375 0.3796875 0.2765625
0 0.4484375 0.039218077866047765 0.0609375 0.0706670240041051
0 0.546875 0.07650952048806366 0.0671875 0.06445338544042353
3 0.43125 0.100836833916172 0.0296875 0.026735216822512696
3 0.53671875 0.13113793315404615 0.0296875 0.034547716822512696
7 0.53984375 0.24599986387220535 0.146875 0.22272949375348397
7 0.43203125 0.19609375 0.1046875 0.2078125
5 0.44375 0.2546875 0.128125 0.509375
5 0.51953125 0.27265625 0.2203125 0.4734375
3 0.3578125 0.6515625 0.04375 0.06875
2 0.3453125 0.56328125 0.06875 0.1078125
4 0.309375 0.80234375 0.140625 0.2765625
5 0.22109375 0.7546875 0.3171875 0.490625
8 0.68984375 0.7546875 0.6203125 0.490625