8 0.2546875 0.26953125 0.509375 0.5390625
9 0.9921875 0.0859375 0.015625 0.053125
9 0.9314692103796052 0.1225365126894236 0.059693162567786826 0.055032933645025484
6 0.7001924601832133 0.25357393101274683 0.020403403590796287 0.015743174668035032
9 0.7872652133064714 0.17962737090428824 0.06127384328594587 0.058167024004105096
8 0.87734375 0.43125 0.2453125 0.275
8 0.22109375 0.67734375 0.4421875 0.0953125
8 0.0921875 0.81484375 0.184375 0.3703125
2 0.69609375 0.784375 0.3234375 0.309375
5 0.7546875 0.81484375 0.490625 0.3703125
4 0.74765625 0.9515625 0.4671875 0.096875
1 0.7234375 0.96640625 0.209375 0.0671875