8 0.2864566922292325 0.1875 0.3267998910977643 0.309375
8 0.29921875 0.21484375 0.4609375 0.4296875
4 0.76484375 0.3796875 0.4703125 0.1
1 0.85078125 0.2140625 0.2984375 0.21875
2 0.83984375 0.028125 0.3203125 0.05625
5 0.76484375 0.21484375 0.4703125 0.4296875
8 0.26484375 0.71484375 0.5296875 0.5703125
8 0.621875 0.79140625 0.184375 0.3828125
7 0.7740572070599554 0.6453125 0.012618174668035031 0.0203125
5 0.7747975504440971 0.63828125 0.015870439695149584 0.0421875
8 0.79140625 0.69453125 0.4171875 0.5296875
8 0.84453125 0.646875 0.3109375 0.434375