8 0.1671875 0.328125 0.334375 0.303125
8 0.278125 0.26015625 0.421875 0.4390625
0 0.26875 0.57578125 0.159375 0.1921875
2 0.4173789184215191 0.546875 0.09901019262201594 0.0984375
3 0.41578057786604783 0.675 0.042532933645025396 0.059375
4 0.32734375 0.903125 0.2703125 0.19375
4 0.42037314997655884 0.79296875 0.03191359621281222 0.1140625
4 0.4640625 0.828125 0.05 0.34375
0 0.4709357104778009 0.62109375 0.018986349336070064 0.040625
5 0.44140625 0.73046875 0.0953125 0.2671875
5 0.434375 0.74609375 0.109375 0.5078125
0 0.29453125 0.73984375 0.3890625 0.5203125
0 0.0796875 0.73984375 0.159375 0.5203125
9 0.24453125 0.73984375 0.4890625 0.5203125
4 0.5796875 0.5953125 0.11875 0.23125
5 0.60078125 0.73984375 0.2234375 0.5203125