8 0.34375 0.26875 0.6875 0.240625
8 0.54453125 0.27578125 0.2890625 0.2265625
3 0.84453125 0.34140625 0.3109375 0.0953125
2 0.84453125 0.090625 0.3109375 0.18125
4 0.84453125 0.34296875 0.3109375 0.0921875
5 0.84453125 0.19453125 0.3109375 0.3890625
8 0.58828125 0.64375 0.2015625 0.1625
9 0.41094023671227065 0.6970907069617596 0.06597044533736351 0.030069295081343837
6 0.32829136871417963 0.7106714179305398 0.007994313335454351 0.015670451795398145
6 0.31422886871417965 0.7105896046988233 0.009556813335454351 0.015679542154477664
6 0.2970504593809524 0.7112708607489474 0.009556813335454351 0.015679542154477664
6 0.281434550047725 0.7119612071581513 0.009593176002545434 0.018804542154477667
6 0.2697158000477251 0.7118930294650541 0.008048857336090797 0.020357951795397965
6 0.26034080004772503 0.7118384873105764 0.009593176002545434 0.018804542154477667
9 0.11611808537554351 0.6703771742752516 0.10245338534372683 0.07715337334017516
9 0.233714665380316 0.7062152012062228 0.03780908267027261 0.02678066861791084
8 0.21512884472467916 0.7873515717177277 0.11533519334818117 0.11003859621281213
9 0.13432155068427193 0.48924534894328653 0.2067227146721815 0.041824927398509536
8 0.80703125 0.77421875 0.2359375 0.4515625