8 0.1546875 0.2046875 0.309375 0.409375
2 0.25413000555914494 0.10130186212368955 0.02832498789975162 0.03453862646343318
4 0.25989419222923243 0.15205129586691085 0.0548783975406721 0.03313066256778665
5 0.2597442013044188 0.12627004586691087 0.07547269867214013 0.08168633723582168
1 0.9159719962875668 0.2851763714934634 0.11319086729005079 0.11940450585373252
1 0.58203125 0.084375 0.1359375 0.16875
2 0.859375 0.00859375 0.08125 0.0171875
3 0.8280669544276767 0.08177463642238222 0.04242384933607006 0.040870439695149766
3 0.7458822100850175 0.3244484706331418 0.07230224687674199 0.07385565651766228
2 0.7377101200205255 0.12839562724900003 0.17576359016268794 0.13226812021691714
2 0.896953309813871 0.10481216062287904 0.12262949980360816 0.13039654800821018
4 0.52421875 0.22890625 0.2765625 0.3609375
5 0.8546875 0.06484375 0.1 0.1296875
5 0.87734375 0.2203125 0.2453125 0.378125
5 0.728125 0.2109375 0.41875 0.396875
5 0.49296875 0.2046875 0.3640625 0.409375
8 0.08046875 0.82578125 0.1609375 0.3484375
8 0.6578125 0.7046875 0.546875 0.590625
7 0.6717043667008757 0.7168127117543472 0.02051248789975162 0.03449317466803503
7 0.8839498366466465 0.6718264229195192 0.018986349336070064 0.04073408430895533
4 0.7877419362773042 0.5184746848233759 0.01895907825883114 0.03604658430895551
0 0.788336833916172 0.48643888964383597 0.014198855386194253 0.023519313231716587
0 0.8899680324901162 0.6319463114832007 0.01261817466803521 0.020385222872636888
5 0.7878101139704012 0.5301934348233759 0.03817268657189175 0.11584316861791084
5 0.8841225534691592 0.7015139229195192 0.03528403590796181 0.15644998789975162
5 0.6740072100850174 0.7097678262157278 0.03001475292686635 0.056422716822512695