8 0.22265625 0.2890625 0.4453125 0.4
0 0.7078125 0.02890625 0.115625 0.0578125
4 0.70703125 0.18359375 0.1671875 0.1828125
4 0.890625 0.11171875 0.14375 0.1546875
3 0.8578125 0.0234375 0.046875 0.0375
3 0.73359375 0.0765625 0.046875 0.0359375
5 0.86171875 0.18984375 0.2765625 0.3796875
5 0.71875 0.21484375 0.2375 0.4296875
8 0.26484375 0.74453125 0.5296875 0.5109375
2 0.1890625 0.50078125 0.03125 0.0234375
4 0.2015625 0.54375 0.0578125 0.0359375
5 0.1984375 0.52578125 0.08125 0.0734375
8 0.73984375 0.65546875 0.4203125 0.3328125
8 0.80390625 0.74453125 0.3921875 0.5109375