8 0.32578125 0.2875 0.4484375 0.56875
8 0.21171875 0.4109375 0.4234375 0.578125
7 0.346875 0.13203125 0.03125 0.0390625
5 0.3484375 0.1296875 0.0375 0.0484375
9 0.8171875 0.4375 0.03125 0.0359375
9 0.61640625 0.3609375 0.096875 0.1
9 0.55234375 0.34296875 0.0046875 0.0640625
7 0.6109375 0.1453125 0.0796875 0.153125
3 0.62890625 0.09375 0.0203125 0.0328125
0 0.6453125 0.05859375 0.0453125 0.065625
5 0.61484375 0.15 0.1109375 0.2640625
9 0.9421875 0.4734375 0.0265625 0.03125
5 0.365625 0.76875 0.05 0.09375
8 0.53828125 0.8828125 0.0234375 0.115625
8 0.34765625 0.85 0.4046875 0.3
3 0.6140625 0.91328125 0.128125 0.1734375
2 0.625 0.74453125 0.15 0.0890625
5 0.721875 0.85 0.34375 0.3