8 0.23984375 0.24453125 0.4796875 0.4890625
5 0.2546875 0.2812019438003663 0.0625 0.1316136143631848
0 0.98984375 0.1265625 0.0203125 0.0625
3 0.99296875 0.17890625 0.0140625 0.0328125
7 0.94375 0.28359375 0.1125 0.2171875
5 0.9265625 0.28671875 0.146875 0.4046875
7 0.3375 0.74453125 0.284375 0.5109375
3 0.29296875 0.51953125 0.0890625 0.0609375
5 0.23984375 0.74453125 0.4796875 0.5109375
9 0.4234375 0.63984375 0.1125 0.3015625
1 0.80859375 0.5799177415139889 0.240625 0.14983741529826117
4 0.8015625 0.70078125 0.396875 0.2140625
5 0.796875 0.65390625 0.40625 0.3296875