8 0.29453125 0.275 0.5890625 0.55
5 0.3506669027291334 0.08046875 0.03911813868554468 0.1390625
4 0.62890625 0.23984375 0.0796875 0.4578125
5 0.64296875 0.275 0.1078125 0.55
7 0.18359375 0.975 0.0359375 0.05
3 0.19067373738858837 0.95234375 0.006377269334818081 0.0109375
0 0.18803908605186131 0.92734375 0.023782945337363515 0.0296875
5 0.20234375 0.95390625 0.0796875 0.0921875
8 0.29453125 0.79296875 0.5890625 0.4140625
7 0.8919089733847704 0.78515625 0.04024428668045381 0.1015625
7 0.9321708940563156 0.82109375 0.06718859468490805 0.134375
7 0.8508027153882702 0.8109375 0.059248825350089976 0.1234375
7 0.8038913527211793 0.8078125 0.03866360534690836 0.1
7 0.7732140647278609 0.85703125 0.07233062802354447 0.1734375
7 0.7292544320496341 0.771875 0.044859061346272176 0.0953125
7 0.6942532707272244 0.85234375 0.06864200668363551 0.125
7 0.6640021493873156 0.80390625 0.029034066677272107 0.078125
7 0.625 0.86015625 0.071875 0.1921875
0 0.6078125 0.71796875 0.0375 0.0484375
0 0.672613533378407 0.73828125 0.019059082670272433 0.0265625
0 0.6951879673774526 0.73125 0.036392033338636054 0.0390625
0 0.7059072913749072 0.7125 0.020494313335454352 0.015625
0 0.7337959340388164 0.6921875 0.02530908267027243 0.0265625
0 0.7668357007081344 0.71171875 0.044277258672817864 0.0453125
0 0.7943794453771342 0.72890625 0.017442038669636162 0.021875
0 0.8605947913749071 0.7125 0.03477498933799979 0.034375
0 0.9214232033736345 0.703125 0.01584317600254508 0.01875
0 0.9324516100413618 0.7109375 0.03626476400381797 0.028125
3 0.9227044400461342 0.74609375 0.015824994668999892 0.0171875
3 0.8617578493793616 0.7453125 0.01578863200190881 0.0140625
3 0.7892015967138615 0.75390625 0.011101132001908987 0.0140625
3 0.7610947780474069 0.75546875 0.020530676002545434 0.01875
3 0.729481151376498 0.72421875 0.014226132001908986 0.0140625
3 0.6790089840467706 0.75078125 0.006359088001272539 0.009375
3 0.6878209100493159 0.76953125 0.012645450668363622 0.0125
3 0.5987856820496341 0.771875 0.017478401336727067 0.025
5 0.89609375 0.84609375 0.0703125 0.3078125
5 0.92578125 0.846875 0.0984375 0.30625
5 0.84609375 0.84609375 0.1078125 0.3078125
5 0.8002669133911336 0.83203125 0.052654474697634866 0.228125
5 0.759375 0.84375 0.1125 0.3125
5 0.7260390727243611 0.83125 0.06290217870781625 0.303125
5 0.7059981980426343 0.7203125 0.019168170671545325 0.0359375
5 0.6650561193904974 0.82734375 0.0383374360279987 0.20625
5 0.68984375 0.85625 0.0890625 0.2875
5 0.62578125 0.84609375 0.0734375 0.3078125