8 0.175 0.31875 0.35 0.521875
5 0.779102413271821 0.37269753874917805 0.09945674936345306 0.22300224267981755
5 0.6242967346037755 0.381053836728179 0.09645901869827131 0.23390338001272665
4 0.7882506939449571 0.325141286083678 0.033394302673454314 0.05038180800445424
4 0.6084177432765936 0.3355504327259518 0.038263616008908666 0.0660613520050907
0 0.7809836339513204 0.2781753794159507 0.022184082670272432 0.02681703866963616
3 0.7791847766152296 0.29846969808240525 0.006359088001272539 0.009447725334181811
3 0.6119336419478205 0.3019930453930427 0.004796588001272539 0.009429544000636359
0 0.6051387492839113 0.2815987293920882 0.022165901336727068 0.02525453866963625
8 0.28984375 0.59375 0.0328125 0.028125
9 0.31961777792809426 0.6010487107335878 0.03317612667090888 0.03163180800445442
3 0.2642393872533673 0.6597873640594972 0.00950226933481808 0.011046588001272718
0 0.26211381325591265 0.6410100920591791 0.022274989337999783 0.03462953866963616
5 0.278991683243186 0.7349691773949518 0.06043061203054414 0.22567270934118158
6 0.51171875 0.83828125 0.3234375 0.3234375
6 0.778125 0.796875 0.44375 0.40625