8 0.2546875 0.2625 0.509375 0.525
0 0.97890625 0.2078125 0.0421875 0.071875
0 0.698567226683266 0.48017346992363985 0.08154998184962743 0.05250792934436319
4 0.7015625 0.5265625 0.18125 0.046875
3 0.9875 0.24921875 0.025 0.0421875
5 0.9625 0.35625 0.075 0.3875
5 0.70234375 0.49453125 0.2546875 0.1109375
5 0.41484375 0.7703125 0.1890625 0.440625
4 0.4546875 0.7734375 0.109375 0.15
3 0.4828125 0.725 0.053125 0.0625
2 0.4625 0.578125 0.09375 0.05625
5 0.2546875 0.89453125 0.509375 0.2109375
0 0.7859375 0.775 0.428125 0.45
5 0.7546875 0.775 0.490625 0.45