8 0.21484375 0.26640625 0.4296875 0.5328125
8 0.21484375 0.0484375 0.4296875 0.096875
8 0.8501748003459012 0.3502589174092693 0.21723399355709247 0.27907152402927127
8 0.6314475262436002 0.35161978071290695 0.19569533684303816 0.3366294853596351
9 0.98125 0.4546875 0.0375 0.05
5 0.36171875 0.69453125 0.1359375 0.2296875
0 0.64453125 0.98984375 0.0921875 0.0203125
0 0.5902776255796703 0.9453414140276806 0.07539997579950324 0.06962270401018138
0 0.7714730834251926 0.938075448718952 0.040861349336070066 0.041097714672181596
0 0.88203125 0.98359375 0.0484375 0.0328125
0 0.95390625 0.975 0.0703125 0.05
3 0.59765625 0.99296875 0.0328125 0.0140625
3 0.7640625 0.9875 0.028125 0.025
5 0.5671875 0.953125 0.11875 0.09375
5 0.7625 0.95625 0.103125 0.0875