8 0.26796875 0.27890625 0.5359375 0.5578125
8 0.4459827249157405 0.37361282122674844 0.32832602966144575 0.30502488504764
8 0.8546875 0.109375 0.290625 0.21875
0 0.800942935688129 0.2626833698241337 0.07209316861791067 0.03791815651766246
0 0.8547855531745716 0.25205948721238053 0.048610216822512695 0.029969301131468028
3 0.8549128182016862 0.2739344872123805 0.032885222872636885 0.012690897540672097
3 0.815927586253863 0.2869884782353901 0.023519313231716764 0.014198855386194253
7 0.8536503000513136 0.32548789685330093 0.08488406010845857 0.08799087939029934
7 0.7740264325648709 0.3359617885402404 0.11785109621281213 0.11474427693097126
5 0.7953125 0.36953125 0.171875 0.2640625
5 0.8811849475919857 0.35845947813719425 0.18739195745273882 0.2510817527304745
0 0.8173123033709633 0.12215836377400953 0.007839771077238922 0.004732951795398144
7 0.8165810503459012 0.13074756859446968 0.015697722872636887 0.012590903590796287
5 0.8142554810640604 0.13385893305585023 0.022056807181592218 0.03137726502711473
0 0.8190157039366974 0.14638620413308914 0.009402271077238922 0.004742042154477666
7 0.8136014960911752 0.15572938787631047 0.01570681323171641 0.014153403590796287
5 0.8159634268093343 0.15886802341492992 0.023628397540671742 0.032948855386194256
0 0.50625 0.58828125 0.11875 0.0578125
3 0.483862957354543 0.631901523316734 0.036310204722264317 0.06427157825883115
4 0.33984375 0.77265625 0.3140625 0.4265625
5 0.36328125 0.7796875 0.4109375 0.440625
5 0.78203125 0.7796875 0.1453125 0.440625