8 0.2609375 0.1765625 0.521875 0.353125
8 0.37421875 0.26484375 0.5296875 0.5296875
0 0.055799631246049496 0.66796875 0.020603401336727067 0.025
5 0.06051440324636763 0.665625 0.03686474801081765 0.0796875
6 0.6421875 0.73203125 0.00625 0.0203125
6 0.6461177379455935 0.73203125 0.008067038669636161 0.021875
6 0.6657489852800934 0.7234375 0.0065045386696361614 0.021875
6 0.6712540979471843 0.7203125 0.008067038669636161 0.021875
6 0.6803831026018666 0.80859375 0.02400112133990877 0.0484375
6 0.7259586845958215 0.853125 0.04155224801081765 0.0796875
6 0.7509779606142751 0.7171875 0.012790901336727067 0.025
6 0.7579001226130024 0.7265625 0.014407945337363514 0.0296875
6 0.8314830732813661 0.7140625 0.0175511266709087 0.03125
6 0.9589904552832749 0.7 0.019204533338636053 0.0390625
6 0.8161580652848659 0.68828125 0.011192038669636162 0.021875
9 0.9171875 0.88046875 0.165625 0.2390625
6 0.867947831954184 0.66875 0.009593176002545434 0.01875
6 0.9009330546228658 0.65390625 0.009574994668999892 0.0171875
9 0.8793762279599109 0.6265625 0.030142033338636055 0.0390625