8 0.21484375 0.29453125 0.4296875 0.5890625
5 0.05390625 0.43337804303824046 0.0359375 0.13458407825883115
4 0.78828125 0.04921875 0.0890625 0.0984375
4 0.6984375 0.24041435909862746 0.109375 0.2318863251355733
3 0.721875 0.0996530037124332 0.015625 0.03915340359079629
2 0.69375 0.03671875 0.071875 0.0734375
5 0.79453125 0.15078125 0.1046875 0.3015625
5 0.7125 0.23125 0.15625 0.4625
8 0.7859375 0.2296875 0.428125 0.459375
8 0.19921875 0.83515625 0.3453125 0.3296875
8 0.1359375 0.86875 0.271875 0.2625
8 0.753125 0.7359375 0.4625 0.29375
8 0.89296875 0.79453125 0.2140625 0.4109375