8 0.25546875 0.1984375 0.5109375 0.28125
8 0.84453125 0.16953125 0.3109375 0.3390625
5 0.759375 0.24315548941754156 0.0515625 0.1380999840069997
3 0.47421875 0.5789924447405875 0.221875 0.15258174936345323
4 0.403125 0.646875 0.571875 0.290625
2 0.38984375 0.3734375 0.3234375 0.06875
5 0.34453125 0.58515625 0.6890625 0.4921875
3 0.44140625 0.96328125 0.2703125 0.0734375
2 0.4234375 0.8127765514003606 0.2625 0.14055446403563465
5 0.3875 0.84765625 0.603125 0.3046875
8 0.84140625 0.678125 0.3046875 0.2125
8 0.88671875 0.91484375 0.2265625 0.1703125