8 0.23984375 0.31484375 0.4796875 0.6296875
8 0.3796875 0.221875 0.31875 0.44375
8 0.09609375 0.07417083654845058 0.134375 0.09765677088084708
8 0.76953125 0.31484375 0.4609375 0.6296875
0 0.2140625 0.68203125 0.196875 0.1046875
0 0.51875 0.6875 0.040625 0.115625
0 0.49140625 0.67421875 0.0640625 0.0890625
4 0.05234375 0.74609375 0.1046875 0.2328125
4 0.4703125 0.86953125 0.1375 0.1296875
4 0.4296875 0.8281366947633153 0.1125 0.11784200585373261
0 0.2765625 0.984375 0.109375 0.03125
5 0.0734375 0.81484375 0.146875 0.3703125
5 0.22578125 0.8046875 0.2453125 0.35
5 0.45078125 0.73984375 0.1765625 0.2203125
5 0.44609375 0.7984375 0.1859375 0.3375
5 0.50859375 0.7875 0.0609375 0.315625