8 0.24453125 0.209375 0.4890625 0.41875
1 0.68671875 0.08203125 0.0953125 0.1640625
0 0.52578125 0.2375 0.0734375 0.3
7 0.59765625 0.309375 0.2171875 0.21875
7 0.8375 0.209375 0.325 0.41875
7 0.98671875 0.209375 0.0265625 0.41875
5 0.96328125 0.209375 0.0734375 0.41875
5 0.775 0.209375 0.45 0.41875
5 0.6 0.2484375 0.221875 0.340625
1 0.50078125 0.39609375 0.0234375 0.0453125
8 0.16484375 0.709375 0.3296875 0.58125
8 0.34140625 0.84453125 0.2734375 0.3109375
8 0.44140625 0.9046875 0.0953125 0.190625
1 0.73046875 0.5375 0.4828125 0.2375
4 0.74453125 0.8265625 0.5109375 0.346875
5 0.74453125 0.709375 0.5109375 0.58125