8 0.3484375 0.20390625 0.503125 0.3703125
8 0.8 0.19453125 0.4 0.3890625
4 0.30284073721238053 0.549223128739633 0.0978567587805987 0.16987724267981755
4 0.212021336253863 0.7833066800604518 0.1217487767345796 0.24827496268299926
3 0.3141867824901162 0.4852969887412238 0.029942030054229286 0.044095445337363516
3 0.23301911660267988 0.632779968730088 0.017432939695149585 0.042387494668999895
2 0.20131914382823882 0.5550725920591791 0.07874314441741408 0.10715906667727229
2 0.30703125 0.41796875 0.0484375 0.0578125
5 0.309375 0.61875 0.121875 0.459375
5 0.22578125 0.74765625 0.1765625 0.5046875
8 0.33203125 0.69453125 0.5359375 0.6109375
5 0.9109375 0.475 0.178125 0.171875