8 0.26953125 0.22265625 0.5390625 0.4453125
8 0.0921875 0.24375 0.184375 0.3125
4 0.88828125 0.36484375 0.1734375 0.3078125
3 0.8556222443426591 0.22513881704234556 0.03936248184962743 0.05178975897699045
2 0.8531517501963917 0.11265699776050482 0.11659766842151917 0.1678601865718917
5 0.86015625 0.27109375 0.2796875 0.4953125
7 0.3328125 0.7703125 0.4125 0.459375
5 0.3234375 0.759375 0.43125 0.48125
3 0.39921875 0.5671875 0.0546875 0.096875
1 0.6501842688377437 0.698707606368153 0.17403746369925485 0.10413402985783762
1 0.9177490187395477 0.6323094049655383 0.08949883723582168 0.0755181504675381
1 0.8212149072050334 0.5742792572284745 0.09578519867214012 0.08180451190385671
2 0.7079518379231927 0.5718133082617468 0.2677783733401752 0.10311695140261463
5 0.93125 0.64609375 0.1375 0.2546875
5 0.821875 0.56015625 0.159375 0.0828125
5 0.76953125 0.71640625 0.4609375 0.3953125