8 0.259375 0.275 0.51875 0.55
8 0.14375 0.275 0.2875 0.55
5 0.4494870912635487 0.3011468051384889 0.11301017202418073 0.17877041549465283
4 0.4677285612667303 0.27760476600907324 0.025781797342454026 0.06733294574527378
0 0.7347358899586383 0.17955360626995703 0.1008181600095451 0.07089428298109546
0 0.9092449939529113 0.2207229860530399 0.12287497334499946 0.08664654800821019
0 0.5774773732893201 0.1999984373574586 0.11655224801081765 0.08036018657189174
4 0.5703125 0.35625 0.103125 0.1875
4 0.73140980060473 0.3311251966290367 0.14871131468808985 0.15866699375348398
4 0.9059461765993213 0.3699508264121195 0.1815419960216353 0.16042039129415606
4 0.971875 0.4265625 0.05625 0.246875
3 0.892938193944957 0.27940763964383597 0.05981135200509087 0.03784543364502539
3 0.7215540899506842 0.238220079142594 0.04732953333863606 0.03933521077238851
3 0.5892864826145934 0.2593007144848217 0.04885567067154532 0.03621930113146821
5 0.884375 0.35859375 0.23125 0.3828125
5 0.91015625 0.3078125 0.1796875 0.484375
5 0.69453125 0.33984375 0.2953125 0.4203125
5 0.59453125 0.35 0.1515625 0.4
6 0.52421875 0.75625 0.0109375 0.19375
9 0.77109375 0.8078125 0.4578125 0.384375