8 0.41484375 0.40390625 0.2484375 0.3703125
2 0.7067372787634956 0.5367631600337038 0.00950226933481808 0.010992042154477844
2 0.7200094380967228 0.5359046419815271 0.011064769334818082 0.011001132513557365
4 0.70390625 0.57421875 0.0109375 0.0296875
4 0.71953125 0.575 0.0265625 0.028125
3 0.7146861387650864 0.5484364582383058 0.006377269334818081 0.010973861436318445
3 0.7068918200986318 0.5500444100337039 0.006359088001272717 0.009411361436318443
5 0.7109375 0.55859375 0.028125 0.0609375
5 0.72109375 0.55859375 0.0515625 0.0609375
5 0.42578125 0.79453125 0.2265625 0.4109375
5 0.171875 0.79453125 0.334375 0.4109375
4 0.45390625 0.8640625 0.1703125 0.271875
4 0.1953125 0.88359375 0.24375 0.2328125
1 0.24609375 0.6875 0.1453125 0.196875
1 0.4984375 0.64921875 0.08125 0.1203125
8 0.72578125 0.76484375 0.2515625 0.3515625
9 0.9025657573997243 0.8351900070320829 0.04774770401018138 0.07527271077238851