8 0.25 0.34453125 0.5 0.6890625
7 0.33729529340386044 0.22949243141308723 0.0426602146721816 0.04111589600572696
5 0.3365231340706331 0.23026459074631447 0.057104522676635835 0.07409202800763595
5 0.8699532520687242 0.3271668627466326 0.10412606802990751 0.22149428668045382
5 0.7274021253978152 0.2942623613939972 0.12460220003181668 0.23579314401654478
4 0.8897384933959062 0.2820907200827235 0.03492044000636341 0.047274989337999784
4 0.7213879353914519 0.24732372672658814 0.04295111600890866 0.06611589600572695
3 0.8878669107256336 0.25551003874917805 0.006377269334818081 0.011010225334181811
3 0.7327339680537703 0.215428836728179 0.007903406667727353 0.007903406667727176
0 0.730916929384134 0.19353565539463355 0.025327264003817972 0.028415901336727067
0 0.895470325389861 0.23763219541690522 0.025345445337363513 0.029978401336727245
7 0.440625 0.7515625 0.11875 0.125
7 0.1015625 0.72578125 0.19375 0.0734375
5 0.1375 0.84453125 0.275 0.3109375
5 0.4125 0.84453125 0.175 0.3109375
8 0.75 0.84453125 0.5 0.3109375