8 0.30234375 0.33671875 0.5328125 0.3046875
8 0.2949731741770557 0.20511668765204621 0.5113112464839586 0.3357759570599554
5 0.7460776528052293 0.44574220853289337 0.02862496974937905 0.08610112646343318
7 0.7413628817279905 0.4410819796101322 0.012681807181592397 0.03132272287263689
8 0.784375 0.24453125 0.43125 0.4890625
1 0.33828125 0.89765625 0.4609375 0.2046875
2 0.31796875 0.69453125 0.5015625 0.1890625
5 0.284375 0.7828125 0.56875 0.434375
6 0.61328125 0.76875 0.0890625 0.290625
2 0.96875 0.97734375 0.0625 0.0453125
5 0.8125 0.88984375 0.375 0.2203125