8 0.221875 0.096875 0.29375 0.19375
4 0.834375 0.1953125 0.2875 0.390625
5 0.7421875 0.26953125 0.515625 0.5390625
6 0.34325353366846656 0.63515625 0.009465903590796288 0.015625
6 0.32840069330938704 0.63671875 0.011028403590796288 0.015625
6 0.31041830777076757 0.6390625 0.009465903590796288 0.015625
6 0.29400296741168797 0.640625 0.009493174668035032 0.0203125
6 0.2814938770526083 0.6421875 0.009502265027114643 0.021875
6 0.2713330818730685 0.64296875 0.011055674668035032 0.0203125
9 0.11759500351604144 0.6140625 0.11143746974937896 0.0859375
9 0.24400751259122772 0.63984375 0.042360216822512696 0.0296875
8 0.22944049766230895 0.7265625 0.12726245764913058 0.1203125
3 0.5246666392510526 0.73828125 0.16697946350286302 0.2328125
7 0.6609375 0.86328125 0.440625 0.2734375
5 0.6265625 0.76953125 0.515625 0.4609375