8 0.25 0.309375 0.5 0.61875
8 0.28046875 0.4140625 0.4390625 0.409375
0 0.00859375 0.1640625 0.0171875 0.021875
3 0.00546875 0.1859375 0.0109375 0.015625
7 0.0109375 0.2203125 0.021875 0.065625
5 0.0171875 0.21875 0.034375 0.134375
8 0.6890625 0.2953125 0.378125 0.56875
5 0.6171875 0.3382160548439013 0.0765625 0.1379454275949012
2 0.49296875 0.70390625 0.0140625 0.0609375
2 0.3984375 0.63984375 0.059375 0.0421875
2 0.18046875 0.7299263109922214 0.059375 0.0644079336450254
3 0.1359375 0.63828125 0.05 0.0390625
3 0.2875 0.6871161213952676 0.040625 0.05179884933607006
3 0.37421875 0.7436428564663488 0.0515625 0.059674981849627426
3 0.48203125 0.81640625 0.0359375 0.0546875
4 0.43203125 0.9265625 0.1359375 0.146875
4 0.33984375 0.8828125 0.1703125 0.234375
4 0.246875 0.85703125 0.165625 0.2859375
4 0.11015625 0.90703125 0.1890625 0.1859375
7 0.09609375 0.8101046903825206 0.1921875 0.3573681141667929
5 0.40390625 0.8296875 0.1921875 0.340625
5 0.33984375 0.809375 0.2921875 0.38125
5 0.23671875 0.809375 0.2921875 0.38125
5 0.1265625 0.8375 0.253125 0.325
5 0.11484375 0.809375 0.2296875 0.38125
9 0.590625 0.80234375 0.18125 0.2078125
7 0.86484375 0.8546875 0.2078125 0.290625
3 0.9109375 0.758173509958949 0.046875 0.058085210772388506
0 0.9421875 0.67890625 0.115625 0.1203125
5 0.809375 0.809375 0.38125 0.38125