8 0.2078125 0.33828125 0.378125 0.2828125
8 0.2234375 0.03359375 0.159375 0.0671875
4 0.14120782474278978 0.31480355593573023 0.015761355386194255 0.023619313335454438
2 0.14186635489521499 0.2937007152689575 0.007867042154477843 0.009465906667727175
5 0.14351521330647135 0.30852628393541204 0.02991475897699054 0.03940794533736343
0 0.9796875 0.18984375 0.040625 0.0828125
2 0.7443020502477053 0.4223780565722771 0.1332670179539809 0.07967041335136286
2 0.6460549269075303 0.32195188991886736 0.14118860226293642 0.09851132001909005
3 0.98984375 0.24921875 0.0203125 0.0390625
3 0.796875 0.00703125 0.025 0.0140625
3 0.6341867068635636 0.4306910905872309 0.07681703005422928 0.04464088534372692
4 0.8959594781371942 0.30263662655159623 0.16498062626704132 0.15972154002227157
4 0.60859375 0.4265625 0.1390625 0.10625
4 0.609375 0.08671875 0.140625 0.1734375
4 0.7819822947867563 0.05003943256686823 0.08324883723582159 0.07596361067790855
5 0.78046875 0.12734375 0.1328125 0.2546875
5 0.89765625 0.30625 0.2046875 0.346875
5 0.75546875 0.41796875 0.4328125 0.1234375
5 0.6390625 0.359375 0.2 0.240625
5 0.628125 0.17109375 0.178125 0.3421875
8 0.29453125 0.72578125 0.4890625 0.4921875
8 0.04765625 0.6921875 0.0953125 0.246875
9 0.54921875 0.95625 0.0203125 0.0375
9 0.6843998094210876 0.9819370592775482 0.02675339754067192 0.03312158267027243
9 0.971875 0.984375 0.015625 0.03125
9 0.9375 0.97890625 0.084375 0.0421875
9 0.86640625 0.98828125 0.0484375 0.0234375