8 0.15 0.26953125 0.3 0.5390625
8 0.78359375 0.2109375 0.3515625 0.421875
2 0.8100419027291335 0.14236670277735675 0.01736931333545435 0.01572499394987581
3 0.8111140540658607 0.1673621575978169 0.00793976933481808 0.010982951795397966
4 0.8129674554025877 0.1923530672387373 0.038027258672817865 0.045530668617910844
5 0.8006038154041786 0.20414454011137426 0.07818063868554467 0.13950792759490122
5 0.68984375 0.03828125 0.0296875 0.0765625
9 0.15 0.76953125 0.3 0.4609375
8 0.525 0.76953125 0.45 0.4609375
0 0.3885583487428147 0.8721330334720749 0.028434082670272608 0.026726126463433177
0 0.6626498294079965 0.8596001754536019 0.04107953333863605 0.039298849336070064
0 0.7008310820734966 0.8507837116561513 0.028506808004454244 0.032976126463433175
0 0.7364231367361331 0.8208871333973201 0.04111589600572696 0.04242384933607006
0 0.8390486974060876 0.8445104648776052 0.025363626670909058 0.031395445745273774
0 0.856608367401315 0.8092496757481895 0.028506808004454244 0.032976126463433175
0 0.9050645960773146 0.8777224197962612 0.029960220003181704 0.023610216822512697
3 0.749323126074133 0.8551894105246831 0.012663632001908986 0.014135222872636887
3 0.6980606180776328 0.8812706423743105 0.017387494668999894 0.01728749394987581
3 0.6709350440801781 0.9001797236582039 0.018968176002545432 0.01885908430895533
1 0.39202879408017816 0.9018023527539156 0.020512494668999893 0.01730567466803521
7 0.38828125 0.95625 0.0515625 0.0875
7 0.63828125 0.94453125 0.0671875 0.1109375
7 0.6963532147517233 0.93597177791293 0.046603374681726706 0.11120112041330898
7 0.7415293547501325 0.923989407499621 0.06389996268299925 0.12067611436318479
7 0.825 0.96796875 0.028125 0.0640625
7 0.8571725360836779 0.9248792209277295 0.05792268268618095 0.14407725292686635
7 0.91015625 0.9484375 0.0390625 0.103125
5 0.909375 0.93046875 0.053125 0.1390625
5 0.865625 0.89453125 0.090625 0.2109375
5 0.83203125 0.9140625 0.0671875 0.171875
5 0.74609375 0.8984375 0.0828125 0.203125
5 0.69609375 0.9140625 0.0546875 0.171875
5 0.646875 0.91953125 0.09375 0.1609375
5 0.40078125 0.9265625 0.0890625 0.146875