8 0.1890625 0.23125 0.340625 0.45625
7 0.6545216786282745 0.20094105060473014 0.15007491470399828 0.2767090453532718
0 0.6558398253103193 0.08765980060473014 0.09242495202099903 0.1557420173456358
5 0.63125 0.23125 0.215625 0.45625
1 0.178125 0.8015625 0.35625 0.396875
2 0.1796875 0.55546875 0.359375 0.1921875
4 0.1734375 0.9265625 0.346875 0.146875
5 0.1796875 0.7296875 0.359375 0.540625
8 0.8640625 0.68359375 0.271875 0.4484375
8 0.60390625 0.76875 0.4890625 0.4625
2 0.9672473032702301 0.7087246365770496 0.014262494668999893 0.017351132001908985
7 0.943682533935412 0.7199348565802313 0.03170453333863606 0.039426126670908876
5 0.9498779899347756 0.7245496312460495 0.04916475334181776 0.06306362133990877