8 0.23046875 0.36171875 0.4609375 0.2359375
5 0.95546875 0.21875 0.0890625 0.365625
6 0.27421875 0.73984375 0.4703125 0.5203125
5 0.2546875 0.73984375 0.509375 0.5203125
4 0.04609375 0.86484375 0.0921875 0.2703125
3 0.03671875 0.7078125 0.0734375 0.14375
7 0.93515625 0.628125 0.1296875 0.296875
7 0.58203125 0.62421875 0.1453125 0.2296875
0 0.6877433561717612 0.590736167832344 0.08671927088084708 0.13487496974937904
3 0.6484172357584523 0.6358214088553534 0.02519998789975162 0.03452044574527378
5 0.6203125 0.72734375 0.221875 0.4796875
5 0.9 0.73984375 0.2 0.5203125