8 0.11953125 0.225 0.2390625 0.45
4 0.11171875 0.19449138514583594 0.05625 0.06751475292686634
2 0.1328125 0.14070785499341074 0.028125 0.018913626463433177
3 0.12890625 0.16021637909571176 0.0234375 0.018886355386194254
5 0.10703125 0.22805786406859713 0.084375 0.20986587939029935
8 0.11953125 0.725 0.2390625 0.55
7 0.18828125 0.4987254089535494 0.0328125 0.056440897540672094
5 0.19921875 0.51640625 0.0671875 0.1328125
9 0.66171875 0.665686170857406 0.165625 0.3228385780624395
2 0.5625 0.5546875 0.21875 0.209375
2 0.36015625 0.590625 0.2421875 0.28125
2 0.95234375 0.6125 0.0953125 0.121875
3 0.659375 0.4578125 0.025 0.015625
3 0.503125 0.6952322494108248 0.1109375 0.12095791549465282
3 0.2921875 0.86875 0.10625 0.18125
4 0.4484375 0.51015625 0.09375 0.1203125
4 0.6578125 0.5500384449597069 0.0890625 0.1552056504675381
4 0.46015625 0.8390625 0.3296875 0.321875
4 0.8484375 0.87578125 0.303125 0.2484375
3 0.93671875 0.7454110740554187 0.1015625 0.07559087334017515
5 0.8265625 0.76484375 0.346875 0.4703125
5 0.35859375 0.725 0.2390625 0.55
5 0.45 0.53046875 0.1125 0.1609375
5 0.6421875 0.6453125 0.171875 0.390625
5 0.45390625 0.725 0.4296875 0.55