8 0.21484375 0.13359375 0.4296875 0.2671875
0 0.8388106980426343 0.090625 0.019059082670272433 0.0265625
0 0.8998300140435889 0.09765625 0.01904090133672689 0.025
3 0.8398192147119523 0.11015625 0.00792158800127254 0.009375
4 0.8298447780474069 0.12578125 0.03330339600572714 0.0421875
4 0.9121305667170432 0.14765625 0.0273079346753633 0.0640625
5 0.9160095447167249 0.1453125 0.0561783693507266 0.128125
5 0.8394470447167249 0.1453125 0.0657170013526354 0.1421875
8 0.31875 0.71484375 0.221875 0.5703125
8 0.21484375 0.71484375 0.4296875 0.5703125
8 0.7015625 0.8421875 0.396875 0.315625
5 0.6923367820655424 0.884375 0.011301126670908879 0.03125