8 0.28984375 0.0515625 0.4015625 0.103125
8 0.29765625 0.19453125 0.4046875 0.3890625
2 0.87421875 0.04765625 0.2515625 0.0953125
3 0.84921875 0.22265625 0.3015625 0.2828125
4 0.75 0.309375 0.5 0.159375
5 0.75 0.19453125 0.5 0.3890625
6 0.00546875 0.446875 0.0109375 0.040625
6 0.1171875 0.4875111738824681 0.0390625 0.06897725897699036
6 0.38828125 0.6304946011827818 0.0921875 0.1458488311856975
9 0.25 0.79453125 0.5 0.4109375
2 0.884375 0.63828125 0.23125 0.2015625
3 0.859375 0.8625 0.28125 0.275
4 0.75 0.93671875 0.5 0.1265625
5 0.75 0.75234375 0.5 0.4953125