8 0.190625 0.175 0.38125 0.35
8 0.2640625 0.284375 0.33125 0.13125
8 0.221875 0.60546875 0.415625 0.5109375
8 0.19921875 0.675 0.3984375 0.65
7 0.99140625 0.45 0.0171875 0.09375
7 0.9625 0.47696844087350004 0.046875 0.11277271077238851
7 0.91875 0.47566047092772934 0.03125 0.09236930718159239
7 0.89140625 0.5234758022116226 0.05625 0.15970225292686635
7 0.84765625 0.44638658226585193 0.0359375 0.08770907825883115
7 0.81796875 0.5231217990883646 0.05625 0.11282725292686635
7 0.78828125 0.47954451591087743 0.021875 0.07200226502711474
7 0.740625 0.5360717718628057 0.08125 0.17547269867214013
7 0.68984375 0.4777734585328933 0.0296875 0.0970477168225127
7 0.6578125 0.5037410608940255 0.06875 0.11602497579950324
7 0.56953125 0.49409841618202394 0.046875 0.10964771077238851
7 0.52578125 0.5240404462362532 0.0734375 0.128552246876742
7 0.47421875 0.4946529280858806 0.053125 0.10030907220870695
0 0.46171875 0.4181631509585175 0.028125 0.031413626463433174
0 0.53203125 0.4154103347999348 0.0375 0.04084316861791084
0 0.56171875 0.39883136797742197 0.028125 0.03453862646343318
0 0.66171875 0.4029370849963264 0.028125 0.031413626463433174
0 0.678125 0.39502913622599045 0.021875 0.028252265027114597
0 0.728125 0.4033319947354427 0.040625 0.04398634933607006
0 0.79375 0.4193564496540988 0.015625 0.023528403590796287
0 0.8140625 0.4106445249860637 0.03125 0.034556807181592396
0 0.82421875 0.3918354376520462 0.01875 0.01260908430895542
0 0.8484375 0.37294453708631214 0.021875 0.023564765027114732
0 0.88046875 0.38838318472518 0.0390625 0.040852258976990366
0 0.90625 0.4030769438003663 0.015625 0.018840903590796244
0 0.9671875 0.3839724197962612 0.0296875 0.0314227168225127
3 0.96953125 0.4144275342576417 0.0140625 0.012581813231716588
3 0.90234375 0.4265371696980654 0.009375 0.012554542154477665
3 0.87734375 0.42980761544333923 0.01875 0.015734084308955332
3 0.84609375 0.40264567262493156 0.0125 0.012572722872636888
3 0.8 0.4294763382177803 0.00625 0.007848861436318444
3 0.809375 0.44660929606330263 0.0125 0.012572722872636888
3 0.72578125 0.4533456302740621 0.015625 0.02196590359079629
3 0.65703125 0.43577685607356537 0.015625 0.014153403590796287
3 0.55703125 0.4363586390546608 0.0125 0.011010222872636888
3 0.528125 0.45762056069763374 0.0140625 0.01726931323171659
3 0.46328125 0.4470603105994379 0.0125 0.012572722872636888
5 0.99140625 0.50625 0.0171875 0.284375
5 0.96015625 0.525 0.0796875 0.315625
5 0.91640625 0.49833035646634877 0.034375 0.21113748789975162
5 0.88125 0.5797848895456401 0.078125 0.4238920179539809
5 0.846875 0.5018598774453917 0.040625 0.2814863493360701
5 0.82421875 0.3996479376520462 0.015625 0.0313409035907962
5 0.790625 0.5014058803722581 0.025 0.19077044574527377
5 0.81484375 0.5356399798065239 0.0625 0.2816136143631846
5 0.71171875 0.4815524435057787 0.01875 0.07823408430895533
5 0.73671875 0.5892194977605048 0.0859375 0.41612496974937907
5 0.68515625 0.5153007296101322 0.040625 0.2689863493360701
5 0.65390625 0.5537637867917246 0.071875 0.33010565651766227
5 0.56953125 0.508160916182024 0.046875 0.2518352107723885
5 0.5 0.588252937161067 0.115625 0.38973518657189177
5 0.4734375 0.5313762232654204 0.05625 0.25970225292686616