8 0.28984375 0.14453125 0.5796875 0.2890625
8 0.78984375 0.1625 0.4203125 0.253125
6 0.18357855181883917 0.5512459000747547 0.2164896258742579 0.4184328791939077
4 0.478125 0.97734375 0.203125 0.0453125
3 0.47602810958960673 0.9107719327612627 0.0801511083130606 0.0801511083130606
2 0.45594338944744434 0.7372117129136878 0.12097609621281205 0.11476245764913066
5 0.34921875 0.828125 0.4609375 0.34375
0 0.8073962842576418 0.8007868369412341 0.10217155405833438 0.10527837334017506
0 0.7429752359548439 0.7277533370394298 0.08325792759490121 0.07704428903121965
0 0.9205189738545956 0.6944100927949666 0.04713862041330898 0.04558521077238851
7 0.9189195915374301 0.8350305476154268 0.09634880093507654 0.1786795119038566
7 0.82109375 0.934375 0.1734375 0.13125
7 0.73515625 0.89921875 0.1078125 0.2015625
3 0.7567332089256767 0.7801789002711464 0.0361102168225127 0.02989657825883114
3 0.9202326275435876 0.7436288427949665 0.0314227168225127 0.0298693071815924
5 0.73984375 0.8421875 0.1734375 0.315625
5 0.82109375 0.86953125 0.2109375 0.2609375
5 0.9265625 0.83125 0.146875 0.3375