8 0.325 0.26953125 0.36875 0.5390625
8 0.09765625 0.19375 0.1953125 0.3875
0 0.55390625 0.1109375 0.0890625 0.221875
4 0.7546875 0.39140625 0.490625 0.6359375
3 0.5816249067074981 0.15859375 0.07805336935072642 0.128125
5 0.7546875 0.3546875 0.490625 0.709375
9 0.6124429334420405 0.65859375 0.10232611600890866 0.065625
4 0.2546875 0.8546875 0.509375 0.290625
5 0.2546875 0.8546875 0.509375 0.290625
8 0.7546875 0.8546875 0.490625 0.290625
2 0.6734375 0.72109375 0.025 0.0234375
3 0.6730873427354969 0.74453125 0.017405676002545434 0.01875
4 0.6664833540738148 0.78125 0.03346702800763594 0.05625
5 0.675 0.79765625 0.084375 0.1765625