8 0.24453125 0.20234375 0.4890625 0.4046875
4 0.6921875 0.3734375 0.215625 0.090625
4 0.93125 0.09609375 0.1375 0.1140625
3 0.8937676598373121 0.0703125 0.05952044574527378 0.025
3 0.7962194523845734 0.3203125 0.025154536104353652 0.0265625
0 0.7558989794137403 0.26796875 0.15033634328594578 0.0578125
2 0.8671875 0.025 0.11875 0.05
5 0.8984375 0.178125 0.203125 0.35625
5 0.7453125 0.3265625 0.39375 0.184375
8 0.36640625 0.909375 0.2453125 0.18125
8 0.7549899435057787 0.58984375 0.31664312021691715 0.175
8 0.96796875 0.62109375 0.0640625 0.4046875
8 0.7953125 0.8859375 0.290625 0.228125