8 0.334375 0.35390625 0.66875 0.3515625
6 0.678125 0.06796875 0.01875 0.0546875
6 0.819543322896078 0.048276477940802476 0.023655668617910665 0.037636355386194253
6 0.9554035548439014 0.062348589180729254 0.020530668617910662 0.037618174668035034
6 0.9633887716664141 0.03270654097612731 0.011092036104353298 0.026626132513557367
6 0.9078125 0.01171875 0.0125 0.0234375
6 0.87109375 0.00234375 0.0109375 0.0046875
9 0.809375 0.3203125 0.28125 0.41875
8 0.4890625 0.76484375 0.359375 0.4703125
8 0.39375 0.8515625 0.55 0.296875
0 0.73671875 0.82421875 0.1359375 0.3015625
7 0.92265625 0.86328125 0.1546875 0.2734375
3 0.791041072994274 0.8730668788011242 0.11970448770335977 0.16475336729005105
5 0.834375 0.5953125 0.33125 0.13125
5 0.834375 0.79140625 0.33125 0.4171875