8 0.1578125 0.33984375 0.315625 0.4390625
7 0.1078125 0.85078125 0.215625 0.2984375
3 0.06796875 0.72109375 0.0421875 0.0671875
0 0.06875 0.63984375 0.1078125 0.159375
5 0.17109375 0.7796875 0.3421875 0.440625
6 0.940625 0.57734375 0.009375 0.0234375
6 0.89296875 0.59765625 0.009375 0.0234375
6 0.89453125 0.64921875 0.0203125 0.046875
6 0.84765625 0.6203125 0.0125 0.0296875
6 0.83125 0.65234375 0.0171875 0.0390625
6 0.82265625 0.63984375 0.0125 0.034375
6 0.978125 0.6890625 0.0359375 0.0796875
6 0.76328125 0.71796875 0.028125 0.065625
6 0.69921875 0.7046875 0.01875 0.0453125
6 0.7171875 0.67578125 0.0140625 0.0375
6 0.7703125 0.64140625 0.0125 0.0296875
6 0.83828125 0.609375 0.009375 0.0234375
6 0.90390625 0.58203125 0.009375 0.021875