8 0.2875 0.21484375 0.575 0.4296875
8 0.8046875 0.21484375 0.390625 0.4296875
1 0.25292344945770706 0.7623398769544124 0.13832722267624523 0.1429874515990064
1 0.58125 0.62421875 0.05625 0.2015625
2 0.3741500514260558 0.4702382144848217 0.09417724687674216 0.07398292154477701
3 0.3876262232654204 0.5709376512531051 0.05029089149054773 0.05029089149054773
3 0.418879726683266 0.8387155037124332 0.0880181504675381 0.08957156010845857
2 0.470043292645457 0.6384246122218854 0.2056692587805987 0.16994083703943003
2 0.3117904311109426 0.5807535336684666 0.1509090359079618 0.15712267447164335
4 0.42421875 0.915625 0.3703125 0.16875
4 0.51328125 0.78671875 0.1921875 0.4265625
4 0.19609375 0.89453125 0.3328125 0.2109375
4 0.059375 0.73125 0.11875 0.5375
5 0.12109375 0.71484375 0.2421875 0.5703125
5 0.3675637081401099 0.5280870759211401 0.13393970452587248 0.19452268052176755
5 0.228125 0.7328125 0.45625 0.534375
5 0.37109375 0.740625 0.4765625 0.51875
5 0.509375 0.71484375 0.2 0.5703125
8 0.83203125 0.48359375 0.2390625 0.1078125
9 0.640625 0.459375 0.0625 0.040625