8 0.26796875 0.24296875 0.5234375 0.4328125
1 0.53671875 0.29609375 0.0140625 0.0609375
1 0.9828125 0.41875 0.034375 0.0625
1 0.8557121061717613 0.14569988202257803 0.05344316256778683 0.05499657220870695
2 0.54765625 0.1796875 0.0359375 0.096875
2 0.8656461632551575 0.049660674177055684 0.08646474082661797 0.09112496974937905
2 0.97265625 0.3171875 0.0546875 0.0875
2 0.9159627631804028 0.39840270120622295 0.10983860831306061 0.0803238251355733
4 0.59375 0.13359375 0.128125 0.2671875
4 0.575 0.37109375 0.090625 0.1765625
4 0.7265625 0.14765625 0.196875 0.2953125
4 0.88046875 0.02578125 0.1015625 0.0515625
4 0.83125 0.3171875 0.184375 0.284375
5 0.8734375 0.40546875 0.253125 0.1078125
5 0.9640625 0.36640625 0.071875 0.1859375
5 0.9640625 0.21484375 0.071875 0.4296875
5 0.8546875 0.059375 0.1875 0.11875
5 0.82890625 0.2296875 0.2703125 0.459375
5 0.64453125 0.29296875 0.2296875 0.3328125
5 0.6234375 0.14296875 0.1875 0.2859375
5 0.721875 0.2296875 0.23125 0.459375
8 0.06328125 0.7171875 0.1265625 0.4125
7 0.1892649495559029 0.5706140444921688 0.01418976502711473 0.02195681323171659
5 0.18930585617176118 0.5635827944921687 0.017442030054229285 0.04384999394987581
8 0.26484375 0.68515625 0.5296875 0.4515625
8 0.28984375 0.63359375 0.3890625 0.3484375
8 0.76484375 0.83203125 0.4703125 0.3359375
8 0.60234375 0.59453125 0.1453125 0.2703125