8 0.26953125 0.26953125 0.5390625 0.5390625
0 0.69375 0.3891998971478885 0.19375 0.26831470452587264
3 0.665625 0.4280987706844554 0.0875 0.14738406010845856
4 0.6 0.44140625 0.121875 0.1953125
5 0.76953125 0.3078125 0.4609375 0.4625
0 0.39921875 0.62265625 0.2015625 0.1671875
0 0.0390625 0.67890625 0.078125 0.2015625
0 0.29609375 0.8671401074292977 0.15 0.14931017447164335
0 0.0453125 0.85546875 0.090625 0.2140625
0 0.31953125 0.7711827128154921 0.15625 0.1321590359079619
4 0.3296875 0.6938980501495096 0.10625 0.1240556444174139
4 0.196875 0.7462503696277419 0.1859375 0.2292067527304745
2 0.22421875 0.6089094509116353 0.1046875 0.10217155405833438
3 0.14609375 0.6522049329576545 0.0421875 0.047120439695149584
4 0.20703125 0.9119344569617596 0.1296875 0.12106699980360816
5 0.246875 0.8824787611182898 0.3046875 0.21427262002052538
5 0.36875 0.671875 0.24375 0.265625
5 0.18828125 0.70859375 0.3390625 0.3390625
5 0.03828125 0.67734375 0.0765625 0.2046875
3 0.93984375 0.5640625 0.0703125 0.05
7 0.93515625 0.6890625 0.1296875 0.3
5 0.86953125 0.76953125 0.2609375 0.4609375