8 0.225 0.2546875 0.45 0.509375
8 0.11171875 0.3609375 0.2234375 0.296875
2 0.44112170261777495 0.22939012255460822 0.011101132001908987 0.014126132513557366
3 0.43622511728200236 0.24733160147736938 0.006359088001272717 0.009411361436318443
4 0.4391046692791389 0.26844353219552863 0.01606135200509069 0.03759090359079611
5 0.43050182861236613 0.2691747852205907 0.03702838001272664 0.09395907825883114
8 0.7078125 0.2546875 0.515625 0.509375
9 0.965625 0.73984375 0.06875 0.3859375
6 0.7028388105904126 0.7994753635776177 0.027035214672181597 0.040779536104353385
9 0.58125 0.7546875 0.2625 0.490625
3 0.8118160106222293 0.5657185079950319 0.04336928668045381 0.10180793969514959
7 0.82890625 0.784375 0.1921875 0.43125
5 0.81953125 0.7546875 0.2234375 0.490625