8 0.23984375 0.21953125 0.4796875 0.4390625
9 0.54765625 0.17904506704234557 0.0390625 0.05022725897699045
0 0.06015625 0.6421875 0.1203125 0.109375
0 0.384375 0.5265625 0.11875 0.075
4 0.39765625 0.746875 0.1640625 0.253125
4 0.0703125 0.87265625 0.140625 0.2546875
0 0.44765625 0.577653721222317 0.040625 0.03773634933607006
5 0.45 0.5901400856836976 0.0515625 0.07529998184962743
5 0.08046875 0.79296875 0.1609375 0.4140625
5 0.38125 0.74453125 0.196875 0.5109375
3 0.0484375 0.7237263079671592 0.078125 0.050454517953980905
3 0.38515625 0.6069235855855016 0.0734375 0.048864746876741985
1 0.671875 0.7734375 0.384375 0.30625
4 0.73984375 0.928125 0.5203125 0.14375
5 0.73984375 0.74453125 0.5203125 0.5109375