8 0.31015625 0.37265625 0.4796875 0.1328125
0 0.9399199762904825 0.05528940447455897 0.014171584308955331 0.018831813231716586
7 0.9342694191088903 0.0865712207313376 0.022111349336070063 0.04075226502711464
5 0.9286552233636163 0.11160303698811629 0.046094270880847076 0.1346386204133089
8 0.8390625 0.21953125 0.321875 0.4390625
4 0.275 0.921875 0.55 0.15625
2 0.246875 0.4734375 0.415625 0.06875
5 0.275 0.71953125 0.55 0.5609375
3 0.22939907016560354 0.760499600121637 0.40047374043383427 0.3523180415653025
7 0.64765625 0.90859375 0.1953125 0.1828125
0 0.7440256933093868 0.6968314889799061 0.19500446955298711 0.21675220452587246
3 0.7375024616561513 0.8781133052366847 0.08332156010845856 0.08798178903121964
5 0.76953125 0.78671875 0.4390625 0.4265625