8 0.23984375 0.2046875 0.4796875 0.409375
3 0.86015625 0.363340505927776 0.075 0.08368520401018138
2 0.90625 0.23233540658818544 0.15625 0.13619313335454447
5 0.88046875 0.284375 0.2390625 0.25
9 0.73984375 0.2046875 0.5203125 0.409375
6 0.503125 0.37265625 0.046875 0.0734375
9 0.534375 0.215625 0.109375 0.25625
4 0.44453125 0.47578125 0.0703125 0.1171875
4 0.396875 0.71484375 0.165625 0.1921875
0 0.4421875 0.60390625 0.075 0.0671875
5 0.42578125 0.5375 0.1078125 0.253125
5 0.36953125 0.77890625 0.2203125 0.4421875
8 0.73984375 0.6984375 0.5203125 0.578125