8 0.2 0.2515625 0.4 0.503125
8 0.7 0.253125 0.6 0.50625
7 0.8266226290957117 0.2402730804001305 0.314572601870153 0.35806807181592354
7 0.8010913639704013 0.28309183947531685 0.3326862767345797 0.24880215612487894
3 0.8613738372358217 0.036575908658961744 0.0909158914905479 0.05052724082661784
7 0.7229067557555366 0.13811061670087574 0.12569995764913067 0.12103972872636941
2 0.7302465570833965 0.05690606849627385 0.054832945745273774 0.02531816256778663
5 0.7056283521647405 0.12238562275099998 0.14941016842151916 0.16805108411256367
5 0.6482208940246306 0.3259509842855143 0.11874195140261463 0.26786927693097135
5 0.82890625 0.275 0.3421875 0.55
8 0.2 0.80703125 0.4 0.3859375
5 0.1413027526322786 0.7393049571581513 0.0220658975406721 0.03293976502711473
4 0.65078125 0.74296875 0.2234375 0.3859375
5 0.7234375 0.775 0.553125 0.45