8 0.2484375 0.284375 0.496875 0.56875
7 0.26302287993318496 0.0965069945894581 0.0442227146721816 0.041134077339272504
5 0.26223253926641216 0.09729733525623079 0.05868520401018138 0.07567270934118149
4 0.86015625 0.1328125 0.2796875 0.265625
5 0.79375 0.265625 0.4125 0.53125
4 0.23125 0.66796875 0.11875 0.1984375
4 0.07578125 0.59375 0.0609375 0.05
5 0.0578125 0.6796875 0.115625 0.221875
5 0.22578125 0.784375 0.2328125 0.43125
9 0.6140625 0.64375 0.15 0.15
0 0.8937007152689574 0.5959700979074134 0.028670440006363408 0.047202264003817974
4 0.890202997931276 0.6280377105745043 0.04127952800763594 0.056722714672181596
5 0.8890625 0.6515625 0.078125 0.165625