8 0.22734375 0.37421875 0.3234375 0.3296875
8 0.69453125 0.16484375 0.6109375 0.3296875
0 0.071875 0.62265625 0.14375 0.1671875
0 0.34140625 0.79921875 0.0953125 0.1609375
0 0.078125 0.78828125 0.15625 0.2296875
0 0.0515625 0.9375 0.103125 0.125
0 0.35234375 0.69609375 0.0734375 0.1421875
4 0.371875 0.61484375 0.034375 0.1328125
4 0.26996498283158604 0.6706963786047324 0.20141809601642038 0.2449135659621911
2 0.3 0.55859375 0.1125 0.0390625
3 0.21663597063314183 0.5711640112164856 0.04559430113146803 0.048701120413308985
4 0.2806474318965096 0.8488895562978296 0.14137949980360814 0.13050563231716553
4 0.2625 0.96484375 0.165625 0.0703125
5 0.259375 0.9578125 0.259375 0.084375
5 0.2734375 0.81640625 0.23125 0.2296875
5 0.23359375 0.67578125 0.3109375 0.2734375
5 0.07109375 0.6234375 0.1421875 0.16875
8 0.69453125 0.76953125 0.6109375 0.4609375
8 0.5234375 0.7328125 0.26875 0.3875
4 0.8140625 0.56484375 0.04375 0.0515625
5 0.81640625 0.56640625 0.0578125 0.0546875