8 0.0703125 0.309375 0.140625 0.459375
8 0.76640625 0.23599450381062903 0.3796875 0.31939645725634713
8 0.7515625 0.40390625 0.484375 0.2703125
4 0.73125 0.1822927868899204 0.015625 0.025090903590796198
5 0.73359375 0.176810401351301 0.0234375 0.03607385538619425
1 0.37890625 0.68515625 0.2609375 0.2921875
4 0.2546875 0.84296875 0.509375 0.3140625
5 0.2546875 0.76953125 0.509375 0.4609375
6 0.93203125 0.684375 0.1359375 0.290625
3 0.6796875 0.9734375 0.078125 0.053125
2 0.6984375 0.8119989884889268 0.11875 0.11319086729005087
5 0.7546875 0.86640625 0.490625 0.2671875