8 0.234375 0.25703125 0.46875 0.3859375
0 0.50234375 0.075 0.0671875 0.06875
0 0.6502737525340828 0.10809792791218586 0.11762383723582168 0.07636360001590833
4 0.6793896016737612 0.27808316390836785 0.16983175273047452 0.187901084022908
4 0.5078125 0.23515625 0.078125 0.1578125
3 0.4941873789975159 0.13804106126673035 0.04865566861791084 0.038063621339908774
3 0.6318873668972674 0.17081610391473118 0.04864657825883114 0.03650112133990877
5 0.5578125 0.24140625 0.178125 0.4171875
5 0.66875 0.25703125 0.23125 0.3859375
8 0.234375 0.725 0.46875 0.55
2 0.6484375 0.4703125 0.359375 0.040625
3 0.64765625 0.6921875 0.3578125 0.2375
4 0.734375 0.9234375 0.53125 0.153125
5 0.734375 0.725 0.53125 0.55