8 0.6140625 0.39296875 0.109375 0.3734375
8 0.334375 0.29453125 0.66875 0.5703125
4 0.22998644008793315 0.1858930899662962 0.03156816256778665 0.0548693071815924
5 0.23862564188333124 0.17813058694123404 0.059847698672140126 0.08159543364502549
1 0.7953125 0.3515625 0.253125 0.390625
2 0.775 0.159375 0.2125 0.121875
5 0.834375 0.3125 0.33125 0.534375
8 0.334375 0.78984375 0.66875 0.4203125
3 0.8966512444408551 0.6239855259490127 0.030005662567786473 0.0548602168225127
4 0.8578125 0.81640625 0.284375 0.3671875
0 0.728125 0.78984375 0.11875 0.4203125
0 0.834375 0.78984375 0.33125 0.4203125
9 0.834375 0.78984375 0.33125 0.4203125