8 0.2296875 0.21484375 0.459375 0.4296875
6 0.47109375 0.05390625 0.0234375 0.1078125
9 0.7296875 0.21484375 0.540625 0.4296875
8 0.3765625 0.74140625 0.165625 0.3765625
8 0.14921875 0.71484375 0.2984375 0.5703125
5 0.02421875 0.95546875 0.0484375 0.0890625
5 0.021875 0.7285330243968886 0.028125 0.06110112646343317
7 0.01875 0.7207387051150478 0.0109375 0.021938632513557366
7 0.02734375 0.9699074581401099 0.03125 0.05955680718159222
3 0.0265625 0.9308495033196497 0.0125 0.011010222872636888
2 0.02578125 0.9167915484991894 0.0125 0.009447722872636889
0 0.01328125 0.7067080213718264 0.009375 0.012554542154477665
8 0.7296875 0.71484375 0.540625 0.5703125