8 0.33984375 0.234375 0.6796875 0.46875
4 0.24765625 0.01875 0.0390625 0.0375
5 0.2484375 0.0203125 0.05 0.040625
6 0.896875 0.234375 0.20625 0.46875
2 0.98515625 0.3390625 0.0296875 0.0875
5 0.9 0.37734375 0.2 0.1828125
8 0.4625 0.5921875 0.35625 0.246875
6 0.037479357625689456 0.65234375 0.04903746369925477 0.103125
6 0.05353562880112417 0.5921875 0.026917024004105096 0.0609375
6 0.159031649878363 0.596875 0.030060204722264318 0.0640625
6 0.241112896853301 0.60546875 0.030032933645025395 0.059375
4 0.08567141793053974 0.61015625 0.03781816256778665 0.0546875
2 0.0947873426967707 0.565625 0.018886355386194254 0.0234375
5 0.09036346311007959 0.6109375 0.07416472872636941 0.125
6 0.4885111133812261 0.8296875 0.09333288524403187 0.196875
6 0.5415452097904299 0.8140625 0.07915221057599683 0.1765625
6 0.5843366977883774 0.78359375 0.07430108411256349 0.1484375
6 0.5934480773750686 0.73828125 0.06797836123992695 0.1359375
6 0.5905907220870701 0.65 0.03319429508134384 0.065625
6 0.6195606046006272 0.6609375 0.03164088544042372 0.0671875
6 0.6532179871141846 0.671875 0.02064884328594587 0.0578125
6 0.6403639839909268 0.7453125 0.05378859621281222 0.1140625
6 0.6597316075274936 0.7171875 0.036528373340175335 0.1015625
6 0.67109375 0.70234375 0.0171875 0.0953125
9 0.6605350625443455 0.58671875 0.017332945745273776 0.025
9 0.590990177005726 0.584375 0.040843168617910666 0.0375
9 0.6378560866466465 0.5828125 0.03616475897699054 0.0390625
9 0.5214816529034252 0.58828125 0.05188066256778647 0.0546875
9 0.5027180173648057 0.5859375 0.07385565651766228 0.071875