8 0.26484375 0.2546875 0.5296875 0.509375
5 0.3445345340547247 0.11647371606458794 0.009902258672817865 0.04542158800127272
6 0.6995594834102237 0.1939640114178598 0.04925566000954511 0.07087612133990895
8 0.13125 0.71328125 0.2625 0.3421875
8 0.0828125 0.7546875 0.165625 0.490625
0 0.12283389875076889 0.7427004087364514 0.0047602253341818114 0.006304544000636269
7 0.12305207475331414 0.7614504087364513 0.0065045386696361614 0.021947725334181812
5 0.1223708220878141 0.7700350680696786 0.013209072008272215 0.061082950668363625
9 0.12931116542008692 0.7623043840706332 0.039662484006999676 0.052017033338636054
8 0.17667651408335985 0.7378589147437692 0.04111589600572714 0.0426602146721816
8 0.23169127808717782 0.7666202614178597 0.05218066534054522 0.053724984006999675
8 0.28942196208622323 0.7602617207590412 0.03194089067472703 0.05973862667090888
8 0.3105702560868597 0.7651946687619047 0.039771572008272214 0.061392033338636055
8 0.34100264341976877 0.7624242047660409 0.041479522676635835 0.07391021467218159
8 0.3746600280871778 0.768283853437268 0.053961341343090295 0.07249316534054522
8 0.4284480994191323 0.7587548594445858 0.0417522426798179 0.09734771467218159
8 0.4457992314210415 0.7730173541135856 0.04000792934436319 0.08170453333863606
8 0.47319752542167776 0.778023027450631 0.033667022676635835 0.07381930800445442
9 0.521875 0.79921875 0.015625 0.1046875
0 0.6108487827020893 0.6223509987269062 0.12376585868872621 0.16391814401654478
2 0.8610305960375438 0.6408850120941775 0.10490677068745384 0.15432496801399936
3 0.6185623800524975 0.7482049740610881 0.07572725334181776 0.06337270401018139
3 0.8453703280553612 0.7719350174251776 0.06778748400699967 0.05234429734245403
4 0.840625 0.871875 0.1875 0.25625
4 0.6046875 0.8875 0.15 0.225
5 0.621875 0.76796875 0.184375 0.4640625
5 0.8515625 0.77734375 0.29375 0.4453125