8 0.19921875 0.171875 0.3203125 0.34375
8 0.1796875 0.35546875 0.359375 0.3484375
4 0.303125 0.09296875 0.0109375 0.0234375
2 0.30546875 0.07421875 0.00625 0.00625
5 0.30234375 0.0890625 0.021875 0.040625
1 0.74296875 0.225 0.5140625 0.340625
4 0.6796875 0.3890625 0.640625 0.28125
5 0.6796875 0.26484375 0.640625 0.5296875
1 0.27421875 0.90546875 0.1546875 0.0703125
2 0.24375 0.80625 0.23125 0.10625
5 0.0796875 0.865625 0.159375 0.26875
5 0.24296875 0.83359375 0.2328125 0.1765625
5 0.1796875 0.85390625 0.359375 0.2921875
8 0.56328125 0.60625 0.4078125 0.153125
8 0.59609375 0.7171875 0.30625 0.3578125