8 0.19140625 0.29140625 0.3828125 0.5828125
1 0.8 0.35 0.4 0.2625
2 0.8 0.08203125 0.4 0.1640625
4 0.8 0.534375 0.4 0.16875
5 0.8 0.309375 0.4 0.61875
8 0.196875 0.875 0.39375 0.25
9 0.509375 0.809375 0.18125 0.38125
5 0.06015625 0.7813010387366323 0.046875 0.1565227107723886
0 0.69609375 0.8005702309658647 0.015625 0.017278403590796288
4 0.69140625 0.8396054598886258 0.0375 0.059593168617911016
0 0.9 0.8103502728257548 0.0125 0.011010222872636888
0 0.92890625 0.8019246944687277 0.0125 0.012572722872636888
5 0.93046875 0.8120900348278074 0.0234375 0.032948855386194256
5 0.9 0.8181627728257548 0.021875 0.02200226502711473
4 0.70390625 0.8467094327612626 0.0734375 0.11448974687674215