8 0.23984375 0.3 0.4796875 0.6
0 0.515625 0.21875 0.071875 0.059375
3 0.5085362253085239 0.26564591804581605 0.042369307181592396 0.03174089600572705
4 0.52734375 0.3453125 0.0953125 0.15625
5 0.57421875 0.3859375 0.1890625 0.428125
3 0.3592583879745064 0.7670373374044968 0.009429542154477843 0.009484088001272716
0 0.36304646330647133 0.7467702907383604 0.020439765027114733 0.0221113573360908
4 0.36951463192438216 0.7843430160725422 0.03462043969514959 0.04258748933799987
4 0.289949851771957 0.8045095180617243 0.030060204722264318 0.06440794533736352
5 0.2844674662333375 0.8021021333943154 0.06324540944452864 0.12885225334181777
5 0.35869985177195696 0.8053094967377241 0.07427381303532492 0.14460452267663584
0 0.76015625 0.7203125 0.2390625 0.240625
7 0.5421875 0.8 0.125 0.4
3 0.6574146077238854 0.7299282360757238 0.12440107806243947 0.16706132535009016
5 0.684375 0.8 0.409375 0.4