8 0.259375 0.346875 0.51875 0.584375
1 0.59296875 0.5016223032702302 0.1140625 0.17945223734881743
3 0.55234375 0.2203125 0.0671875 0.084375
2 0.55 0.05234375 0.0625 0.1046875
4 0.60703125 0.43046875 0.1765625 0.4171875
5 0.63984375 0.31953125 0.2421875 0.6390625
4 0.1453125 0.68671875 0.0625 0.0953125
5 0.14140625 0.76015625 0.1046875 0.2421875
8 0.6875 0.83125 0.3375 0.3375
8 0.77890625 0.9078125 0.4421875 0.184375
7 0.64765625 0.7785847926082299 0.0296875 0.03940794533736351
5 0.64609375 0.7762592239417755 0.0328125 0.04725680800445424