8 0.1546875 0.275 0.309375 0.55
4 0.05570927192077635 0.48359375 0.0569954346753633 0.0640625
2 0.05867118726132148 0.43046875 0.026798857336090796 0.0203125
3 0.061578011258776176 0.44921875 0.02207499466899989 0.0171875
5 0.06015625 0.4828125 0.0953125 0.134375
6 0.42734375 0.2515625 0.2359375 0.503125
6 0.91015625 0.19453125 0.1796875 0.3890625
6 0.66171875 0.275 0.5703125 0.55
8 0.1546875 0.775 0.309375 0.45
8 0.5296875 0.775 0.440625 0.45
8 0.73671875 0.91796875 0.2578125 0.1640625
8 0.8590353612746846 0.93359375 0.09340564934754489 0.1046875