8 0.34375 0.34453125 0.6875 0.5109375
2 0.14170272843178183 0.21328125 0.01259999394987581 0.0171875
3 0.1464538609453392 0.22421875 0.007857951795398143 0.0078125
4 0.14896123740877226 0.25234375 0.023682939695149674 0.0421875
5 0.15125044525429457 0.24296875 0.033267017953980904 0.078125
7 0.99609375 0.16484375 0.0078125 0.0296875
0 0.9984375 0.1421875 0.003125 0.009375
5 0.9953125 0.1796875 0.009375 0.084375
8 0.8625 0.309375 0.1875 0.33125
5 0.9592367038385016 0.40546875 0.05055451190385689 0.0953125
8 0.884375 0.3 0.23125 0.6
8 0.353125 0.8 0.70625 0.4
2 0.9238117673648057 0.821875 0.124246541958086 0.1390625
1 0.9515963997801672 0.89765625 0.048792024004105275 0.0609375
4 0.93046875 0.66171875 0.1140625 0.1234375
5 0.921875 0.7375 0.15625 0.275
5 0.909375 0.87421875 0.18125 0.2515625