8 0.2984375 0.209375 0.596875 0.41875
8 0.7296875 0.2546875 0.259375 0.509375
7 0.61328125 0.26090530191759476 0.01875 0.03459317600254543
7 0.821875 0.2123843438892779 0.01875 0.03928067600254544
4 0.72578125 0.06428374590232266 0.01875 0.03459317600254534
0 0.72578125 0.033033745902322664 0.0125 0.023582950668363623
0 0.8265625 0.17326729988864145 0.0125 0.018895450668363623
5 0.72578125 0.07600249590232266 0.034375 0.11289998933799979
5 0.821875 0.24129059388927782 0.03125 0.15348862667090887
5 0.61640625 0.2538376892505038 0.028125 0.056577264003817976
8 0.26796875 0.7796875 0.5359375 0.440625
8 0.8265625 0.7546875 0.346875 0.490625
7 0.89296875 0.9125598032702301 0.046875 0.05054544000636341
5 0.8953125 0.900032531269912 0.046875 0.0755454400063634