8 0.275 0.33984375 0.55 0.6796875
5 0.0484375 0.4625 0.096875 0.425
0 0.945795330792914 0.06461000506816558 0.028288626463433175 0.028288626463433175
0 0.8934379452542945 0.061961728038998395 0.051844301131468026 0.04873748184962743
0 0.8465584000747548 0.06090776726660985 0.01887726502711473 0.02198408430895542
0 0.8332635145361353 0.058486749214433066 0.020430674668034852 0.020430674668035033
0 0.8034987464839585 0.045032782391920365 0.036137487899751616 0.03458407825883114
0 0.76640625 0.01171875 0.0265625 0.0234375
0 0.73046875 0.0375 0.0765625 0.075
0 0.6652356772021177 0.04735328561337417 0.023592036104353474 0.026698855386194254
0 0.6456180687908615 0.03239590612487895 0.012563632513557365 0.011010222872636888
7 0.6434061289975159 0.055038520586259534 0.017360216822512698 0.029787493949875808
0 0.6307425025340827 0.026840797713622598 0.028288626463433175 0.028288626463433175
0 0.59296875 0.0078125 0.0328125 0.015625
7 0.5796875 0.08984375 0.059375 0.1203125
7 0.6131828186926656 0.09704875858420699 0.06309087334017516 0.1019261143631847
7 0.6483936108471433 0.10662829166349837 0.04893746974937905 0.08621930113146811
7 0.7584271409995684 0.08617541197861148 0.04737496974937905 0.08621021077238851
7 0.8203458788993199 0.12090948116225633 0.048892017953980994 0.07840680113146821
7 0.8367339481811609 0.11787992993259237 0.01907725292686635 0.05635908430895533
7 0.9055793969514967 0.13468615573209544 0.022020445745273776 0.02512726502711473
7 0.9329504180287357 0.13953273701598876 0.07559087334017497 0.10199883723582168
7 0.98671875 0.14453125 0.0265625 0.0921875
7 0.9828125 0.2 0.034375 0.15625
7 0.867557222185266 0.17899469193464485 0.11036584913967822 0.1709488251355733
7 0.7828822403356386 0.12694131254434549 0.08502950585373234 0.11299087939029935
7 0.6896680506404889 0.08421293617910823 0.0695499515990063 0.13789997579950325
7 0.7037765233167341 0.22647770423128497 0.13430331888905728 0.2570226805217676
3 0.9404856620768072 0.09192193881138691 0.015715903590795933 0.0157159035907962
3 0.8960407704880637 0.10650661357761777 0.011055674668035208 0.020376132513557365
3 0.8427703247427898 0.08119754136891082 0.009438632513557366 0.010992042154477666
3 0.8294708940246306 0.07799527331673403 0.012563632513557365 0.011010222872636977
3 0.7989839633064714 0.07469301131468149 0.02041249394987581 0.01730567466803503
0 0.8114566922292324 0.07007823418731843 0.00791249394987581 0.017232951795398143
3 0.7636049995090206 0.03620722823539006 0.014144313231716587 0.014144313231716587
3 0.7451686168972674 0.09000439392643464 0.011101126463433175 0.028188632513557365
3 0.662224306690613 0.0668663548952149 0.011001132513557365 0.011001132513557365
3 0.6254282886384364 0.053371481456843915 0.014144313231716587 0.014144313231716587
3 0.5877873880727023 0.02893456283893312 0.02041249394987581 0.01730567466803503
5 0.5890625 0.14453125 0.078125 0.2890625
5 0.6425794272021179 0.047221475406719726 0.025254530054229285 0.04389544574527386
5 0.6087225776696561 0.1360839875069681 0.09834763817089805 0.25368860226293644
5 0.643097577669656 0.13628397540671972 0.0762544695529872 0.2160613372358217
5 0.67734375 0.20234375 0.1546875 0.4046875
5 0.76015625 0.0765625 0.0640625 0.153125
5 0.7722947191602038 0.18703393003078822 0.13943624648395864 0.3336124515990063
5 0.8158129150036736 0.1474447100850175 0.07618174668035031 0.20356133723582168
5 0.8274816680287357 0.13891913777811463 0.05887607201231519 0.18314884328594588
5 0.854675947984769 0.2476674238824681 0.16658052946505428 0.43376698770336
5 0.9285038125443454 0.18091171593874994 0.11251013212077403 0.2709579154946528
5 0.97734375 0.15625 0.0453125 0.190625
5 0.9875 0.11953125 0.025 0.1578125
5 0.95625 0.271875 0.0875 0.415625
5 0.68359375 0.3234375 0.2140625 0.646875
8 0.24921875 0.83984375 0.4984375 0.3203125
8 0.775 0.83984375 0.45 0.3203125
8 0.65078125 0.83984375 0.2015625 0.3203125