8 0.2046875 0.3640625 0.409375 0.590625
8 0.31640625 0.3703125 0.1859375 0.578125
5 0.09525043012898404 0.3732135173854067 0.07088519262201594 0.09925566000954503
8 0.47890625 0.4828125 0.1390625 0.25
8 0.96484375 0.28515625 0.0703125 0.1140625
4 0.6341498245463981 0.4104338960852688 0.017378397540672098 0.033012494668999894
2 0.6347810836215844 0.3846617367520415 0.004732951795397966 0.007867044000636269
5 0.6224810715213359 0.418891286083678 0.030160198672140127 0.08159544533736351
8 0.61796875 0.34609375 0.4171875 0.4609375
0 0.271875 0.69296875 0.115625 0.0671875
4 0.24252995110802705 0.8532822780474069 0.1666885720123153 0.18473972135581712
4 0.3890625 0.815625 0.040625 0.15625
3 0.40390625 0.7203125 0.0109375 0.0375
3 0.2895816922292324 0.7499305587205429 0.04707498789975162 0.034920440006363226
5 0.33984375 0.8296875 0.1390625 0.340625
5 0.25234375 0.8296875 0.2328125 0.340625
6 0.7524043999765588 0.8386139874283594 0.034765885440423715 0.06758748933799978
6 0.49818453258831213 0.7817532707272246 0.020621572208706952 0.0533613573360908
9 0.63515625 0.91875 0.4515625 0.1625
4 0.67890625 0.6640625 0.0109375 0.009375
5 0.67890625 0.68046875 0.0171875 0.0421875