8 0.21953125 0.225 0.4390625 0.45
5 0.70234375 0.240625 0.5265625 0.41875
2 0.653125 0.1203125 0.2 0.21875
1 0.6671875 0.38984375 0.165625 0.1203125
0 0.425 0.7 0.028125 0.065625
4 0.31484375 0.80859375 0.2484375 0.1921875
5 0.21953125 0.82734375 0.4390625 0.3453125
7 0.97578125 0.48984375 0.0484375 0.0796875
7 0.93984375 0.484375 0.0453125 0.06875
7 0.9046875 0.48203125 0.034375 0.0640625
7 0.80234375 0.46015625 0.0328125 0.0203125
7 0.73515625 0.46875 0.0359375 0.0375
7 0.721875 0.4609375 0.009375 0.021875
7 0.65078125 0.4546875 0.0171875 0.009375
7 0.625 0.47109375 0.059375 0.0421875
7 0.565625 0.46640625 0.01875 0.0328125
7 0.53359375 0.4578125 0.0546875 0.015625
7 0.4921875 0.46328125 0.0375 0.0265625
7 0.53203125 0.50390625 0.0734375 0.1078125
7 0.678125 0.51328125 0.08125 0.1265625
7 0.77109375 0.4828125 0.0671875 0.065625
7 0.86875 0.47890625 0.046875 0.0578125
7 0.82734375 0.578125 0.090625 0.240625
5 0.97109375 0.55859375 0.0578125 0.2171875
5 0.9359375 0.5421875 0.053125 0.184375
5 0.903125 0.52890625 0.0375 0.1578125
5 0.8609375 0.60390625 0.071875 0.3078125
5 0.8015625 0.47265625 0.0375 0.0453125
5 0.76875 0.56796875 0.08125 0.2359375
5 0.734375 0.5125 0.040625 0.125
5 0.72421875 0.503125 0.0265625 0.10625
5 0.6765625 0.61328125 0.090625 0.3265625
5 0.6203125 0.53359375 0.065625 0.1671875
5 0.56328125 0.4953125 0.0390625 0.090625
5 0.5390625 0.46640625 0.071875 0.0328125
5 0.48984375 0.49609375 0.0484375 0.0921875
5 0.5125 0.5984375 0.146875 0.296875
5 0.82734375 0.72109375 0.0984375 0.5421875