8 0.209375 0.2296875 0.41875 0.459375
8 0.709375 0.2296875 0.58125 0.459375
8 0.209375 0.82890625 0.41875 0.3421875
8 0.3453125 0.60625 0.146875 0.29375
8 0.72734375 0.6555571919346448 0.2234375 0.27473742134838536
8 0.52578125 0.6754782856133742 0.20625 0.3246374273985094
9 0.89140625 0.7393241796380047 0.1046875 0.05685905405833438
2 0.95546875 0.7178218843602691 0.0109375 0.011001132513557365
5 0.95625 0.7342326795398089 0.021875 0.045439765027114734
6 0.978125 0.7382661945669236 0.015625 0.03602840359079611
6 0.90390625 0.7425219025106417 0.015625 0.03446590359079611
8 0.975 0.709375 0.05 0.1875