8 0.234375 0.134375 0.46875 0.26875
8 0.603125 0.0625 0.26875 0.125
8 0.6484375 0.1484375 0.359375 0.240625
1 0.17024133976990444 0.5346865338648583 0.15607832493918145 0.2399624455488821
2 0.08671875 0.3234375 0.1734375 0.109375
4 0.140625 0.83125 0.28125 0.3375
5 0.18984375 0.634375 0.3796875 0.73125
8 0.67734375 0.78359375 0.4171875 0.4296875
8 0.8484375 0.8484375 0.303125 0.303125
2 0.6859804901392468 0.7173576124182771 0.01418976502711473 0.02195681323171659
3 0.682969119627742 0.7369070431364364 0.010982951795397966 0.007876132513557366
4 0.679916842500379 0.7494252238545955 0.02678066861791084 0.03765453610435347
5 0.6825014870159889 0.7908178383159761 0.05095448770335977 0.1643533914905479
9 0.9202418606507514 0.6964628085563345 0.08310339149054755 0.05048178903121965