8 0.50078125 0.284375 0.3171875 0.56875
8 0.26875 0.41015625 0.5375 0.3171875
5 0.07578125 0.4824620002945876 0.046875 0.0721477107723885
2 0.0703125 0.46374381655136626 0.028125 0.028288626463433175
1 0.89296875 0.49765625 0.2140625 0.1421875
2 0.88671875 0.3046875 0.2265625 0.2125
5 0.8296875 0.36484375 0.340625 0.4078125
0 0.634375 0.584375 0.05 0.03125
0 0.4640625 0.596875 0.071875 0.05625
0 0.59765625 0.6359939829297818 0.040625 0.04242384933607006
3 0.45546875 0.6336962056060271 0.028125 0.025163626463433175
3 0.61484375 0.6640189889799061 0.025 0.025145445745273776
3 0.64765625 0.59765625 0.0234375 0.0328125
4 0.63203125 0.70078125 0.0546875 0.0640625
4 0.4578125 0.7024325700674077 0.1078125 0.1303147347764936
4 0.12578125 0.63828125 0.2515625 0.1390625
5 0.20078125 0.75 0.4015625 0.3625
5 0.59609375 0.7 0.1265625 0.2625
5 0.62109375 0.67265625 0.0765625 0.1390625
5 0.49140625 0.74765625 0.2203125 0.3578125
1 0.8296875 0.87578125 0.340625 0.2484375
2 0.8296875 0.64921875 0.340625 0.1609375
5 0.8296875 0.784375 0.340625 0.43125