8 0.2546875 0.2 0.509375 0.4
5 0.259375 0.05625 0.1 0.1125
4 0.24453125 0.015625 0.0203125 0.03125
8 0.6578125 0.2 0.296875 0.4
8 0.371875 0.72265625 0.275 0.5546875
0 0.023270890999568472 0.7610573206954078 0.0376818071815924 0.03168635200509069
0 0.15705099336070064 0.7946430747135432 0.040879530054229285 0.04422271467218151
7 0.021875 0.86875 0.04375 0.13125
7 0.16467766188041555 0.8970686407144978 0.08365790339440445 0.14627611067790838
3 0.1580185957218328 0.826683415380316 0.018895445745273954 0.025218176002545434
3 0.01798849336070063 0.7930249360279987 0.025136355386194253 0.023728401336727156
5 0.49921875 0.76953125 0.0203125 0.1140625
5 0.15546875 0.884375 0.1109375 0.23125
5 0.0390625 0.8703125 0.078125 0.259375
8 0.79296875 0.7734375 0.3890625 0.453125
8 0.7546875 0.92109375 0.490625 0.1578125