8 0.053125 0.075 0.10625 0.15
8 0.25 0.209375 0.5 0.41875
2 0.00234375 0.00859375 0.0046875 0.0171875
3 0.0015625 0.02734375 0.003125 0.0140625
5 0.01328125 0.0515625 0.0265625 0.103125
4 0.2746288579202771 0.5828125 0.09318743949875792 0.171875
0 0.33913171945479137 0.52421875 0.06787836729005096 0.11875
5 0.2475260024358869 0.62421875 0.2490294151018695 0.3703125
8 0.75 0.88046875 0.5 0.2390625
2 0.6179299269075302 0.92421875 0.01731476502711473 0.021875
3 0.6203827612164856 0.94296875 0.012554542154477665 0.009375
4 0.6220179840891226 0.95546875 0.029914758976990363 0.0390625
5 0.61484375 0.95703125 0.0671875 0.0859375