8 0.14453125 0.0453125 0.2890625 0.090625
8 0.178125 0.20625 0.35625 0.4125
5 0.6328125 0.25078125 0.428125 0.3984375
1 0.4625 0.325 0.0875 0.25
7 0.01484375 0.84140625 0.0296875 0.3171875
7 0.3140625 0.88984375 0.1703125 0.196875
0 0.19375 0.840625 0.0734375 0.1375
0 0.01875 0.6234375 0.0375 0.109375
3 0.00625 0.7015625 0.0125 0.0375
3 0.22421875 0.8859375 0.025 0.05625
5 0.1703125 0.48203125 0.125 0.0640625
5 0.2890625 0.87734375 0.259375 0.2453125
5 0.03046875 0.784375 0.0609375 0.43125
8 0.709375 0.725 0.58125 0.55