8 0.175 0.26953125 0.35 0.5390625
8 0.115625 0.3859375 0.23125 0.30625
7 0.36796875 0.32890625 0.0359375 0.3265625
7 0.6359375 0.43984375 0.18125 0.1984375
0 0.5300109326066391 0.3703125 0.08286813868554468 0.1390625
0 0.390625 0.1203125 0.08125 0.1125
3 0.3718819012969562 0.19609375 0.028579533338636144 0.0390625
3 0.549741629933185 0.4203125 0.028797709341181487 0.0578125
5 0.59375 0.02734375 0.134375 0.0546875
5 0.5984375 0.41875 0.321875 0.240625
5 0.38203125 0.29765625 0.0640625 0.4828125
1 0.196875 0.85625 0.30625 0.2875
2 0.175 0.63671875 0.35 0.1859375
5 0.175 0.76953125 0.35 0.4609375
8 0.8109375 0.76953125 0.378125 0.4609375
8 0.54453125 0.81796875 0.3890625 0.3640625