8 0.21484375 0.28125 0.4296875 0.35625
1 0.6515625 0.18984375 0.44375 0.3296875
4 0.71484375 0.37109375 0.5703125 0.1765625
5 0.71484375 0.2296875 0.5703125 0.459375
0 0.2999029885871226 0.7159480994191324 0.006286361436318444 0.006322725334181811
0 0.306121172330344 0.7214895747533141 0.006295451795397966 0.007885225334181812
7 0.2974819705349459 0.7292020774188142 0.007894313231716587 0.014153406667727353
7 0.30447685909862743 0.7355338934197688 0.011055674668035032 0.02043976933481808
5 0.30524901873954785 0.7371054840865414 0.012736349336070063 0.04077045066836362
5 0.2950973139190876 0.736206055418496 0.015906801131468206 0.04861931333545435
9 0.6925035790443982 0.6689350973901792 0.20594196955298721 0.21800675469445316
4 0.9953125 0.66953125 0.009375 0.0546875
5 0.9890625 0.69375 0.021875 0.171875