8 0.23203125 0.27734375 0.4640625 0.3046875
4 0.821875 0.2765625 0.35625 0.30625
1 0.7874964965821544 0.13256445590061466 0.07514544574527378 0.02543633723582168
5 0.81953125 0.27109375 0.3609375 0.3171875
5 0.73671875 0.29375 0.1953125 0.271875
1 0.34453125 0.50703125 0.0984375 0.1546875
0 0.56015625 0.6421875 0.1578125 0.303125
7 0.4921875 0.7453125 0.29375 0.284375
7 0.184375 0.696875 0.36875 0.534375
7 0.034375 0.67265625 0.06875 0.4859375
5 0.053125 0.671875 0.10625 0.484375
5 0.24453125 0.69609375 0.4890625 0.5328125
5 0.48828125 0.7140625 0.3015625 0.465625
1 0.5796537429679172 0.8027365762157277 0.0690408914905479 0.05039997579950324
4 0.87265625 0.50390625 0.1484375 0.1484375
5 0.8734375 0.71484375 0.253125 0.5703125