8 0.23984375 0.41484375 0.4796875 0.1703125
0 0.64140625 0.12421875 0.3234375 0.2484375
0 0.79765625 0.0859375 0.1890625 0.171875
3 0.8459171959341394 0.27421875 0.11088405068427179 0.1296875
3 0.7620779979312758 0.2953125 0.0869385680299077 0.2203125
4 0.71484375 0.46015625 0.4671875 0.0796875
4 0.88046875 0.415625 0.2390625 0.16875
5 0.946875 0.25 0.10625 0.5
5 0.8453125 0.25 0.309375 0.5
5 0.7140625 0.25 0.46875 0.5
8 0.23984375 0.61953125 0.4796875 0.2390625
7 0.109375 0.55390625 0.21875 0.1078125
5 0.19765625 0.55625 0.1515625 0.1125
5 0.12578125 0.75 0.2515625 0.5
6 0.98359375 0.721875 0.0328125 0.0625
6 0.6985711232893201 0.77578125 0.03499316534054522 0.053125
6 0.731974516629547 0.725 0.020967028007635946 0.05625
9 0.778125 0.921875 0.44375 0.15625
6 0.8404506353039558 0.66796875 0.014389764003817973 0.028125
6 0.6399142859643653 0.7140625 0.009684082670272608 0.0265625
6 0.6305211046308198 0.715625 0.011101132001908987 0.0140625
6 0.6949745033020469 0.68203125 0.009556813335454528 0.015625
6 0.7451654073042742 0.665625 0.007994313335454351 0.015625
6 0.7630068879694559 0.6765625 0.008048857336090797 0.0203125
6 0.7700290473026833 0.67734375 0.01268181333545435 0.015625
6 0.778468255967547 0.690625 0.012772720003181703 0.0234375
6 0.7991534733052286 0.65859375 0.007976132001909164 0.0140625
6 0.8023421079726376 0.653125 0.004814769334818081 0.0109375
6 0.8594824459739103 0.64375 0.004814769334818081 0.0109375
6 0.8719551739735921 0.64609375 0.006395450668363623 0.0125
6 0.9118625586410012 0.640625 0.006431813335454351 0.015625
6 0.9257614266390922 0.6546875 0.009629538669636162 0.021875
6 0.9660227999681833 0.6859375 0.014426126670909057 0.03125