8 0.23984375 0.259375 0.4796875 0.51875
8 0.8546875 0.18984375 0.290625 0.3796875
8 0.078125 0.671875 0.15625 0.30625
8 0.31640625 0.665625 0.3265625 0.29375
5 0.00980380951928339 0.6245942040499523 0.014217036104353476 0.026726132001908987
5 0.3082685805965223 0.6327543387571322 0.01739657825883114 0.03613749466899989
8 0.42734375 0.6953125 0.1046875 0.09375
7 0.5265625 0.796875 0.09375 0.209375
7 0.9546875 0.875 0.090625 0.25
2 0.984375 0.66796875 0.03125 0.0953125
2 0.9470492794650541 0.6687849347946759 0.0722204336450254 0.060211341343090474
3 0.9355577884420445 0.707711074793085 0.04705680718159257 0.031795440006363404
3 0.9859375 0.7265625 0.028125 0.053125
3 0.5221401830558503 0.6794646120703149 0.03926248789975162 0.03482953333863605
0 0.5202595204880637 0.6247589307367696 0.056531801131468204 0.04909202800763594
4 0.9378247912707149 0.8288230061266304 0.07911584913967822 0.1712215666772722
5 0.90546875 0.81484375 0.1609375 0.3703125
5 0.95625 0.8078125 0.0875 0.384375
5 0.53515625 0.79921875 0.1109375 0.4015625