8 0.2046875 0.309375 0.409375 0.61875
5 0.7640625 0.10703125 0.471875 0.2140625
9 0.1928697978118185 0.7884319599379574 0.14553171037960516 0.30792268268618106
2 0.2921875 0.70078125 0.2 0.1640625
3 0.3430834212501894 0.8234053019175948 0.10064541549465282 0.11210110534690854
4 0.38515625 0.6625 0.0484375 0.0875
4 0.20078125 0.68515625 0.0796875 0.1328125
4 0.31640625 0.90703125 0.1859375 0.1859375
5 0.08359375 0.825 0.1671875 0.35
5 0.38046875 0.68125 0.0578125 0.125
5 0.2109375 0.78671875 0.146875 0.3359375
5 0.3015625 0.809375 0.215625 0.38125
5 0.6421875 0.8296875 0.465625 0.340625
2 0.51640625 0.74765625 0.2140625 0.1515625
1 0.5140625 0.92265625 0.209375 0.1546875