8 0.19296875 0.40859375 0.3859375 0.3015625
5 0.7296875 0.18203125 0.2 0.3640625
8 0.175 0.85859375 0.35 0.2828125
8 0.68203125 0.76640625 0.1046875 0.4140625
6 0.67421875 0.9140625 0.0890625 0.171875
0 0.9194782704880637 0.611112745226005 0.03611930718159258 0.03166817067154515
0 0.7922163337197802 0.6266570239099587 0.040870439695149585 0.0426602146721816
7 0.9224219841873185 0.7142104732256868 0.07261131908544911 0.12739884134309049
7 0.7732350504440971 0.7214155405792768 0.085184041958086 0.1400442920114539
3 0.7884828005422929 0.6563899772438223 0.018886355386194254 0.023655676002545433
3 0.9212134873105764 0.6407820638924595 0.02512726502711473 0.022165901336727068
5 0.7759378696277419 0.7831070185789585 0.12242146330647116 0.3638999626829992
5 0.9141373063960255 0.7674354705601868 0.1442328307929138 0.3532170013526354
5 0.965625 0.7796875 0.06875 0.440625