8 0.20859375 0.1390625 0.4171875 0.278125
8 0.09375 0.15 0.1875 0.3
1 0.74609375 0.15 0.3859375 0.3
5 0.734375 0.15 0.53125 0.3
6 0.14485468260663908 0.5203125 0.052671561346272 0.0953125
6 0.3561648999443207 0.48828125 0.043205654678545 0.0875
6 0.4197830519573656 0.3921875 0.019259077339272502 0.04375
6 0.29320237062382015 0.39375 0.019222714672181597 0.040625
6 0.14392907662318385 0.3984375 0.017642033338636055 0.0390625
6 0.02595123595641109 0.39921875 0.016024989337999784 0.034375
6 0.4347813432925019 0.37890625 0.014480670671545326 0.0359375
6 0.17065520862509284 0.384375 0.014462489337999785 0.034375
6 0.05966316462445649 0.3890625 0.014462489337999785 0.034375
9 0.234375 0.759375 0.46875 0.48125
8 0.921875 0.46171875 0.15625 0.2671875