8 0.2703125 0.3453125 0.296875 0.2875
0 0.5953125 0.184375 0.278125 0.36875
3 0.60234375 0.43984375 0.0921875 0.0984375
7 0.74921875 0.421875 0.4328125 0.134375
5 0.7078125 0.24453125 0.515625 0.4890625
3 0.20508941657480745 0.7199359512651394 0.014253397540672097 0.032976132001909166
0 0.17333996770627547 0.6718711686028211 0.06806017447164336 0.15078179734245403
7 0.2764376966290367 0.6753587005888217 0.15436128883482816 0.2142817706874535
5 0.2602536395456402 0.7716342639242763 0.23675667407885986 0.4121022000318167
8 0.69765625 0.53046875 0.2421875 0.0828125
8 0.73359375 0.74453125 0.5328125 0.5109375