8 0.32890625 0.3625 0.4015625 0.4125
8 0.86953125 0.17109375 0.2609375 0.3421875
8 0.7203125 0.45625 0.38125 0.225
2 0.23203125 0.87734375 0.4640625 0.1421875
5 0.26484375 0.88671875 0.5296875 0.2265625
0 0.79921875 0.603125 0.1609375 0.06875
0 0.85234375 0.6384236307685862 0.18125 0.13804653469127165
0 0.7671875 0.8132139980903595 0.178125 0.20207267202418072
0 0.75625 0.9453125 0.20625 0.109375
2 0.91328125 0.8828827027768587 0.115625 0.13103291868236297
3 0.859375 0.9189741967695408 0.03125 0.0441136266709087
4 0.9359375 0.9765625 0.128125 0.046875
4 0.58203125 0.8625 0.1046875 0.23125
2 0.553125 0.715625 0.046875 0.103125
3 0.60390625 0.7699077987348606 0.040625 0.04578521467218159
5 0.79453125 0.6640625 0.2296875 0.190625
0 0.9296875 0.61484375 0.140625 0.0921875
0 0.97265625 0.67734375 0.0546875 0.2171875
4 0.9515625 0.61875 0.096875 0.1
4 0.746875 0.63359375 0.08125 0.1296875
4 0.91796875 0.7890625 0.1640625 0.190625
5 0.6265625 0.81484375 0.19375 0.3609375
5 0.91328125 0.90390625 0.1734375 0.1921875
5 0.7671875 0.8116514980903595 0.175 0.20672380935708964
5 0.88046875 0.73671875 0.2390625 0.3359375