8 0.1015625 0.27265625 0.203125 0.4234375
8 0.1796875 0.39765625 0.359375 0.3828125
2 0.5812085725032945 0.04895266793053978 0.10185339149054791 0.05059087334017516
4 0.5502671238311544 0.1300254059284872 0.15700449980360814 0.1305965359079618
3 0.5676364310127469 0.09887539987836302 0.07042158430895533 0.019159066158582806
5 0.539692717313492 0.20184131859446972 0.2411351018701529 0.35764082493918153
0 0.2265625 0.68125 0.265625 0.184375
0 0.0421875 0.7515625 0.084375 0.178125
3 0.0171875 0.9234375 0.034375 0.0875
3 0.253125 0.96015625 0.184375 0.0796875
5 0.05546875 0.83203125 0.1109375 0.3359375
5 0.2265625 0.79453125 0.265625 0.4109375
8 0.6796875 0.79453125 0.640625 0.4109375