8 0.3859375 0.36796875 0.603125 0.2828125
9 0.72578125 0.25859375 0.0328125 0.0546875
9 0.8918632296101322 0.19868904751723085 0.040961343285945875 0.05804884933607006
9 0.7640625 0.23359375 0.109375 0.0765625
9 0.73203125 0.34296875 0.0453125 0.0765625
0 0.8399865913410383 0.38667486084714325 0.007857951795397966 0.007857951795397966
4 0.8429843263139236 0.40856804156530246 0.012681807181592574 0.03132272287263689
5 0.8421030823640479 0.42575099638576275 0.022393150467538092 0.08918976502711473
5 0.8272684227231274 0.42410213797450635 0.023973831185697493 0.09232385538619425
5 0.890625 0.4953125 0.0375 0.028125
5 0.86015625 0.496875 0.0390625 0.025
5 0.8390625 0.49375 0.03125 0.03125
5 0.8203125 0.49140625 0.0375 0.0359375
5 0.8395048023098186 0.46948736084714326 0.01259999394987581 0.01726022287263689
5 0.8161445703619954 0.456069755460949 0.018968168617910664 0.037609084308955334
0 0.8169894528755526 0.4451368006404888 0.014153403590796287 0.01570681323171641
7 0.8184428685665971 0.46389589099956846 0.012590903590795932 0.015697722872636887
0 0.8013826335937118 0.4419208970496927 0.011001132513557365 0.011001132513557365
7 0.7988661667711991 0.4715947615110732 0.019022710772388506 0.04698408430895533
5 0.798112187848438 0.46690271633153346 0.022265885440423537 0.06731476502711473
0 0.8105758264121196 0.4732254392041703 0.014153403590795931 0.015706813231716587
7 0.8015625 0.4953125 0.01875 0.028125
5 0.79921875 0.48671875 0.0328125 0.0453125
7 0.82421875 0.49765625 0.0296875 0.0234375
7 0.84140625 0.49921875 0.0234375 0.0203125
7 0.8609375 0.50390625 0.034375 0.0109375
7 0.89296875 0.50390625 0.0328125 0.0109375
0 0.8925207180008631 0.4885464330558502 0.012590903590796287 0.015697722872636887
0 0.8667167421031641 0.4923026921310366 0.012581813231716765 0.014135222872636887
0 0.8410082149758011 0.47965270120622294 0.009438632513557366 0.010992042154477844
0 0.8238161697962612 0.48033395725634714 0.012572722872636888 0.012572722872636888
0 0.8290627268796577 0.3842674783335859 0.010992042154477844 0.009438632513557366
0 0.7962320461614985 0.387201580792914 0.012572722872636888 0.012572722872636888
0 0.7884649979568965 0.37934362899751584 0.011010222872636888 0.012563632513557365
0 0.7514553564663488 0.42913000555914493 0.011010222872637065 0.012563632513557365
0 0.7826599046709507 0.43712431274073726 0.012581813231716588 0.014135222872636887
0 0.7652769619507389 0.47061806879086143 0.012590903590796287 0.015697722872636887
0 0.7519593505144204 0.4767908007386847 0.012581813231716588 0.014135222872636887
0 0.7109375 0.44765625 0.003125 0.0171875
6 0.7233076305686497 0.4328726290957118 0.011119307181592398 0.031313632513557364
5 0.741907639643836 0.45876296340466716 0.033257927594901204 0.07675339754067192
5 0.76953125 0.48515625 0.0390625 0.0484375
5 0.74921875 0.48515625 0.0390625 0.0484375
5 0.7778178685665972 0.46365954166349843 0.02382838544042354 0.06732385538619426
5 0.7968996666730032 0.40673737597245385 0.01751475292686635 0.05634999394987581
5 0.7852127329297819 0.40120044827935664 0.017542024004105095 0.06103749394987581
7 0.7458457059006147 0.4533169393023663 0.018922716822512696 0.02979658430895533
7 0.75234375 0.49609375 0.0265625 0.0265625
7 0.77109375 0.4953125 0.0265625 0.028125
7 0.7785945733870574 0.4644453368430382 0.020567030054229284 0.04386817466803503
7 0.7960866004162245 0.41220158079291397 0.015834078258831052 0.03602840359079611
7 0.7859667118525431 0.40589249345889644 0.015806807181592396 0.03134090359079611
7 0.8289218263139236 0.408486228333586 0.020503397540672097 0.03293067466803503
6 0.8454240459651068 0.2577958819243822 0.007967036104353297 0.026607951795397967
6 0.8556121122218855 0.2523862192583996 0.00793067466803521 0.020357951795397965
6 0.8501933591968232 0.24376065300162092 0.007994307181592575 0.031295451795397965
1 0.41015625 0.92578125 0.5640625 0.1484375
2 0.4049455334720749 0.6837049178323439 0.5996556081166687 0.21285660752749358
5 0.3546875 0.77578125 0.709375 0.4484375