8 0.3703125 0.3625 0.2375 0.503125
8 0.70078125 0.3109375 0.4234375 0.590625
6 0.33828125 0.9625 0.0484375 0.075
6 0.14629477966144586 0.8509377268796576 0.031586343285945874 0.057994307181592576
6 0.009289683350437894 0.8025143832991242 0.014217036104353476 0.026644313231716676
6 0.02712207796424355 0.7789723441697086 0.004751132513557366 0.010964771077238922
6 0.03963571350286301 0.7812433712970717 0.0063136325135573655 0.010973861436318445
6 0.07553685206654456 0.7747842930382405 0.006331813231716587 0.014098861436318444
6 0.0904578701187213 0.7879791846269841 0.009493174668035032 0.020367042154477665
6 0.16229650868240286 0.7813110281093217 0.00634999394987581 0.017223861436318443
6 0.1289118369412341 0.8174439708295335 0.014235216822512697 0.02976931323171641
6 0.21084763817089805 0.8005604769778536 0.017378397540672098 0.03291249394987581
6 0.24353741832332326 0.7792758294371815 0.009502265027114732 0.021929542154477667
6 0.26687037919390766 0.7611707240509873 0.00633181323171641 0.014098861436318444
6 0.34200218940056215 0.7833906368151656 0.009502265027114732 0.021929542154477667
6 0.3179243399662962 0.8077502873808997 0.015806807181592573 0.0313409035907962
6 0.4218987676593933 0.8188645285021051 0.022093168617910663 0.037627265027114734
6 0.456941388170898 0.7991287454228138 0.015797716822512697 0.02977840359079629
8 0.74453125 0.81953125 0.5109375 0.3609375