8 0.215625 0.209375 0.43125 0.41875
8 0.46796875 0.29296875 0.2640625 0.2515625
8 0.8 0.18125 0.4 0.3625
8 0.20625 0.709375 0.4125 0.58125
7 0.12770892700572603 0.790354372751 0.02999657220870695 0.0532977168225127
5 0.14263903541698247 0.8052844811622564 0.061701090162687856 0.131604524004105
5 0.8879060836215844 0.6074105834251926 0.0887544695529872 0.21613406010845856
5 0.7434021046988233 0.611257225210328 0.1075862827847038 0.23030564441741408
4 0.8977805324901162 0.5590321707592102 0.03151362041330898 0.0454943071815924
4 0.7267367794650541 0.566630526439992 0.03942611436318479 0.06272725897699036
3 0.8890367915653025 0.5332009237842723 0.0063136325135573655 0.010973861436318445
3 0.7304521319243822 0.5338407523376911 0.006295451795397966 0.007848861436318444
0 0.7240794120768073 0.5127106409013725 0.023592036104353474 0.026698855386194254
0 0.8912760024358869 0.5152458093228918 0.0220477168225127 0.02981476502711473