8 0.2546875 0.184375 0.509375 0.36875
5 0.6328125 0.184375 0.246875 0.36875
5 0.22358711525304917 0.78828125 0.02073067067154515 0.0359375
5 0.21590352661522966 0.57578125 0.028761346674090582 0.0546875
2 0.2208637466184113 0.55234375 0.006322725334181811 0.00625
4 0.22377966128263868 0.5703125 0.009629538669636251 0.021875
4 0.2258763212524128 0.79296875 0.012681813335454439 0.015625
2 0.22063483792173083 0.7734375 0.009465906667727175 0.0078125
8 0.40879100795672924 0.515625 0.1609567760184536 0.1359375
8 0.17265625 0.534375 0.3453125 0.33125
8 0.071875 0.73359375 0.14375 0.1796875
8 0.3421875 0.825 0.334375 0.3125
8 0.3890625 0.58125 0.240625 0.425
5 0.920191584619684 0.66953125 0.046421561346272 0.0953125
4 0.9245705492918657 0.62890625 0.012645450668363622 0.0125
3 0.9244523706238201 0.6390625 0.006359088001272539 0.009375
4 0.9297393072883657 0.6546875 0.014353401336727245 0.025
9 0.9429676553150917 0.4578125 0.0377727200031817 0.0234375
9 0.98125 0.446875 0.0375 0.025
9 0.8796585859723194 0.52734375 0.020548857336090975 0.0203125
9 0.9446114239735921 0.51796875 0.025199994668999894 0.0171875
9 0.9570659706397284 0.521875 0.028379538669636162 0.021875
8 0.6181660079567293 0.6421875 0.1609567760184536 0.1359375
8 0.6515625 0.89765625 0.284375 0.2046875
8 0.7546875 0.64453125 0.490625 0.5515625
9 0.9608631326384558 0.53125 0.01891363200190881 0.0140625
9 0.7371801846355923 0.55234375 0.033139764003817976 0.028125
9 0.7502978026336834 0.56640625 0.02681703866963616 0.021875
9 0.7612262119669106 0.5671875 0.028306813335454352 0.015625
9 0.7753705279678652 0.56015625 0.026780676002545432 0.01875
9 0.7870347339672288 0.56484375 0.023564769334818082 0.0109375