8 0.2328125 0.10390625 0.278125 0.2078125
7 0.91640625 0.16953125 0.1671875 0.3390625
5 0.86953125 0.16953125 0.2609375 0.3390625
7 0.11269335919682329 0.8028495432845476 0.08210449375348405 0.14782042934436318
1 0.1256615126894236 0.7222353426161842 0.025227258976990453 0.039353401336727246
1 0.4015625 0.5421875 0.015625 0.025
1 0.22090181069763376 0.5992603719366848 0.0376908975406721 0.03324885200509069
2 0.22261936768283438 0.438313781269912 0.020394313231716588 0.014298857336090797
2 0.3304455032214538 0.4347155192552763 0.01726022287263689 0.012699994668999893
2 0.39140625 0.4921875 0.0359375 0.04375
2 0.21107735880403986 0.5423473006047301 0.07690793364502539 0.06026588534372675
4 0.21814444935951122 0.6703813939370029 0.08984427088084708 0.13541133601209038
4 0.22556710568078184 0.4687461686028211 0.02675339754067192 0.03312158267027261
4 0.33180801532170223 0.46907233792173086 0.03145907825883114 0.03630112667090888
4 0.378125 0.60546875 0.0625 0.1140625
5 0.384375 0.765625 0.05 0.396875
5 0.35625 0.59296875 0.10625 0.2515625
5 0.33480120511504785 0.49169222525463996 0.050754499803608154 0.13026930267345413
5 0.22239210870584394 0.477376281269912 0.041179511903856714 0.0957852146721816
5 0.21042739812984718 0.6540660506047301 0.16573512607064966 0.28940904002227175
5 0.1078125 0.82734375 0.13125 0.3453125
0 0.1071796782822723 0.6763597686187295 0.047202252926866174 0.056795440006363405
3 0.9230637535160415 0.42583086791854924 0.04242384933607006 0.04111589600572696
2 0.6723274344305924 0.5553023812858203 0.07225679508134401 0.06646134134309048
2 0.9178949853656688 0.3743320025859583 0.048673849336070066 0.04118862133990877
4 0.9207558440715127 0.5539740492520947 0.140416963502863 0.23443063868554467
5 0.7545581514494969 0.6543387706079118 0.24240671037960498 0.3090499253659985
5 0.91796875 0.55859375 0.1640625 0.4203125