8 0.28828125 0.3359375 0.5765625 0.328125
0 0.06589191339113372 0.41322889536918017 0.017387494668999894 0.017387494668999894
3 0.06615554272754265 0.4358851453691802 0.011101132001908987 0.014189769334818081
7 0.06809985073199698 0.46871582670272555 0.03350339067472685 0.059756808004454244
5 0.0671875 0.4515625 0.05 0.096875
3 0.7189981847151341 0.1398946767584049 0.0221113573360908 0.020567038669636252
2 0.8884379807049527 0.06687644211485835 0.03313976400381833 0.02850680800445433
2 0.7240214920432708 0.10167706142581392 0.03784544533736352 0.03012385200509069
5 0.710641339393679 0.2272855887571322 0.15183740937299817 0.29391472668681723
5 0.8734953280553611 0.19246678811263118 0.10503513470717998 0.299619286680454
5 0.98203125 0.2921875 0.0359375 0.275
5 0.73046875 0.25 0.2421875 0.5
4 0.8775743007240429 0.20735599144649478 0.07534654002227156 0.16491702267663583
4 0.7129572700509067 0.1577907014242231 0.06631589067472703 0.060138616008908664
1 0.8904277420432708 0.10361337344840375 0.02681703866963616 0.02218408267027261
8 0.721875 0.6203125 0.225 0.240625