8 0.309375 0.1828125 0.61875 0.334375
8 0.4953125 0.1984375 0.246875 0.303125
5 0.18671875 0.3015625 0.1015625 0.096875
4 0.1729941559284872 0.315625 0.02071247579950324 0.06875
3 0.82109375 0.02890625 0.0765625 0.0578125
4 0.85625 0.18828125 0.2875 0.3234375
4 0.94296875 0.175 0.1140625 0.35
4 0.69453125 0.18125 0.1515625 0.3375
5 0.71875 0.175 0.2 0.35
5 0.809375 0.175 0.38125 0.35
5 0.93828125 0.175 0.1234375 0.35
8 0.45234375 0.5765625 0.3328125 0.453125
8 0.30234375 0.71796875 0.5546875 0.5640625
7 0.48561635489521493 0.38515625 0.028343168617910842 0.0375
5 0.4871652193565955 0.3828125 0.03151362041330898 0.0453125
4 0.73515625 0.87734375 0.2328125 0.2453125
5 0.809375 0.675 0.38125 0.65