8 0.48828125 0.34296875 0.2421875 0.1734375
0 0.21388539859168523 0.19485632463400152 0.006359088001272717 0.009447725334181811
7 0.21445756325591264 0.21281598396722873 0.011210220003181703 0.023564769334818082
7 0.3578125 0.42109375 0.021875 0.0171875
5 0.21448483525623083 0.21047223396722875 0.01762385200509069 0.03769999466899989
5 0.35625 0.41171875 0.03125 0.0359375
0 0.3544269405633684 0.4017864826145933 0.012645450668363534 0.012645450668363622
7 0.3430558252705483 0.8393490225970941 0.1315430907065437 0.29524086935072635
7 0.19153877860441196 0.8372063619510023 0.09293402936027154 0.19949201734563574
0 0.3113080279678651 0.613967761935094 0.045839758672817865 0.045839758672817865
0 0.18302793929027472 0.6959182906190476 0.04613066000954502 0.07083975867281786
5 0.18984375 0.78828125 0.1921875 0.4234375
5 0.3234375 0.7375 0.346875 0.525
9 0.35598253926641216 0.8696632312619578 0.180088584022908 0.17082267202418072
9 0.47352457527054836 0.8378308812460494 0.10893974267981754 0.09812951201463563
2 0.77578125 0.5703125 0.2328125 0.28125
4 0.8296875 0.9203125 0.340625 0.159375
5 0.8296875 0.71484375 0.340625 0.5703125