8 0.275 0.29453125 0.55 0.5890625
8 0.4203125 0.30859375 0.259375 0.5609375
0 0.12096037715080418 0.024143835296001726 0.01571590359079611 0.01580681333545435
3 0.1223910669441497 0.046781903962456274 0.009456813231716588 0.014171588001272717
7 0.12610641940347772 0.07954895062859269 0.02846134328594587 0.05813976400381797
5 0.12611550976255734 0.07798645062859269 0.041352228726369414 0.1254727146721816
5 0.87890625 0.359375 0.2421875 0.459375
8 0.1921875 0.70234375 0.378125 0.2265625
8 0.128125 0.8453125 0.25625 0.309375
7 0.94375 0.8515625 0.1125 0.296875
0 0.984375 0.7265625 0.03125 0.175
5 0.93046875 0.81640625 0.1390625 0.3671875