8 0.16953125 0.2296875 0.3390625 0.459375
5 0.293357031036188 0.15850024200496815 0.06639768052176756 0.13319429508134384
9 0.5828125 0.13671875 0.19375 0.2734375
0 0.7142245638208917 0.33174334104645065 0.02041249394987581 0.01730567466803503
5 0.696875 0.3890625 0.06875 0.140625
0 0.990625 0.4484375 0.01875 0.021875
4 0.3046875 0.8890625 0.06875 0.221875
4 0.19498770872928511 0.8543303715916594 0.15751355991206673 0.2180965359079618
4 0.0390625 0.81484375 0.078125 0.2046875
2 0.05187909992524524 0.610639979806524 0.08644656010845857 0.08799996974937888
3 0.03102572356000799 0.703726904474559 0.05813975292686617 0.056586343285945875
5 0.11796875 0.7734375 0.2359375 0.453125
5 0.18671875 0.8515625 0.3046875 0.296875
5 0.275 0.82890625 0.128125 0.3421875