8 0.15859375 0.234375 0.3171875 0.46875
5 0.06013002068445541 0.10294565447455897 0.022074987899751618 0.03450226502711464
2 0.12319310206654457 0.06507749493183441 0.007867042154477666 0.009420451795398143
4 0.12108570140261463 0.10571613047045388 0.02060339149054773 0.05011817466803503
5 0.12728115924813696 0.09630476903413543 0.033257927594901204 0.07675339754067192
6 0.90078125 0.009375 0.0140625 0.01875
9 0.5765625 0.03671875 0.234375 0.0734375
7 0.965625 0.04765625 0.06875 0.0953125
5 0.9453125 0.17265625 0.109375 0.3453125
3 0.43984375 0.621875 0.0390625 0.059375
2 0.4296875 0.5265625 0.059375 0.115625
4 0.4078125 0.76640625 0.103125 0.2515625
5 0.38125 0.734375 0.15625 0.53125
1 0.67265625 0.62578125 0.4265625 0.2703125
5 0.7296875 0.734375 0.540625 0.53125
4 0.7046875 0.83125 0.490625 0.3375