8 0.18671875 0.2890625 0.3734375 0.521875
4 0.7771870192950472 0.27421875 0.21177384134309046 0.071875
4 0.8265625 0.49765625 0.190625 0.1046875
0 0.8084268339433663 0.409375 0.10988407733927241 0.04375
2 0.6116983792966381 0.2625 0.0661704400063634 0.046875
3 0.6559569092934564 0.2859375 0.03470226400381797 0.028125
5 0.737479081954184 0.3296875 0.32561926002545327 0.1875
5 0.8 0.46875 0.253125 0.1625
8 0.16640625 0.8015625 0.2328125 0.396875
9 0.32763027259709415 0.925 0.044549978675999566 0.06875
8 0.59453125 0.775 0.3515625 0.45
8 0.909375 0.815625 0.18125 0.36875