8 0.259375 0.21484375 0.51875 0.3703125
8 0.3578125 0.2 0.4625 0.4
5 0.0265625 0.36640625 0.053125 0.0671875
3 0.6303453120623608 0.3614305853755435 0.05348862667090888 0.03186816534054504
0 0.6109375 0.346875 0.04375 0.065625
5 0.8609375 0.190625 0.278125 0.38125
5 0.74921875 0.3359375 0.3203125 0.128125
4 0.86328125 0.046875 0.2265625 0.09375
8 0.29453125 0.7 0.5890625 0.6
7 0.47268680605504293 0.6979617154280411 0.045876121339908774 0.04896475867281787
5 0.47183283072086113 0.6917026247612684 0.08052384134309047 0.07280224801081765
7 0.23415156472786086 0.740492471395588 0.05852157200827222 0.061610209341181485
5 0.23321577339272448 0.7272021307288153 0.063518154678545 0.08822725334181776