8 0.2296875 0.203125 0.421875 0.40625
8 0.2703125 0.37890625 0.30625 0.2421875
8 0.82265625 0.11796875 0.2296875 0.2359375
8 0.8859375 0.13828125 0.228125 0.2765625
5 0.9565969962875668 0.0424103879296851 0.03943520472226432 0.06451703333863605
0 0.04215270120622287 0.7296387626114116 0.0801420179539809 0.07905224801081764
0 0.11102542105379776 0.749932533935412 0.056622704722264314 0.06471702800763594
0 0.26358279449216876 0.7848786039147312 0.05507838544042354 0.0678238466740905
0 0.34417880951928337 0.8058172652371407 0.05030907220870695 0.05370680267345414
0 0.42789527936685817 0.8259383138924594 0.04874657220870695 0.05368862133990868
0 0.48203125 0.809375 0.0546875 0.078125
3 0.06204302038986782 0.7911302459420936 0.015788626463433174 0.028306813335454352
3 0.10507994808296495 0.8023490092695938 0.0314227168225127 0.030051126670908968
3 0.2583640293668582 0.8279109885821402 0.028288626463433175 0.02845226400381797
3 0.33819697511213215 0.8519837405713225 0.029842036104353476 0.026907945337363515
3 0.43665720100983113 0.8547445665579595 0.018886355386194254 0.023655676002545433
3 0.4670759540348932 0.8457962805538234 0.03144998789975162 0.0347386266709087
4 0.4015625 0.93359375 0.05625 0.1328125
4 0.45625 0.93828125 0.10625 0.1234375
4 0.33046875 0.93359375 0.0984375 0.1328125
4 0.24140625 0.928125 0.1078125 0.14375
4 0.09375 0.9125 0.11875 0.175
4 0.03046875 0.90234375 0.0609375 0.1953125
5 0.05 0.840625 0.1 0.31875
5 0.09375 0.85625 0.184375 0.2875
5 0.22890625 0.87109375 0.1703125 0.2578125
5 0.32734375 0.88671875 0.1515625 0.2265625
5 0.41171875 0.896875 0.1390625 0.20625
5 0.4328125 0.88125 0.153125 0.2375