8 0.36796875 0.08515625 0.4015625 0.1703125
0 0.90390625 0.0125 0.0171875 0.025
3 0.9073529159856323 0.023999161487632127 0.009484084308955332 0.018804542154477667
7 0.9298819009585175 0.04600597169428657 0.036337475799503235 0.06895907825883123
5 0.9203125 0.08125 0.059375 0.1625
5 0.98203125 0.1625 0.0359375 0.24375
3 0.2765625 0.5796875 0.15 0.121875
4 0.23287807328886148 0.7941288125443455 0.38675667407885983 0.4116112283335859
5 0.284375 0.759375 0.56875 0.48125
8 0.784375 0.77890625 0.43125 0.4421875
5 0.6727824732654204 0.7129156948615111 0.025254530054229285 0.04389544574527395