8 0.3578125 0.3546875 0.44375 0.709375
5 0.54921875 0.2921875 0.0609375 0.1
6 0.7980259721852658 0.3235042045671864 0.04746587334017516 0.1021079400063634
6 0.5927930506404888 0.2321359592616397 0.025336343285945872 0.05810340133672707
6 0.70971693022718 0.18545985924573127 0.009529536104353652 0.026671588001272718
6 0.7816055657657993 0.18696726790264084 0.009529536104353475 0.026671588001272627
6 0.8394180657657995 0.1862945585614594 0.0063954457452737755 0.02507272533418181
6 0.6705771621750032 0.1726331425843674 0.009511355386194253 0.02354658800127272
9 0.77109375 0.5 0.3828125 0.41875
4 0.190625 0.8546875 0.378125 0.290625
5 0.23984375 0.8546875 0.4796875 0.290625