8 0.0484375 0.06015625 0.096875 0.1203125
6 0.3859375 0.21328125 0.071875 0.3421875
9 0.675 0.24453125 0.65 0.4890625
8 0.74609375 0.74453125 0.5078125 0.5109375
7 0.90625 0.73125 0.1875 0.384375
7 0.8875 0.76640625 0.225 0.2828125
7 0.9105415484991894 0.6108969727482235 0.13513859016268803 0.13281359468490822
2 0.9367682260940908 0.5346344647517234 0.05486930718159222 0.031886346674090585
5 0.8973739279876847 0.5912111814130873 0.16510789129415607 0.18159654002227174
5 0.7947433107958297 0.7736231447326334 0.14689422247985356 0.2735658640197263
5 0.87109375 0.74453125 0.2578125 0.5109375