8 0.2546875 0.13046875 0.509375 0.2609375
2 0.99375 0.1890625 0.0125 0.03125
4 0.69765625 0.2421875 0.3578125 0.484375
4 0.9625 0.33671875 0.075 0.1890625
5 0.940625 0.3328125 0.11875 0.334375
5 0.759375 0.25 0.48125 0.5
0 0.4265625 0.5890625 0.184375 0.178125
2 0.22024558127786617 0.7924768288480064 0.012627269334818081 0.011010222872636888
2 0.17052739194782057 0.7685489703385542 0.014226132001908986 0.014144313231716587
2 0.15398478194622972 0.7803631691088901 0.011064769334818082 0.011001132513557365
4 0.21275979793923008 0.8315802354638647 0.027017033338636143 0.039217036104353654
4 0.16852853994272993 0.8060580606976337 0.019168170671545238 0.03604658430895533
4 0.14500922394177537 0.813225666083828 0.02699885200509069 0.03765453610435365
5 0.1415933226050483 0.8382438468019873 0.05626927601845377 0.13625566256778648
5 0.16864671861077532 0.7959018106976338 0.03517497867599957 0.06894998789975162
5 0.19343763327500269 0.81372511495236 0.04311474801081765 0.07993293969514985
4 0.19577229260822993 0.8144927294137405 0.0286340773392725 0.04391362646343318
4 0.2102705972708665 0.8440938710024841 0.048274962682999245 0.12058521077238851
7 0.3015625 0.85390625 0.43125 0.2921875
3 0.40514783995068415 0.7460916664766115 0.1169158746817267 0.11161018657189174
5 0.29921875 0.75 0.4390625 0.5