8 0.42734375 0.10703125 0.1234375 0.2140625
8 0.340625 0.25234375 0.296875 0.3328125
4 0.7094896712501895 0.09734017095560188 0.23340337334017508 0.10291696350286302
4 0.68125 0.346875 0.21875 0.14375
0 0.6900407553627531 0.2456594962875668 0.12065793364502539 0.060074957649130664
2 0.885089114068597 0.06711283635205886 0.07533634328594588 0.05824883723582168
3 0.8399493308911099 0.09653671593874998 0.0392533975406721 0.03303975897699045
5 0.757464083817976 0.1523049269075302 0.36699764422102216 0.23806464402463057
5 0.71953125 0.31171875 0.3203125 0.2140625
1 0.11484375 0.5609375 0.2296875 0.284375
4 0.22890625 0.79375 0.4578125 0.4125
5 0.24453125 0.709375 0.4890625 0.58125
6 0.8671875 0.74375 0.265625 0.5125
2 0.6713816589535494 0.64402427341493 0.15553290339440445 0.1462124455488821
3 0.6970048694313503 0.8855714239806639 0.11003859621281223 0.1146988251355733
4 0.73359375 0.96015625 0.2703125 0.0796875
5 0.74453125 0.740625 0.5109375 0.51875