8 0.284375 0.234375 0.56875 0.46875
8 0.44921875 0.37109375 0.2390625 0.1953125
8 0.284375 0.734375 0.56875 0.53125
5 0.13828125 0.5138504392041703 0.0546875 0.08000566256778666
1 0.603125 0.74453125 0.06875 0.0984375
1 0.8859375 0.6939707730221464 0.1546875 0.061837445548882285
2 0.8640625 0.8102497579950318 0.14375 0.03521131303532492
2 0.8609375 0.5953878272768726 0.2546875 0.09210672852997774
2 0.97734375 0.57578125 0.0453125 0.0921875
2 0.596875 0.62109375 0.05625 0.0953125
5 0.66484375 0.759375 0.1921875 0.3875
5 0.86328125 0.622745212815492 0.2578125 0.16712490924813697
5 0.7890625 0.7375 0.421875 0.45625