8 0.365625 0.17421875 0.26875 0.2703125
8 0.8328125 0.1453125 0.334375 0.290625
4 0.8461089481811609 0.03753479879377712 0.023610216822512697 0.029823855386194253
0 0.8459316861791082 0.007066048793777124 0.010992042154477489 0.009438632513557366
3 0.845227704231285 0.020351843973316887 0.009429542154477843 0.009429542154477666
5 0.8507600867448424 0.031257527716538246 0.039398843285945874 0.05803975897699045
8 0.25 0.8046875 0.5 0.390625
7 0.59765625 0.64140625 0.0671875 0.0640625
7 0.67265625 0.63203125 0.0640625 0.0453125
7 0.75 0.65546875 0.09375 0.0921875
7 0.834375 0.6265625 0.078125 0.034375
7 0.9234375 0.62109375 0.053125 0.0234375
7 0.96328125 0.6421875 0.0734375 0.065625
5 0.5390625 0.68125 0.078125 0.14375
5 0.57421875 0.64140625 0.0484375 0.0640625
5 0.60546875 0.7375 0.1046875 0.25625
5 0.64375 0.6625 0.05625 0.10625
5 0.70078125 0.640625 0.0359375 0.0625
5 0.67421875 0.68125 0.0796875 0.14375
5 0.7515625 0.74375 0.1125 0.26875
5 0.80625 0.66953125 0.05625 0.1203125
5 0.8375 0.70546875 0.090625 0.1921875
5 0.9234375 0.6640625 0.0625 0.109375
5 0.96015625 0.7421875 0.0796875 0.265625