8 0.33984375 0.2125 0.6796875 0.234375
5 0.81875 0.18792933040013052 0.0421875 0.11587043969514968
4 0.8203125 0.17465717075921017 0.0234375 0.045448855386194253
0 0.821875 0.1379475111182898 0.009375 0.009429542154477666
5 0.6546875 0.35625 0.04375 0.053125
3 0.64609375 0.33866110430603974 0.0140625 0.01726931323171659
4 0.6546875 0.36527360128097763 0.0296875 0.034547716822512696
2 0.0296875 0.4514812076491306 0.00625 0.004723861436318444
2 0.046875 0.4507999515990064 0.0078125 0.007857951795398143
2 0.22734375 0.4424748880727022 0.0125 0.023510222872637064
2 0.240625 0.48005215612487895 0.01875 0.021984084308955508
3 0.2359375 0.4503373850476401 0.0125 0.020385222872636888
3 0.2375 0.49019022540671975 0.0078125 0.007857951795398143
4 0.03203125 0.47336984318774994 0.0140625 0.02976931323171659
4 0.0484375 0.470340291958086 0.0140625 0.026644313231716586
4 0.246875 0.5113385175611974 0.0265625 0.039217036104353654
4 0.2609375 0.45126408079291397 0.0453125 0.06120112041330898
5 0.26171875 0.5028311259724537 0.0828125 0.17548178903121964
5 0.24609375 0.5293027223816577 0.0453125 0.1237011204133088
5 0.04765625 0.46642949677854617 0.0203125 0.04230567466803503
5 0.03203125 0.46946359318774994 0.01875 0.04385908430895533
0 0.94609375 0.53359375 0.1078125 0.1640625
7 0.86953125 0.6721623880727022 0.2125 0.28248628883482796
5 0.86875 0.725 0.2625 0.55