8 0.13290951141287738 0.10314953528804756 0.18390334308955403 0.189627216024817
8 0.50546875 0.24921875 0.2890625 0.3703125
8 0.325 0.234375 0.65 0.46875
3 0.1929521319243821 0.08291830394654794 0.007876132513557366 0.011028406667727175
2 0.19052202351312575 0.06810182594686606 0.01259090359079611 0.015770450668363623
4 0.18838735177195698 0.10406659794718429 0.01739657825883114 0.03613749466899989
5 0.1938242855151783 0.09853421327977516 0.034847698672140125 0.08164998933799979
8 0.80859375 0.17421875 0.3171875 0.3484375
0 0.8539765112164857 0.08574276460059398 0.04243293969514959 0.042678396005727134
0 0.8930071949597069 0.07981948126195784 0.029887487899751618 0.034720445337363515
0 0.9311384540348933 0.05359278859009446 0.04244203005422946 0.044240896005727136
3 0.9414992371141846 0.08863085992204897 0.01258181323171641 0.014207950668363622
3 0.8861532069617596 0.11037004726291233 0.01729658430895533 0.01894999466899989
3 0.8589049057320957 0.12709447059995754 0.01886817466803521 0.020530676002545434
7 0.8209463634794218 0.183008663271821 0.07427381303532492 0.14460452267663584
7 0.879440119529546 0.1651393632638669 0.050663596212812224 0.11464430267345413
7 0.9262742129136878 0.1575626732575035 0.06946813836728971 0.12423747867599957
7 0.99375 0.21328125 0.0125 0.0765625
5 0.984375 0.23359375 0.03125 0.3359375
5 0.9251162338927308 0.22711210459104886 0.10074645120622279 0.39802042401336307
5 0.8736082760472085 0.23708708859804856 0.0708316922292326 0.35861247867599955
5 0.8236855440993853 0.25095014127150284 0.11000327653818794 0.37781701201463563
6 0.30625 0.59453125 0.178125 0.2515625
4 0.490625 0.97890625 0.196875 0.0421875
3 0.5091417759490127 0.9118774559198218 0.07072156615858276 0.07113066000954511
2 0.5214730834251926 0.7484416645846856 0.10839428298109546 0.10125451201463562
5 0.4171875 0.834375 0.465625 0.33125
4 0.8982986829576545 0.7076824939529113 0.12309310811666876 0.21079314401654478
4 0.96484375 0.87421875 0.0703125 0.2515625
5 0.7101532674630016 0.5989267539783646 0.04884656615858276 0.07087612133990877
5 0.8078125 0.78203125 0.315625 0.4359375
0 0.9622339179305397 0.685062059277548 0.028497704722264317 0.06438976400381798
0 0.98125 0.734375 0.0375 0.0375
5 0.8171875 0.52578125 0.334375 0.1140625
5 0.9686475443939729 0.7131143339433662 0.03506586729005114 0.11914998933799978
5 0.98671875 0.7375 0.0265625 0.05625
5 0.96171875 0.79140625 0.0765625 0.4171875