8 0.0796875 0.40703125 0.159375 0.4640625
8 0.0796875 0.184375 0.159375 0.340625
9 0.2282324459739103 0.17613979830279777 0.05054544000636332 0.04716589149054773
9 0.251842668642592 0.16115969291660354 0.060138616008908664 0.06597043364502549
9 0.2808216439767738 0.15474152127363058 0.060174978675999566 0.06909543364502549
9 0.3159506219764556 0.15688073819433918 0.030214758672817865 0.04548521682251274
9 0.3301222099777283 0.14742392496262263 0.058539753341817755 0.06283634328594587
9 0.49090462130013784 0.22695182279788217 0.04262385200509069 0.03774543969514967
9 0.6178211099618199 0.2629297085328933 0.06142839600572714 0.042542024004105096
9 0.6142421239656379 0.23482743443059237 0.039426126670908876 0.031477258976990455
9 0.593665994629229 0.25760185909862743 0.04736589600572714 0.042460210772388506
9 0.7082733872931382 0.27724621770627556 0.05367044000636341 0.04718407220870695
6 0.9566557959500479 0.3476713054330765 0.01891363200190881 0.014171584308955421
9 0.857237598623502 0.29825308841417203 0.05526930267345413 0.05031816256778665
8 0.3585359219446389 0.3909921177810302 0.10158177601845368 0.13651928298109545
8 0.771875 0.5453125 0.325 0.1875
8 0.39314946865054623 0.10174781059943791 0.025381808004454377 0.032957945745273866
9 0.4475642486473645 0.1248671480316513 0.025254538669636162 0.022020445745273863
9 0.46711367998090997 0.12319101854315609 0.022147720003181704 0.023564765027114642
9 0.5070483366486372 0.11514671438662583 0.009611357336090798 0.02036704215447771
9 0.49137788331477356 0.119143867977422 0.029960220003181704 0.023610216822512742
8 0.05859375 0.77890625 0.1171875 0.2796875
0 0.4546875 0.72421875 0.296875 0.1703125
3 0.47630358259073075 0.9050126694034777 0.09876585868872638 0.16306360226293642
7 0.625 0.8859375 0.45 0.228125
5 0.575 0.81953125 0.55625 0.3609375