8 0.39296875 0.1515625 0.1734375 0.140625
8 0.18496236992232956 0.14580077498606375 0.23253174063022614 0.2216578731437834
8 0.23984375 0.1796875 0.4796875 0.359375
2 0.19102147238165762 0.11295191354974525 0.01416249394987581 0.01726931323171659
3 0.18565271633153344 0.13017122980652393 0.012581813231716588 0.014135222872636887
5 0.17249418617910822 0.15134224785870068 0.0537431444174139 0.10655907220870695
4 0.17800838797450638 0.15912293160192198 0.022120439695149586 0.04231476502711473
8 0.7703125 0.1796875 0.41875 0.359375
2 0.7564106439264346 0.05956888007767045 0.01885908430895533 0.01885908430895533
3 0.7518640444921687 0.08381490115490928 0.009438632513557366 0.010992042154477666
4 0.7457594902374426 0.10885126259122772 0.04561248184962743 0.05182612041330899
5 0.7552117582896194 0.12207797043674998 0.10086358411256376 0.14901928298109546
5 0.89140625 0.01015625 0.0421875 0.0203125
8 0.7609375 0.6796875 0.478125 0.640625
8 0.61171875 0.8203125 0.2640625 0.359375
8 0.5 0.403125 0.040625 0.0875
8 0.5652437257995031 0.40619896126336785 0.12069429508134402 0.06632495764913053
8 0.9483834787263694 0.4602218232888616 0.042360216822512696 0.029932939695149586
9 0.9007408642649889 0.46284282924078984 0.040797716822512695 0.029923849336070063
7 0.6050486527070333 0.9364540878249968 0.031486349336070064 0.04080680718159222
5 0.6073878575274936 0.9356592022863774 0.03778180113146821 0.04865566861791102