8 0.284375 0.34453125 0.56875 0.6890625
2 0.3897675237095175 0.10384015583029135 0.03460225897699054 0.03926248789975162
4 0.3900720507386847 0.15618390583029135 0.06116475897699036 0.03941702400410509
5 0.38679251463433123 0.12960322511213213 0.08647383118569749 0.09268746974937896
0 0.6328125 0.02265625 0.05625 0.0453125
0 0.7712765989432866 0.08352817671113848 0.022111349336070063 0.04075226502711464
0 0.6166168909013725 0.22168618598271655 0.02051248789975162 0.03449317466803503
4 0.6339725625443455 0.2506924299325923 0.02374657220870695 0.053261355386194253
4 0.6802157825883122 0.1423713907049809 0.08855448165323558 0.18175906010845858
4 0.7910987404338343 0.1336418061996337 0.018995439695149764 0.04229658430895542
5 0.6260918848512483 0.23892822813719422 0.041052246876741985 0.07367384933607006
3 0.6492334273003136 0.05391287870292834 0.02518180718159222 0.031395445745273955
3 0.8186419574527388 0.033805432663066834 0.03617384933607006 0.04083407825883123
5 0.6828125 0.27421875 0.16875 0.5484375
5 0.7816555627407371 0.121868514045156 0.03974427693097118 0.11741475897699045
5 0.8578125 0.28515625 0.196875 0.5703125
7 0.8536987343837101 0.1511929205628184 0.1437237706844555 0.2648897226762452
8 0.284375 0.8125 0.56875 0.246875
7 0.1875 0.7578125 0.3375 0.1375
7 0.16953125 0.753125 0.3390625 0.128125
5 0.04140625 0.78125 0.0828125 0.184375
5 0.23515625 0.84453125 0.4640625 0.3109375