8 0.44140625 0.29453125 0.2546875 0.3484375
8 0.5046875 0.6921875 0.128125 0.34375
5 0.5640625 0.734375 0.009375 0.0375
7 0.56328125 0.73984375 0.0109375 0.0234375
8 0.0921875 0.8609375 0.1375 0.278125
8 0.0203125 0.6421875 0.040625 0.246875
8 0.13828125 0.57578125 0.2109375 0.2140625
0 0.04175859663431965 0.58203125 0.007921588001272717 0.009375
7 0.0399779206317743 0.60078125 0.012790901336727067 0.025
5 0.03989610463081981 0.6078125 0.021021572008272392 0.0609375
5 0.91328125 0.734375 0.1734375 0.53125