8 0.46015625 0.21953125 0.2796875 0.4390625
8 0.78359375 0.21953125 0.3671875 0.4390625
7 0.6046875 0.33984375 0.009375 0.0203125
5 0.6046875 0.3328125 0.009375 0.03125
9 0.8421875 0.3953125 0.315625 0.0875
9 0.890625 0.28046875 0.21875 0.3171875
9 0.29765625 0.5685623800524976 0.178125 0.18957267202418074
0 0.5921875 0.5125 0.015625 0.04375
4 0.590625 0.5421875 0.01875 0.05
5 0.58828125 0.56484375 0.0234375 0.1578125
1 0.9140625 0.7859375 0.171875 0.365625
2 0.9109375 0.48828125 0.178125 0.0984375
5 0.8046875 0.71953125 0.390625 0.5609375