8 0.23984375 0.234375 0.4796875 0.46875
7 0.11019104879377713 0.3564510296614459 0.04403180113146821 0.048692030054229285
5 0.11022741023009557 0.35020102966144584 0.07696247579950315 0.0691954275949012
7 0.3576791271508042 0.3867981015755653 0.056586343285945875 0.05813975292686635
5 0.3569796903825207 0.37273105639602544 0.05832156010845857 0.08783634328594588
3 0.28984375 0.52578125 0.1640625 0.1140625
4 0.22616498585664813 0.7314606409013726 0.43546688485124835 0.45876802946505413
5 0.23984375 0.734375 0.4796875 0.53125
4 0.6616990066392994 0.6839043848512484 0.10255334913967822 0.17090337334017516
4 0.7421875 0.89765625 0.128125 0.2046875
3 0.652692166182024 0.6205685926967707 0.029951120413308985 0.0454852168225127
3 0.7276007417103807 0.7710094751121321 0.018986349336070064 0.04073408430895533
2 0.761639919305282 0.6946424178323439 0.0803056444174139 0.10671360831306043
2 0.6609046419815271 0.5518640444921687 0.050354524004105096 0.06122839149054773
5 0.6519331211988758 0.7510373426967707 0.1354941559284873 0.46171018052176754
5 0.73046875 0.8171875 0.1921875 0.365625
8 0.69375 0.734375 0.428125 0.53125