8 0.396875 0.13984375 0.184375 0.2796875
8 0.2640625 0.15703125 0.45 0.2453125
4 0.87890625 0.1546875 0.1578125 0.25
4 0.64921875 0.14921875 0.1546875 0.2609375
5 0.67265625 0.13984375 0.2296875 0.2796875
5 0.8796875 0.13984375 0.240625 0.2796875
1 0.805142538834828 0.05213192795195676 0.0660704275949012 0.07732611600890867
1 0.6140625 0.01640625 0.05 0.0328125
1 0.36484375 0.71171875 0.2484375 0.5046875
1 0.08671875 0.72421875 0.1734375 0.2515625
7 0.621875 0.63984375 0.265625 0.7203125
5 0.69296875 0.63984375 0.4078125 0.7203125