8 0.225 0.165625 0.45 0.146875
8 0.725 0.11953125 0.55 0.2390625
4 0.8328125 0.21875 0.040625 0.040625
2 0.83271146428843 0.17679676581268158 0.018895445745273777 0.02510908430895542
5 0.83125 0.2 0.05 0.078125
8 0.13396034690018316 0.4700200458669109 0.11806926483072289 0.15224427693097126
8 0.0953125 0.88359375 0.190625 0.2328125
8 0.14921875 0.909375 0.2984375 0.18125
1 0.5636927778147341 0.49292680162244745 0.12577268052176754 0.1335397287263694
1 0.89609375 0.29453125 0.1546875 0.1109375
3 0.6407512232654204 0.272954669207086 0.04714771077238851 0.04714771077238851
3 0.7447791513513009 0.5199973199692118 0.08172269867214013 0.08172269867214013
2 0.7375 0.3140625 0.19375 0.15
2 0.5703125 0.30703125 0.1375 0.1359375
4 0.821875 0.75625 0.33125 0.4875
4 0.9046875 0.61953125 0.190625 0.7609375
4 0.59140625 0.76640625 0.2828125 0.4671875
5 0.47890625 0.61953125 0.0578125 0.7609375
5 0.61015625 0.28515625 0.1171875 0.0921875
5 0.60859375 0.61953125 0.3171875 0.7609375
5 0.76015625 0.61953125 0.4796875 0.7609375
5 0.89140625 0.61953125 0.2171875 0.7609375