8 0.21953125 0.234375 0.4390625 0.46875
8 0.11015625 0.28515625 0.2203125 0.3671875
1 0.834375 0.340625 0.33125 0.25625
2 0.809375 0.0984375 0.38125 0.196875
5 0.71953125 0.234375 0.5609375 0.46875
8 0.36015625 0.703125 0.1578125 0.46875
8 0.26796875 0.58046875 0.2484375 0.2234375
8 0.12265625 0.5015625 0.0921875 0.065625
8 0.8734375 0.62578125 0.253125 0.3140625
8 0.584375 0.5 0.153125 0.0625
8 0.7703125 0.81328125 0.459375 0.3734375
5 0.69921875 0.771290234481906 0.0453125 0.058076120413308986
4 0.70703125 0.7791481862773042 0.0265625 0.025154536104353652