8 0.31953125 0.16484375 0.6390625 0.3296875
2 0.6622035215682182 0.04296875 0.03772725897699036 0.0390625
2 0.67109375 0.1546875 0.0640625 0.1
2 0.7466557896203949 0.0296875 0.034556807181592396 0.03125
2 0.86875 0.02109375 0.18125 0.0421875
2 0.9396512898167867 0.159375 0.03618293969514959 0.0421875
2 0.9155688952029809 0.1359375 0.040997704722264314 0.0640625
2 0.9686075367917246 0.15078125 0.04083407825883114 0.0359375
1 0.958228572994274 0.1890625 0.020448855386194252 0.0234375
1 0.7416773981298471 0.0796875 0.031495439695149584 0.0421875
1 0.7882433259211401 0.1328125 0.12605448165323557 0.18125
1 0.65078125 0.0859375 0.0234375 0.028125
1 0.65859375 0.2484375 0.0390625 0.09375
4 0.81015625 0.24140625 0.3421875 0.1765625
4 0.7139200367917246 0.15078125 0.0473204275949012 0.0765625
4 0.98359375 0.221875 0.0328125 0.04375
8 0.30859375 0.628125 0.6171875 0.596875
8 0.31953125 0.66484375 0.6390625 0.6703125
5 0.47265625 0.78046875 0.3328125 0.4390625
8 0.76796875 0.70703125 0.2578125 0.5859375
8 0.8296875 0.89609375 0.325 0.2078125