8 0.109375 0.27734375 0.21875 0.0640625
8 0.11171875 0.19921875 0.2140625 0.2203125
9 0.2951104285768599 0.02807149960721649 0.032985216822512695 0.0298783975406721
9 0.3609375 0.0078125 0.03125 0.015625
9 0.335022356269957 0.01658455376374679 0.026698855386194254 0.023592036104353474
9 0.5796875 0.0046875 0.03125 0.009375
3 0.6403320249860638 0.04570546896381202 0.007876132513557366 0.010982951795397966
0 0.6404411092950191 0.026955468963812023 0.01893180718159222 0.03135908430895533
5 0.6352127329297819 0.1198969478865732 0.041888559912066727 0.21742384933607006
4 0.503125 0.021875 0.025 0.04375
5 0.503125 0.0765625 0.04375 0.153125
6 0.1462330879231927 0.4880015323919203 0.025336343285945872 0.05795794574527378
6 0.026125121002484077 0.4521453247427898 0.007967036104353476 0.026607951795398144
6 0.06450181977282003 0.43596178854024037 0.007939765027114732 0.021920451795398144
9 0.109375 0.7734375 0.21875 0.453125
8 0.73515625 0.6546875 0.5296875 0.690625
8 0.3828125 0.790625 0.328125 0.41875