0 0.19891176131468152 0.8640625 0.09246930113146803 0.0484375
0 0.015625 0.85625 0.03125 0.053125
0 0.12893105942108757 0.92109375 0.03773634933607006 0.040625
3 0.14240320696175948 0.95390625 0.023573855386194255 0.0234375
3 0.20142822813719424 0.89375 0.05016362646343318 0.028125
7 0.259375 0.9703125 0.159375 0.059375
4 0.159375 0.98359375 0.065625 0.0328125
5 0.20390625 0.915625 0.2703125 0.16875
5 0.16015625 0.9484375 0.0953125 0.103125
5 0.04921875 0.91484375 0.0984375 0.1703125
0 0.5612844962875668 0.84375 0.1718305899662962 0.2609375
3 0.5381106167008758 0.8890625 0.07428290339440444 0.1453125
4 0.4328125 0.9203125 0.1875 0.159375
5 0.59453125 0.778125 0.5109375 0.44375