8 0.31484375 0.26953125 0.6296875 0.5390625
5 0.2666351586966805 0.17578125 0.07487382535009016 0.1234375
5 0.81484375 0.26953125 0.3703125 0.5390625
4 0.7984375 0.328125 0.3375 0.421875
8 0.20210322807922365 0.74765625 0.24996582670272555 0.265625
4 0.4031475600731785 0.703125 0.022274989337999783 0.034375
2 0.40753506806967865 0.67734375 0.006359088001272717 0.009375
5 0.39072028540736026 0.709375 0.04002611067790873 0.0828125
8 0.371875 0.71171875 0.5125 0.3453125
7 0.7337152127227702 0.69765625 0.15939537070336202 0.2703125
7 0.93515625 0.8109375 0.1296875 0.2625
3 0.8941169107256336 0.71875 0.03517497867599957 0.06875
3 0.714246502705271 0.56875 0.03964430267345413 0.05
0 0.8957879513844522 0.6609375 0.07625451201463562 0.1078125
5 0.8796875 0.80234375 0.240625 0.3953125
5 0.759375 0.76953125 0.259375 0.4609375