8 0.2296875 0.24453125 0.459375 0.4890625
5 0.940625 0.24453125 0.11875 0.4890625
5 0.7875 0.24453125 0.425 0.4890625
5 0.6046875 0.24453125 0.290625 0.4890625
3 0.58359375 0.17506253998250082 0.08125 0.1118829293443631
2 0.5421875 0.02421875 0.109375 0.0484375
2 0.81328125 0.09660863395132042 0.178125 0.1880101720241807
4 0.5875 0.353125 0.25625 0.271875
1 0.85703125 0.3703125 0.1734375 0.2375
5 0.2296875 0.74453125 0.459375 0.5109375
4 0.203125 0.85859375 0.40625 0.2828125
1 0.16953125 0.6287115146005939 0.221875 0.26664424936345305
5 0.759375 0.74453125 0.48125 0.5109375