8 0.2546875 0.2296875 0.509375 0.459375
8 0.6828125 0.22265625 0.346875 0.4453125
2 0.5953125 0.13046875 0.0203125 0.01875
3 0.6015625 0.15703125 0.009375 0.0125
4 0.60546875 0.18359375 0.046875 0.0546875
5 0.6203125 0.19296875 0.103125 0.1578125
5 0.6953125 0.0203125 0.04375 0.040625
1 0.246875 0.6671875 0.10625 0.1828125
2 0.278125 0.5046875 0.2 0.090625
4 0.3625 0.8640625 0.29375 0.271875
5 0.2546875 0.7296875 0.509375 0.540625
3 0.65078125 0.7 0.2828125 0.353125
7 0.7546875 0.83515625 0.490625 0.3296875
5 0.7546875 0.7296875 0.490625 0.540625