8 0.275 0.16953125 0.55 0.3390625
4 0.6993061501729507 0.2663541695016736 0.22862496974937904 0.08726469242562418
3 0.5688783067888089 0.2741444644848217 0.0361193071815924 0.03145907825883114
5 0.690625 0.278125 0.28125 0.121875
4 0.08828125 0.4796875 0.1765625 0.28125
4 0.17890625 0.35703125 0.0953125 0.0359375
0 0.50859375 0.36953125 0.0828125 0.0609375
3 0.5421875 0.40625 0.015625 0.034375
5 0.49765625 0.6625 0.1046875 0.646875
5 0.18203125 0.66953125 0.3640625 0.6609375
8 0.775 0.66953125 0.45 0.6609375
8 0.69765625 0.60234375 0.2953125 0.5265625
4 0.959375 0.4671875 0.08125 0.1
2 0.9552112374087722 0.3727167572284745 0.02666249394987581 0.017342036104353475
3 0.9570191771039219 0.4148951668693949 0.02200226502711473 0.02200226502711473
5 0.94609375 0.49375 0.1078125 0.26875