8 0.1984375 0.16953125 0.396875 0.3390625
8 0.2 0.24453125 0.4 0.4890625
8 0.4930712056060271 0.4687166211006799 0.0595568071815924 0.03159543364502539
8 0.24307575078556692 0.7083512928418487 0.1545521863754999 0.2462033551898027
8 0.2469178473911625 0.8536365217646098 0.19646697560311138 0.19957379488495236
5 0.2826604255517978 0.7526507386853185 0.01728749394987581 0.01728749394987581
7 0.28184735929501914 0.7581240338648583 0.014117042154477843 0.009456813231716588
3 0.6021103832009284 0.7333199974659171 0.05014544574527395 0.025290891490547907
0 0.5616217385871226 0.7101188468019872 0.09249657220870695 0.05366133118569749
5 0.884375 0.64765625 0.23125 0.3171875
5 0.64921875 0.8390625 0.3484375 0.321875
4 0.575129726683266 0.8053495335702706 0.14443177693097126 0.11802381303532491