8 0.096875 0.2875 0.19375 0.184375
8 0.234375 0.18984375 0.46875 0.3796875
1 0.7984375 0.1265625 0.403125 0.253125
4 0.734375 0.28984375 0.53125 0.1796875
5 0.734375 0.18984375 0.53125 0.3796875
0 0.0671875 0.7890625 0.134375 0.078125
0 0.08025668920417033 0.6026912671684139 0.12083974082661797 0.09132495764913048
0 0.2937015656676035 0.6320571011827818 0.06580680718159222 0.03163179508134384
3 0.07260327048806366 0.6299895653730159 0.0439227168225127 0.029942030054229286
3 0.027005465938749928 0.8492481046006274 0.0298783975406721 0.032985216822512695
4 0.30894074628756696 0.7001122095940382 0.06604315651766228 0.07225679508134383
4 0.15749187577606208 0.7187616947633153 0.20580561416679294 0.19337833703942983
4 0.1046875 0.92578125 0.209375 0.1484375
5 0.2986890475172309 0.6836468722600206 0.08201359016268768 0.13172269867214012
5 0.1325827793668582 0.7342412490180413 0.23959987294739166 0.36231923458010196
5 0.1140625 0.87734375 0.228125 0.2453125