8 0.278125 0.18515625 0.34375 0.3703125
8 0.3796875 0.209375 0.140625 0.41875
8 0.678125 0.215625 0.45625 0.40625
8 0.796875 0.29140625 0.40625 0.2546875
7 0.6838055720480433 0.13274730484390132 0.03170453333863606 0.0392443071815924
5 0.6829970500477252 0.13040810002344108 0.03493862133990877 0.04863748789975162
8 0.2296875 0.7875 0.3625 0.425
4 0.29540669072245196 0.6844183682720096 0.015897720003181702 0.023528403590796287
2 0.29438908338636127 0.6641104134515494 0.007903406667727353 0.007857951795398143
5 0.29377146538827026 0.6781774586310891 0.02856135200509069 0.03766362646343317
8 0.578125 0.77578125 0.25625 0.1703125