8 0.1171875 0.16110008470173884 0.1578125 0.11810562626704132
8 0.2859375 0.2015625 0.128125 0.19375
8 0.175 0.325 0.35 0.65
2 0.3265625 0.1700382265850701 0.0125 0.015697722872636887
3 0.32734375 0.18800243140553033 0.0109375 0.012563632513557365
5 0.3328125 0.2109375 0.034375 0.103125
4 0.328125 0.21846663622599047 0.0140625 0.042269313231716586
5 0.5734375 0.2871348229942739 0.0234375 0.08607385538619425
7 0.5703125 0.2809030037124332 0.0109375 0.031313632513557364
8 0.64296875 0.325 0.4796875 0.65
9 0.075 0.88515625 0.15 0.1953125
7 0.86171875 0.71171875 0.1265625 0.1234375
7 0.57890625 0.7140625 0.1515625 0.128125
5 0.48046875 0.675 0.0796875 0.05
5 0.52890625 0.6765625 0.0546875 0.053125
5 0.56953125 0.825 0.1890625 0.35
5 0.87265625 0.80390625 0.1734375 0.3078125