8 0.36796875 0.2 0.2421875 0.4
8 0.34140625 0.4109375 0.2953125 0.371875
9 0.8609375 0.153125 0.278125 0.2875
9 0.63359375 0.14609375 0.2890625 0.2921875
9 0.5703125 0.38125 0.1625 0.55625
8 0.24453125 0.8296875 0.4890625 0.340625
9 0.67890625 0.82265625 0.0984375 0.146875
9 0.528125 0.78359375 0.078125 0.0953125
7 0.60390625 0.775 0.1265625 0.23125
7 0.8140625 0.765625 0.08125 0.16875
3 0.83671875 0.665625 0.0109375 0.0125
5 0.60546875 0.8296875 0.2328125 0.340625
5 0.796875 0.8296875 0.153125 0.340625