8 0.25546875 0.33046875 0.3078125 0.4390625
8 0.2046875 0.275 0.409375 0.55
8 0.7796875 0.275 0.440625 0.55
7 0.8727774985678227 0.38928663369190775 0.022202264003817973 0.028252265027114733
2 0.8738860125716407 0.3611570885123679 0.011046588001272539 0.009438632513557366
2 0.7689156072167781 0.5203508022116227 0.012627269334818081 0.011010222872636888
2 0.6967138905554142 0.4817110039088249 0.01268181333545435 0.015697722872636887
3 0.6973224178867324 0.4965502087292851 0.009447725334181811 0.0063045421544778435
3 0.7679252718810055 0.5383240973911626 0.009465906667727352 0.007867042154477843
5 0.8625939765675046 0.3916894710259252 0.04462270401018138 0.07525453005422929
5 0.76875 0.53125 0.059375 0.0375
7 0.6953125 0.52421875 0.03125 0.0515625
7 0.7765625 0.54140625 0.0375 0.0171875
0 0.9140625 0.546875 0.0125 0.00625
5 0.68984375 0.5109375 0.0484375 0.078125
4 0.16484375 0.94375 0.3296875 0.1125
5 0.2046875 0.775 0.409375 0.45
1 0.12525125461491146 0.8380978801758662 0.21397378270208928 0.26216469847574836
2 0.1703125 0.60078125 0.25625 0.1015625
0 0.89296875 0.56796875 0.2140625 0.0359375
2 0.51796875 0.58125 0.1859375 0.0625
9 0.7046875 0.775 0.590625 0.45
3 0.9164302379455933 0.6331224712223169 0.16346361067790838 0.08375789734428025
3 0.5118785506047301 0.6909410790443982 0.1257454346753633 0.0647897287263696
4 0.56015625 0.85078125 0.3015625 0.2984375
4 0.90078125 0.82890625 0.1984375 0.3421875
5 0.8609375 0.775 0.278125 0.45
5 0.59765625 0.775 0.3765625 0.45