8 0.353125 0.33828125 0.371875 0.4234375
8 0.26953125 0.44296875 0.5390625 0.2140625
8 0.76953125 0.275 0.4609375 0.55
7 0.6265663313971789 0.240625 0.04431362133990877 0.0484375
5 0.6249401967297699 0.23515625 0.07736247867599957 0.06875
7 0.8597237293920882 0.203125 0.05692270934118149 0.0578125
5 0.8556629380569518 0.18984375 0.06193747334499946 0.0859375
8 0.37109375 0.62421875 0.1953125 0.1484375
8 0.17762030140036061 0.7 0.31695333203372583 0.2484375
8 0.05234375 0.58671875 0.1046875 0.0734375
7 0.1121492953930427 0.64609375 0.015915901336727066 0.025
5 0.11290327339272457 0.64375 0.02067612667090888 0.03125
0 0.11514702605822454 0.63515625 0.006359088001272539 0.009375
0 0.04331912141945064 0.840625 0.01268181333545435 0.015625
3 0.04422764075426873 0.8515625 0.00792158800127254 0.009375
7 0.041211728755541355 0.8609375 0.02374658267027261 0.0265625
5 0.03954923142104141 0.85234375 0.028579533338636054 0.0390625
9 0.021875 0.92578125 0.04375 0.1390625
9 0.08125 0.92734375 0.1625 0.1453125
9 0.12168047875554136 0.8609375 0.09284202800763594 0.05625
9 0.18671875 0.9140625 0.1671875 0.171875
9 0.29801625942867743 0.90859375 0.14698518268618094 0.14375
9 0.3566912780871778 0.8484375 0.18968176002545328 0.1875
9 0.475 0.8953125 0.128125 0.15
8 0.4609375 0.821875 0.15625 0.2125
8 0.10390625 0.809375 0.2078125 0.159375
0 0.20912374538508854 0.5875 0.006340906667727175 0.0078125
0 0.1989765860518613 0.58828125 0.007903406667727353 0.0078125
0 0.21610954205122485 0.58359375 0.007903406667727353 0.0078125
0 0.23501408338636126 0.596875 0.00792158800127254 0.009375
7 0.23591351205440655 0.60703125 0.014207950668363622 0.0125
7 0.2194163553866794 0.59921875 0.01587953866963616 0.021875
7 0.21079533338636125 0.596875 0.004796588001272539 0.009375
7 0.20063908338636124 0.596875 0.00950226933481808 0.0109375
5 0.20138397071927033 0.59375 0.012718176002545434 0.01875
5 0.2099595393857248 0.5921875 0.009593176002545434 0.01875
5 0.2193709020528157 0.5953125 0.01756930800445424 0.0328125
5 0.23587714938731566 0.60390625 0.015915901336727246 0.025
4 0.653125 0.66015625 0.228125 0.2203125
4 0.91953125 0.66015625 0.1609375 0.2203125
4 0.6078125 0.71796875 0.1375 0.3359375
5 0.66484375 0.775 0.2515625 0.45
5 0.72734375 0.775 0.3765625 0.45
5 0.771875 0.70390625 0.2375 0.3078125
5 0.8796875 0.775 0.240625 0.45
5 0.9375 0.775 0.125 0.45