8 0.08984375 0.11015625 0.1796875 0.2203125
8 0.1109375 0.29921875 0.221875 0.4203125
4 0.04391921340466718 0.02552233259073078 0.015761355386194255 0.023619313335454438
5 0.04311069232742835 0.020843923257503505 0.0220658975406721 0.03306703866963616
9 0.91875 0.33125 0.1625 0.35625
3 0.9074883723582164 0.38529458521645993 0.011028403590795932 0.015752269334818082
0 0.9159321314334028 0.3594133378819599 0.033048849336070066 0.04100680800445424
5 0.9036821163080923 0.4025275385503235 0.05859427088084708 0.1350477093411815
5 0.49296875 0.10625 0.0484375 0.2125
5 0.6082640354169824 0.11922687925686715 0.11693401170746505 0.22634541868236296
4 0.47421875 0.06015625 0.0109375 0.0453125
4 0.6267822312604523 0.0791649532543218 0.042551114363184796 0.06299089600572697
3 0.4733981560266831 0.03641547394177538 0.0063136325135573655 0.011010225334181811
3 0.6258100837197802 0.046361543921094574 0.006295451795398144 0.007885225334181812
0 0.6327277042312851 0.026748477920140033 0.023592036104353654 0.026835220003181705
0 0.47578125 0.01875 0.0140625 0.028125
8 0.234375 0.7546875 0.46875 0.490625
8 0.23125 0.678125 0.4625 0.3375
8 0.73359375 0.74609375 0.5296875 0.4734375