8 0.3359375 0.29453125 0.346875 0.5890625
8 0.75546875 0.30625 0.4890625 0.565625
4 0.28828125 0.93671875 0.1921875 0.1265625
0 0.3051836552753209 0.82890625 0.14460452267663593 0.0734375
3 0.36026150660409384 0.8625 0.04107953333863605 0.0390625
3 0.4890625 0.65390625 0.040625 0.0421875
2 0.4488534813017287 0.634375 0.07420111600890884 0.065625
5 0.453125 0.73828125 0.1125 0.2984375
5 0.340625 0.88203125 0.3375 0.2359375
1 0.63125 0.82734375 0.24375 0.3453125
4 0.7546875 0.925 0.490625 0.15
5 0.7546875 0.79453125 0.490625 0.4109375