8 0.16484375 0.25 0.3296875 0.5
2 0.08203125 0.11953125 0.0140625 0.015625
3 0.0734375 0.13828125 0.0078125 0.0109375
4 0.071875 0.1609375 0.0234375 0.0421875
5 0.06328125 0.159375 0.0546875 0.1046875
9 0.65546875 0.25 0.6515625 0.5
7 0.87578125 0.26484375 0.2484375 0.4140625
3 0.915625 0.06953125 0.0671875 0.0828125
5 0.78671875 0.25 0.4265625 0.5
8 0.16484375 0.75 0.3296875 0.5
3 0.68671875 0.571875 0.090625 0.084375
3 0.82421875 0.5671875 0.1203125 0.134375
4 0.64609375 0.77890625 0.3140625 0.4421875
4 0.85078125 0.7734375 0.2984375 0.453125
4 0.8984375 0.83046875 0.203125 0.3390625
5 0.76640625 0.80234375 0.4671875 0.3953125
5 0.67109375 0.75 0.6578125 0.5
5 0.67109375 0.75 0.4421875 0.5