8 0.54375 0.2265625 0.49375 0.365625
8 0.315625 0.315625 0.5375 0.1875
7 0.478125 0.15 0.028125 0.0375
5 0.4796875 0.146875 0.03125 0.0453125
5 0.9046875 0.2046875 0.190625 0.409375
7 0.8390625 0.2046875 0.059375 0.409375
8 0.9046875 0.728125 0.190625 0.54375
5 0.8828125 0.9578125 0.065625 0.084375
5 0.84140625 0.74140625 0.021875 0.0578125
7 0.84375 0.73359375 0.0078125 0.0203125
7 0.8640625 0.97265625 0.025 0.0546875
3 0.86015625 0.9359375 0.0109375 0.009375
2 0.859375 0.921875 0.0109375 0.0078125
0 0.846875 0.71875 0.009375 0.0109375