8 0.2796875 0.15 0.559375 0.3
2 0.9421875 0.190625 0.115625 0.084375
2 0.8668808894474443 0.08796100390882486 0.13964428298109546 0.100809041958086
3 0.5875 0.0171875 0.05625 0.034375
3 0.8459775161072691 0.1896416785768599 0.07371021077238851 0.047302246876741984
4 0.8078125 0.21328125 0.165625 0.1734375
5 0.81796875 0.203125 0.3640625 0.19375
5 0.790625 0.15 0.334375 0.3
5 0.65390625 0.15 0.1890625 0.3
5 0.846875 0.05390625 0.253125 0.1078125
0 0.1390625 0.36015625 0.0875 0.1203125
3 0.13888926229664014 0.4104683047457055 0.050472698672140125 0.08154089149054773
4 0.133397265518094 0.5487768258229443 0.15008285499341073 0.2836760841125637
5 0.13828125 0.65 0.2765625 0.7
8 0.9390625 0.675 0.121875 0.590625
8 0.79375 0.7515625 0.4125 0.496875