8 0.22734375 0.225 0.2453125 0.45
8 0.721875 0.225 0.55625 0.45
7 0.970961221395588 0.23262808841417204 0.04115225867281787 0.04554884933607006
5 0.9671875 0.2265625 0.065625 0.065625
7 0.7250129220639516 0.2465598199692119 0.053761346674090583 0.05499657220870695
5 0.7256305400620426 0.23249277478967195 0.05252611067790856 0.08311248184962743
8 0.175 0.7359375 0.35 0.528125
4 0.03328740404199806 0.645711434037809 0.02719884667409058 0.054842036104353474
5 0.040218656707498114 0.6370767774219506 0.05245338534372683 0.07686248184962743
0 0.57265625 0.5015625 0.2890625 0.103125
3 0.5625 0.615625 0.190625 0.33125
7 0.521875 0.8015625 0.34375 0.396875
5 0.5625 0.725 0.425 0.55