8 0.209375 0.3046875 0.41875 0.609375
8 0.709375 0.3046875 0.58125 0.609375
0 0.5233493300445434 0.8152557986955813 0.02705339600572696 0.04234203610435339
0 0.6125401940642698 0.9600592385871227 0.025418170671545327 0.03608294574527378
0 0.5201254273949517 0.94106431977282 0.02861589600572696 0.04235112646343318
7 0.609375 0.971875 0.040625 0.05625
7 0.5296822407304062 0.9566347776183424 0.06506247334499946 0.08631020472226432
7 0.5251936407144978 0.8394654583365015 0.05405224801081765 0.07999657220870696
7 0.440625 0.77890625 0.04375 0.1140625
5 0.4546875 0.8109375 0.071875 0.225
5 0.5365311300524975 0.8737768258229444 0.08632040268936265 0.16767837939029925
5 0.54609375 0.9546875 0.1015625 0.090625
5 0.61796875 0.9703125 0.0703125 0.059375