5 0.67265625 0.21953125 0.1265625 0.4390625
3 0.58046875 0.7796875 0.0578125 0.1375
3 0.015625 0.61171875 0.03125 0.0828125
0 0.04765625 0.50546875 0.0953125 0.1328125
0 0.5578125 0.60546875 0.103125 0.2640625
4 0.5296875 0.8953125 0.159375 0.209375
4 0.04140625 0.79921875 0.0828125 0.4015625
5 0.14140625 0.71953125 0.2828125 0.5609375
5 0.0671875 0.71953125 0.134375 0.5609375
5 0.4703125 0.728125 0.278125 0.54375
8 0.74765625 0.56796875 0.2765625 0.2578125
8 0.8046875 0.71953125 0.390625 0.5609375