8 0.23984375 0.11484375 0.4796875 0.2296875
8 0.3782655245862764 0.6134065742518104 0.1827965080362711 0.26823289129415606
8 0.13757688991886735 0.6174754089535494 0.2541078866963623 0.22021354781181834
8 0.13957628926641216 0.5127924541330892 0.11055678668045399 0.1021988251355733
5 0.4720224258832326 0.8819389265147468 0.01756930800445424 0.03291249394987581
2 0.5768779366247746 0.5026038669954633 0.014353401336727068 0.02508181323171659
2 0.5826461312858203 0.5440464784317818 0.020585220003181703 0.023555674668035032
3 0.5845722579567292 0.5128055687908615 0.014317038669636161 0.02195681323171659
3 0.5762779526177749 0.5541663669954634 0.007921588001272717 0.009420451795398143
4 0.58125 0.57734375 0.025 0.0421875
4 0.6095086232893202 0.5184197645361353 0.04920111600890866 0.06590680113146821
5 0.60546875 0.571875 0.0734375 0.1875
5 0.58515625 0.59609375 0.0328125 0.1328125