8 0.24296875 0.19140625 0.4859375 0.3828125
2 0.76796875 0.2421875 0.4640625 0.284375
5 0.7546875 0.24453125 0.490625 0.3109375
6 0.140625 0.7953125 0.28125 0.409375
4 0.24140625 0.9265625 0.1171875 0.146875
3 0.21442753425764174 0.7700893979153676 0.06135565651766228 0.0725840720082724
2 0.22015133519271818 0.5919098539147312 0.10208065046753827 0.09024428668045381
5 0.1828125 0.7671875 0.365625 0.465625
0 0.51484375 0.91640625 0.0109375 0.0265625
7 0.51484375 0.9375 0.0109375 0.05625
5 0.51875 0.95078125 0.01875 0.0984375
0 0.8842325367917245 0.46181327390995863 0.018940897540672096 0.03303067600254543
5 0.8826064042781672 0.47276895524350415 0.04262383723582168 0.07549089600572696
4 0.890518898228043 0.455490548575777 0.02210225897699054 0.039317038669636165