8 0.284375 0.25 0.56875 0.5
6 0.637752068398078 0.20485268910597448 0.033067030054229285 0.04394089754067192
9 0.78984375 0.25 0.4203125 0.5
7 0.6109375 0.21953125 0.084375 0.4390625
5 0.63046875 0.25 0.1234375 0.5
9 0.5328125 0.64921875 0.071875 0.2984375
0 0.457632255460949 0.8532316226528041 0.01884999394987581 0.01729658430895533
5 0.471875 0.9203125 0.065625 0.159375
7 0.1984375 0.990625 0.034375 0.01875
0 0.19030892095560187 0.9626101260706497 0.01887726502711464 0.02198408430895533
5 0.203125 0.97265625 0.0625 0.0546875
5 0.859375 0.75 0.28125 0.5
4 0.94921875 0.86328125 0.1015625 0.2734375
0 0.92890625 0.58203125 0.1421875 0.1640625
3 0.9658992734149299 0.707373701108027 0.051862481849627426 0.051862481849627426