6 0.21328125 0.225 0.3359375 0.45
2 0.06796875 0.034375 0.1359375 0.06875
3 0.03359375 0.228125 0.0671875 0.11875
4 0.06796875 0.35546875 0.1359375 0.1890625
5 0.190625 0.225 0.38125 0.45
8 0.734375 0.225 0.53125 0.45
4 0.6706013079671592 0.1828125 0.059774975799503235 0.06875
2 0.6935620849963264 0.13046875 0.028243174668035033 0.0203125
3 0.6895422055078313 0.15 0.02354658430895551 0.01875
5 0.6633746152469475 0.21640625 0.09497719847574845 0.2109375
8 0.12109375 0.82421875 0.2421875 0.3515625
8 0.778125 0.69375 0.44375 0.4875
8 0.56484375 0.79453125 0.1921875 0.4109375
9 0.8246211874556545 0.80703125 0.06903180113146803 0.0484375