6 0.165625 0.403125 0.29375 0.271875
2 0.03046875 0.38671875 0.0609375 0.1453125
5 0.15546875 0.38984375 0.3109375 0.2984375
4 0.7734375 0.1625 0.453125 0.325
1 0.94140625 0.1375 0.1171875 0.275
5 0.75 0.26953125 0.5 0.5390625
8 0.46015625 0.76796875 0.0796875 0.1546875
8 0.25 0.76953125 0.5 0.4609375
4 0.3007691771039219 0.83203125 0.026889752926866173 0.05625
2 0.3090447645361353 0.77734375 0.014153403590796287 0.015625
5 0.29910668315404615 0.81484375 0.041179511903856714 0.0953125
8 0.10982146935659554 0.7765625 0.14434087334017515 0.1015625
5 0.815499818496274 0.678125 0.09193401170746504 0.225
5 0.665625 0.65703125 0.1125 0.2359375
4 0.8339725625443455 0.63046875 0.03309430113146803 0.0484375
4 0.658059502337691 0.6078125 0.04100679508134384 0.065625
3 0.8298981409013726 0.6015625 0.0063136325135573655 0.0109375
3 0.6664578096174794 0.57421875 0.006295451795397966 0.0078125
0 0.6640625 0.55234375 0.025 0.0265625
0 0.835262351771957 0.58359375 0.023610216822512697 0.0296875