6 0.37734375 0.234375 0.2234375 0.46875
2 0.20078125 0.05390625 0.1421875 0.1078125
3 0.19466045580241884 0.2815242734149299 0.10060905405833438 0.10526928298109546
4 0.20546875 0.3984375 0.2453125 0.140625
5 0.24453125 0.234375 0.4890625 0.46875
9 0.7578125 0.234375 0.484375 0.46875
9 0.50546875 0.18671875 0.0328125 0.3734375
4 0.37700181977282005 0.7824469448615112 0.0713124394987581 0.17228406615858285
0 0.3227415666495621 0.7086912822937246 0.053815867290050966 0.11905907220870696
5 0.38984375 0.8234375 0.1984375 0.353125
1 0.74453125 0.61796875 0.5109375 0.2984375
4 0.74453125 0.89609375 0.5109375 0.2078125
5 0.74453125 0.734375 0.5109375 0.53125