8 0.14765625 0.72265625 0.2953125 0.4453125
0 0.1859375 0.6347092597625574 0.0453125 0.04557612041330898
0 0.2265625 0.6227541604264873 0.0328125 0.0376908975406721
0 0.2625 0.588951332167656 0.046875 0.04714771077238851
0 0.3734375 0.6054934166730032 0.0296875 0.034547716822512696
0 0.38984375 0.5671167179026673 0.0328125 0.0361283975406721
0 0.4453125 0.6355440101553408 0.034375 0.02832498789975162
3 0.278125 0.6240166785768599 0.0140625 0.015706813231716587
3 0.225 0.6547945007855669 0.01875 0.020421584308955333
3 0.1984375 0.6768240368899205 0.021875 0.02200226502711473
7 0.1671875 0.7418495940715127 0.0796875 0.1535886083130606
7 0.2265625 0.7141604104264874 0.0546875 0.12063066256778665
7 0.275 0.6974723592950192 0.075 0.13324883723582168
7 0.36640625 0.7453780732888615 0.0359375 0.08145907825883114
7 0.396875 0.6889508112868089 0.0703125 0.15665906615858277
7 0.45625 0.7268866276417836 0.0515625 0.14404998184962742
7 0.57734375 0.684375 0.0234375 0.15625
5 0.5671875 0.74609375 0.04375 0.4078125
5 0.4578125 0.7651587872827038 0.0734375 0.2941772468767422
5 0.41015625 0.7584047932346322 0.1203125 0.4303874576491305
5 0.3765625 0.765631485954844 0.090625 0.356777240826618
5 0.284375 0.7716365671405414 0.1125 0.42252950585373233
5 0.23203125 0.7906910941697086 0.0796875 0.3817136083130606
5 0.18125 0.80625 0.121875 0.3875
5 0.79453125 0.75 0.4109375 0.5