8 0.8546875 0.21484375 0.290625 0.4296875
8 0.60390625 0.89140625 0.1515625 0.2015625
6 0.35625 0.99296875 0.021875 0.0140625
6 0.6395867582896194 0.7555439978915051 0.006359084308955332 0.018822725334181813
7 0.5795486829576545 0.7765564792330046 0.009502265027114732 0.02198408800127254
0 0.5825827793668583 0.7608951165659137 0.004723861436318444 0.006304544000636269
5 0.5803526588553535 0.7804536385662318 0.015888620413308983 0.04549431333545435
0 0.26267882464459386 0.7005506992759571 0.006277271077238922 0.0047602253341818114
0 0.256451550542293 0.7045296746101389 0.006295451795397966 0.007885225334181812
7 0.26275154751723084 0.7130506992759572 0.007885222872636887 0.012590906667727175
7 0.25418506859446965 0.7178381966104571 0.011055674668035032 0.02043976933481808
5 0.25419415895354935 0.7194006966104571 0.01272725897699054 0.03920795066836362
5 0.2635737041330891 0.7200728586091845 0.015888620413308983 0.04549431333545435
5 0.76015625 0.71484375 0.1609375 0.5703125