0 0.234375 0.0609375 0.46875 0.121875
3 0.20546875 0.21875 0.4109375 0.31875
7 0.234375 0.334375 0.46875 0.190625
5 0.234375 0.21484375 0.46875 0.4296875
1 0.734375 0.24609375 0.53125 0.3359375
2 0.7359375 0.040625 0.528125 0.08125
4 0.734375 0.34140625 0.53125 0.1765625
5 0.734375 0.21484375 0.53125 0.4296875
7 0.1390625 0.6796875 0.278125 0.5
5 0.234375 0.71484375 0.46875 0.5703125
9 0.990625 0.48515625 0.01875 0.0671875
9 0.9765625 0.4765625 0.046875 0.071875
9 0.9519493611417309 0.47779576078131286 0.03151362041330898 0.04567612667090888
9 0.9386044786281736 0.4667037194461766 0.059738614363184436 0.06319089067472686
9 0.7788118429913583 0.5273401327577686 0.04241475897699054 0.03955339600572696
9 0.6555197887366322 0.5509038074076784 0.06276362041330899 0.04603975334181776
9 0.6608340026322785 0.5244049420750875 0.0392533975406721 0.03326703333863605
9 0.6781533128389331 0.5472611867440873 0.048692030054229285 0.04431362133990877
9 0.5680561501729506 0.5561356527291335 0.05340680113146803 0.04905566534054504
8 0.8899316710537978 0.6942469167727224 0.1070408612399266 0.13717383068109026
8 0.55546875 0.825 0.1734375 0.246875
9 0.828125 0.4375 0.025 0.015625
9 0.8109375 0.43671875 0.021875 0.0140625
9 0.78671875 0.434375 0.0296875 0.009375