0 0.25 0.06875 0.5 0.1375
3 0.25 0.253125 0.5 0.325
7 0.25 0.35234375 0.5 0.1328125
5 0.25 0.209375 0.5 0.41875
9 0.503125 0.1015625 0.00625 0.0375
9 0.51711984318775 0.10234375 0.0314408975406721 0.0328125
9 0.5546198431877499 0.10234375 0.03301248789975162 0.034375
9 0.5819772287263694 0.1046875 0.029878397540671918 0.0328125
9 0.607767569085449 0.10625 0.03144089754067192 0.0328125
9 0.6351158642649889 0.10703125 0.0314408975406721 0.0328125
9 0.6569908642649889 0.10703125 0.0298783975406721 0.0328125
9 0.6788704094445286 0.1078125 0.0298693071815924 0.03125
9 0.6968391594445287 0.1078125 0.029887487899751618 0.034375
9 0.7179465449831481 0.11015625 0.03457498789975162 0.034375
9 0.7421698401626878 0.1109375 0.03301248789975162 0.034375
9 0.8803647317514315 0.09609375 0.0361283975406721 0.0328125
9 0.8315636173882469 0.03359375 0.01572499394987581 0.0171875
9 0.8448766836450254 0.0390625 0.015734084308955686 0.01875
9 0.8527028191836449 0.04140625 0.01885908430895533 0.01875
9 0.862100545081344 0.0453125 0.01884999394987581 0.0171875
9 0.870717020979043 0.04921875 0.015734084308955332 0.01875
9 0.8848113372358217 0.0546875 0.02512726502711473 0.021875
9 0.9521488281606352 0.08046875 0.053415891490547554 0.05
9 0.9765625 0.09140625 0.046875 0.0546875
9 0.98671875 0.1 0.0265625 0.05
8 0.54921875 0.37734375 0.0984375 0.0828125
8 0.71328125 0.21171875 0.4265625 0.4140625
8 0.25 0.709375 0.5 0.58125
7 0.66640625 0.459375 0.1453125 0.08125
5 0.65 0.6140625 0.196875 0.390625