5 0.07734375 0.29453125 0.1546875 0.5890625
0 0.6332659761922866 0.18016720550783125 0.07254768657189174 0.11604315651766237
0 0.7447307170189046 0.08889679001317838 0.08183178298109546 0.10047269867214012
3 0.7488909761922866 0.17949451893593954 0.02678066861791084 0.03765453610435352
3 0.630485888956465 0.25518084104645067 0.02051248789975162 0.03449317466803503
7 0.61484375 0.3796875 0.1515625 0.31875
7 0.8246126179774219 0.32358034134103825 0.166035107920277 0.34001698770335986
5 0.83515625 0.30703125 0.2765625 0.5640625
5 0.6484375 0.3515625 0.21875 0.475
8 0.36171875 0.7078125 0.3546875 0.2375
7 0.028125 0.72109375 0.05625 0.2640625
5 0.0546875 0.79453125 0.109375 0.4109375
1 0.7265625 0.61953125 0.184375 0.0609375
5 0.7515625 0.721875 0.425 0.265625
5 0.86171875 0.6890625 0.2765625 0.2