4 0.059375 0.06171875 0.11875 0.1234375
5 0.19609375 0.21484375 0.3921875 0.4296875
4 0.54921875 0.28359375 0.1609375 0.2921875
5 0.734375 0.21484375 0.53125 0.4296875
8 0.234375 0.72734375 0.46875 0.4609375
0 0.4261099228213233 0.9759038074076785 0.08151362041330898 0.046257929344363194
0 0.3675616246167214 0.9674095073997242 0.053334078258831144 0.03655566534054522
3 0.36796875 0.99140625 0.0359375 0.0171875
3 0.41171875 0.996875 0.0265625 0.00625
5 0.34453125 0.9703125 0.2203125 0.059375
0 0.397308732831586 0.8232146120703149 0.009411361436318443 0.006359088001272539
7 0.40037919067710825 0.8326259747374058 0.017278403590796288 0.015824994668999892
5 0.40192350995894904 0.8357691560709514 0.02677157825883114 0.036246582670272434
0 0.39871669672723253 0.8497952934038604 0.009411361436318443 0.006359088001272539
7 0.40412635939321506 0.8600151780712695 0.01884999394987581 0.017405676002545434
5 0.4025456786750558 0.8631219967377239 0.02677157825883114 0.036246582670272434