2 0.29609375 0.01484375 0.0703125 0.0296875
4 0.2782921298812787 0.17078795138445219 0.1529896863754999 0.24707608935390812
5 0.3375 0.29453125 0.384375 0.5890625
6 0.53671875 0.35859375 0.0140625 0.1015625
6 0.641491045768715 0.19656974872690633 0.01585225897699054 0.03924431333545444
6 0.7525967174116879 0.1689543734086329 0.01427157825883114 0.03610113200190899
6 0.8895563619272977 0.12913899009385932 0.01426248789975162 0.034538632001908987
6 0.5766563861277947 0.1942527233847704 0.011110216822512698 0.02981476933481808
6 0.6955563770526083 0.1698532547342242 0.009529536104353652 0.026671588001272718
6 0.8597314647794093 0.4209992260900413 0.06661584913967822 0.17107611600890865
6 0.9208609040817756 0.12012761676476824 0.01268180718159222 0.03139545066836362
6 0.7878893227978822 0.14592595341340536 0.011119307181592219 0.03137726933481808
6 0.9318120396203948 0.11791113609958633 0.011101126463433175 0.02825226933481808
6 0.9584836239293504 0.09947021876985888 0.007921584308955332 0.018840906667727263
6 0.9099279492613153 0.11921909742995007 0.009493174668035209 0.020421588001272716
6 0.8951296510567133 0.1112338747612684 0.00947499394987581 0.017296588001272716
6 0.8466330637226959 0.12082650342135959 0.00791249394987581 0.017278406667727265
6 0.8378893227978821 0.14650775608685965 0.014253397540672097 0.032976132001908985
6 0.8402967053114395 0.13559752808717782 0.007939765027114732 0.021965906667727176
6 0.8426586360295987 0.13249980008749596 0.006359084308955332 0.018822725334181813
6 0.8028194312091387 0.13125492608208714 0.007903403590796021 0.015715906667727174
6 0.7800859131569619 0.1442725467456782 0.009493174668035032 0.020421588001272716
6 0.7722597776183424 0.14652539007795093 0.007930674668035032 0.020403406667727175
6 0.7206427354638647 0.15530040607095125 0.007930674668035032 0.020403406667727175
6 0.701079669207086 0.16054188940163322 0.007930674668035032 0.020403406667727175
6 0.6471097866935287 0.17085213339431538 0.007930674668035032 0.020403406667727265
6 0.6033097897185907 0.17893680605504292 0.00791249394987581 0.017278406667727175
6 0.5939347897185907 0.1788277180537703 0.00791249394987581 0.017278406667727175
6 0.6088558077707675 0.16571919072245195 0.00633181323171641 0.014135225334181812
6 0.5830427415139889 0.17088794871895213 0.0063136325135573655 0.011010225334181811
6 0.5540410427436528 0.18695784404836138 0.006359084308955332 0.018822725334181813
6 0.5407597927436528 0.18680330271322515 0.00791249394987581 0.017278406667727175
6 0.5627211511549093 0.1722140913828613 0.0063227228726368875 0.01257272533418181
9 0.23828125 0.94453125 0.0921875 0.1109375
9 0.15859375 0.96015625 0.1015625 0.0796875
7 0.30078125 0.8984375 0.1265625 0.203125
7 0.424017199457707 0.8915202640833598 0.07445562021691714 0.17585452267663584
0 0.28668589198152705 0.726629966064588 0.058285198672140125 0.08192270934118148
0 0.3943438558771736 0.7544469780792237 0.026817030054229286 0.04405908267027261
5 0.43984375 0.85546875 0.1390625 0.2890625
5 0.346875 0.79453125 0.303125 0.4109375