4 0.353125 0.12890625 0.153125 0.2578125
5 0.21484375 0.25 0.4296875 0.5
4 0.4859375 0.19453125 0.1125 0.3890625
4 0.8016882023845733 0.25333549815328826 0.31455442115199367 0.3549430718159236
3 0.7745995033196497 0.0753741246167214 0.101917024004105 0.061528373340175156
0 0.81796875 0.03828125 0.2296875 0.0765625
5 0.56875 0.25 0.278125 0.5
5 0.73359375 0.25 0.5328125 0.5
7 0.4546875 0.7484375 0.05 0.4375
7 0.70625 0.8890625 0.375 0.221875
0 0.896875 0.6796875 0.20625 0.24375
3 0.8798035911446466 0.8679206938003663 0.09432269262201594 0.09898292154477702
3 0.45390625 0.51875 0.0484375 0.0375
5 0.53515625 0.75 0.2109375 0.5
5 0.76328125 0.76328125 0.4734375 0.4734375
9 0.603125 0.85625 0.346875 0.2875