8 0.33515625 0.325 0.3484375 0.428125
9 0.29296875 0.015625 0.0984375 0.03125
9 0.15556710530713752 0.03529961222188538 0.10041817067154532 0.036519282981095545
9 0.06858253660091211 0.32719219643264497 0.04126134667409058 0.054923849336070064
0 0.26953125 0.5359375 0.0109375 0.00625
0 0.05317407057609511 0.5100819644848217 0.009465906667727352 0.007867042154477666
4 0.05859375 0.5265625 0.0140625 0.025
5 0.06171875 0.52109375 0.0265625 0.0359375
5 0.04765625 0.5203125 0.0265625 0.0375
0 0.04303600190964052 0.5085785518188393 0.011046588001272627 0.009438632513557366
0 0.013230323241595166 0.518907518641352 0.012627269334818081 0.011010222872636888
0 0.0046875 0.5125 0.009375 0.0125
5 0.01640625 0.52421875 0.0203125 0.0296875
5 0.00703125 0.521875 0.0140625 0.034375
7 0.0171875 0.53203125 0.015625 0.0140625
7 0.00625 0.53046875 0.0125 0.0171875
7 0.046875 0.5265625 0.021875 0.025
6 0.035824033259094355 0.38987854879377704 0.008103401336727068 0.025045451795397966
6 0.04371834926004885 0.38280184699837905 0.008030676002545256 0.018795451795397967
6 0.038331415261003345 0.3758024132551577 0.008139764003817973 0.028170451795398142
2 0.8484375 0.0359375 0.14375 0.071875
4 0.8984375 0.3046875 0.203125 0.446875
5 0.8796875 0.26953125 0.240625 0.5390625
8 0.2921875 0.878125 0.434375 0.24375