7 0.115625 0.12421875 0.20625 0.2484375
5 0.134375 0.234375 0.26875 0.46875
5 0.66640625 0.08671875 0.6671875 0.1734375
0 0.2328125 0.5375 0.071875 0.1375
3 0.2177703247427898 0.5953125 0.031413626463433174 0.028125
7 0.1609375 0.6953125 0.215625 0.41875
5 0.134375 0.734375 0.26875 0.53125
9 0.83359375 0.978125 0.1234375 0.04375
3 0.4429152496072165 0.709375 0.030005662567786473 0.0546875
7 0.35625 0.74140625 0.175 0.1796875
0 0.4684465147325271 0.66640625 0.05843064441741408 0.10625
5 0.384375 0.80078125 0.23125 0.3984375