8 0.2765625 0.2328125 0.465625 0.434375
5 0.3863026770057261 0.284375 0.015779536104353474 0.0265625
4 0.75 0.04609375 0.178125 0.0921875
5 0.6203125 0.10234375 0.221875 0.2046875
5 0.7359375 0.128125 0.253125 0.25625
5 0.3969998033709633 0.64609375 0.020521578258831143 0.0359375
4 0.3946833244482022 0.65078125 0.011028403590796109 0.015625
2 0.39925264978016717 0.63046875 0.009420451795398143 0.0078125
8 0.3890625 0.49921875 0.240625 0.0984375
8 0.2386560382456528 0.6890625 0.4080226200205255 0.3046875
8 0.165625 0.553125 0.33125 0.20625
8 0.76015625 0.6390625 0.4796875 0.378125
6 0.95873270979043 0.75 0.08220448770335978 0.1640625
6 0.8275645230221464 0.7640625 0.10434310811666876 0.209375
6 0.559375 0.759375 0.1 0.2625