8 0.2858632144848217 0.35324755740767844 0.3914623547970191 0.4170271520528157
0 0.1593785034178456 0.20410952872372468 0.021974993949875808 0.017442038669636162
7 0.16222624746591724 0.2518021413908155 0.042560204722264315 0.06455339600572704
5 0.17468534085005896 0.2589788420591791 0.07577268052176755 0.13368520401018139
2 0.86015625 0.08359375 0.2796875 0.1671875
4 0.78984375 0.60703125 0.4203125 0.4453125
5 0.78984375 0.41484375 0.4203125 0.8296875
1 0.18984375 0.91484375 0.3796875 0.1703125
4 0.2671875 0.98046875 0.534375 0.0390625
5 0.28984375 0.91484375 0.5796875 0.1703125
6 0.82109375 0.91484375 0.2484375 0.1703125