8 0.10625 0.3984375 0.2125 0.5625
7 0.42890625 0.37680083255095986 0.0484375 0.08337612133990877
2 0.44296875 0.3133559505490509 0.0203125 0.018986357336090796
3 0.4375 0.3345133352164599 0.015625 0.01268181333545435
5 0.41875 0.4112940112190053 0.1078125 0.22937951201463563
0 0.62265625 0.07277004992841238 0.0875 0.10883065467854483
3 0.61875 0.08922175326227597 0.0453125 0.04740225867281787
7 0.621875 0.29453125 0.184375 0.3421875
5 0.67109375 0.3421875 0.2828125 0.675
8 0.26484375 0.83984375 0.5296875 0.3203125
6 0.89921875 0.83984375 0.2015625 0.3203125
6 0.7078125 0.76796875 0.19375 0.1765625