8 0.31875 0.23984375 0.6375 0.4796875
8 0.3640625 0.23984375 0.609375 0.4796875
4 0.01171875 0.1640625 0.0234375 0.109375
5 0.0328125 0.18828125 0.065625 0.2796875
2 0.81328125 0.053125 0.2890625 0.10625
3 0.79296875 0.24140625 0.2484375 0.1953125
4 0.93125 0.23984375 0.1375 0.4796875
4 0.7796875 0.3859375 0.221875 0.1875
5 0.834375 0.23984375 0.33125 0.4796875
5 0.865625 0.23984375 0.26875 0.4796875
8 0.334375 0.740625 0.66875 0.51875
8 0.36484375 0.56796875 0.4265625 0.1765625
8 0.834375 0.73984375 0.33125 0.5203125
7 0.8255151679305397 0.6238394165748073 0.04399543969514959 0.042442030054229286
5 0.8247384631100797 0.6246252117543472 0.05824883723582168 0.07533634328594588