7 0.4453125 0.1359375 0.128125 0.271875
5 0.35703125 0.225 0.3046875 0.45
2 0.8407048724564123 0.40151898897990607 0.1301511083130606 0.08044199980360815
2 0.7526139991162373 0.30046554908836465 0.13807269262201594 0.09923745159900647
2 0.54453125 0.15234375 0.0703125 0.1421875
3 0.9125 0.0078125 0.025 0.015625
3 0.7360264628154919 0.4036905430382404 0.07370112041330898 0.04573974687674216
4 0.9546875 0.29453125 0.090625 0.1578125
4 0.69921875 0.39609375 0.1609375 0.1078125
4 0.58046875 0.0515625 0.1421875 0.103125
4 0.72890625 0.07890625 0.1453125 0.1578125
4 0.8949004513044188 0.048066736053039884 0.08168633723582168 0.07547269867214013
5 0.8921875 0.12265625 0.140625 0.2453125
5 0.94296875 0.290625 0.1140625 0.31875
5 0.76875 0.3875 0.4625 0.125
5 0.68203125 0.33125 0.3234375 0.2375
5 0.56796875 0.24453125 0.1171875 0.4109375
5 0.72265625 0.159375 0.2390625 0.31875
5 0.59921875 0.14140625 0.1796875 0.2828125
6 0.15625 0.484375 0.053125 0.06875
6 0.39669423458010195 0.4907673204601911 0.03319429508134384 0.0658158975406721
9 0.2546875 0.725 0.509375 0.55
3 0.8090043788011242 0.8615262898167867 0.17635446350286302 0.23383062021691714
0 0.86875 0.59765625 0.2625 0.2953125
7 0.82421875 0.928125 0.3515625 0.14375
5 0.79453125 0.725 0.4109375 0.55