0 0.2204510493714073 0.15477684094825478 0.04958292401336308 0.0987193011314682
0 0.2921875 0.02421875 0.125 0.0484375
7 0.29618794072245197 0.28481379889197295 0.20029309070654372 0.29489538524403186
5 0.1950339733847703 0.2533688770526083 0.09233514003818008 0.28176815046753817
4 0.1961515780553611 0.2822705818730685 0.06735222668681731 0.148819295081344
5 0.2890625 0.35 0.253125 0.7
1 0.7859375 0.35 0.4125 0.25625
2 0.828125 0.2140625 0.34375 0.15
4 0.78984375 0.6046875 0.4203125 0.190625
5 0.78984375 0.409375 0.4203125 0.58125
8 0.28984375 0.85 0.5796875 0.3
4 0.3010925220400891 0.8005660639190875 0.017823846674090583 0.05478749394987581
5 0.31930672004295263 0.8215552747896719 0.06235564401654479 0.122229524004105