8 0.3125 0.1515625 0.3125 0.303125
8 0.234375 0.2546875 0.46875 0.509375
0 0.96484375 0.4703125 0.0703125 0.078125
1 0.17393538622599047 0.6113760413749072 0.12104881908544902 0.12796246268299924
3 0.34953482904439814 0.6446714413987698 0.07857951795398073 0.07903406667727211
4 0.36640625 0.8203125 0.2046875 0.359375
4 0.19296875 0.82578125 0.2734375 0.3484375
5 0.05546875 0.7546875 0.1109375 0.490625
5 0.1828125 0.7546875 0.365625 0.490625
5 0.30234375 0.7546875 0.3328125 0.490625
8 0.670605853146699 0.6585254034054512 0.16240104781181836 0.25343517735518084
8 0.6681843142136753 0.8061634720719058 0.20275333703942983 0.20703289202736244
5 0.6304893923743105 0.7049367794000424 0.01728749394987581 0.017387494668999894
7 0.6304621212970718 0.7096242794000424 0.014126132513557366 0.011101132001908987