8 0.29765625 0.259375 0.5953125 0.51875
5 0.23934814206713328 0.28515625 0.07343859468490824 0.134375
2 0.9144550406985894 0.14296875 0.06624316534054522 0.053125
1 0.9261743380410437 0.21015625 0.03969884667409076 0.0546875
3 0.98046875 0.1109375 0.0390625 0.10625
4 0.8893015940483615 0.2640625 0.08083292401336309 0.0984375
4 0.9375 0.29375 0.125 0.45
5 0.675 0.325 0.15 0.3875
5 0.8 0.259375 0.4 0.51875
5 0.8997027447087709 0.21796875 0.1384647053628168 0.2171875
2 0.9671875 0.02578125 0.065625 0.0515625
3 0.48984375 0.75078125 0.2203125 0.4640625
5 0.43359375 0.759375 0.3328125 0.48125
9 0.7935612853675893 0.70546875 0.2971499093729982 0.2921875
9 0.93359375 0.77265625 0.1328125 0.2984375