8 0.21875 0.10390625 0.4375 0.2078125
4 0.55625 0.0859375 0.234375 0.171875
5 0.62890625 0.18984375 0.3796875 0.3796875
7 0.0985236947405875 0.55234375 0.16660788669636234 0.21875
0 0.0125 0.484375 0.025 0.13125
3 0.013212903405451292 0.5390625 0.022256808004454242 0.0328125
5 0.10625 0.65 0.2125 0.4625
8 0.5749680160725421 0.803125 0.030051126670908878 0.03125
9 0.5469521040738148 0.8125 0.03159544533736351 0.0296875
8 0.996875 0.87109375 0.00625 0.0515625
9 0.9412379060709511 0.79140625 0.014226132001908809 0.0140625
3 0.6007225414146781 0.86796875 0.00950226933481808 0.0109375
0 0.6028572060789055 0.85 0.02067612667090888 0.03125
5 0.58828125 0.915625 0.0546875 0.16875
4 0.46898164540895104 0.82578125 0.02719884667409058 0.0546875
0 0.4716339307367695 0.78515625 0.015861357336090797 0.0203125
5 0.46484375 0.8640625 0.0515625 0.184375