8 0.2453125 0.2625 0.409375 0.525
8 0.225 0.43046875 0.45 0.3171875
2 0.14689123994285502 0.5707370246260473 0.01571590359079611 0.01580681333545435
5 0.15234375 0.575 0.0421875 0.028125
0 0.8436152072563472 0.2786922385821403 0.0660704275949012 0.07732611600890867
4 0.8874384510098311 0.42506725190964045 0.11048402380771342 0.19189769334818116
5 0.9046875 0.4109375 0.190625 0.35625
8 0.225 0.79453125 0.45 0.4109375
7 0.42734375 0.85546875 0.0453125 0.0484375
5 0.4203125 0.85 0.059375 0.06875
7 0.20502540592848728 0.9008955972708665 0.05501475292686635 0.05688634667409076
5 0.2049526830558503 0.8883955972708666 0.058285198672140125 0.08192270934118148