8 0.5375 0.09296875 0.0625 0.1859375
8 0.10859375 0.165625 0.2171875 0.33125
8 0.38282405201523095 0.17301285752749357 0.3107203731437835 0.23304989109776422
8 0.27265625 0.0375 0.0953125 0.075
7 0.3222592567374953 0.10859583352338849 0.014207945745273776 0.02508181323171659
5 0.3230495970965748 0.10703787870292833 0.01736930718159222 0.03134999394987581
0 0.3270103892510526 0.0976856046006274 0.006304542154477666 0.009411361436318443
0 0.22659171185254304 0.30335836679907163 0.01259090359079611 0.015697722872636887
3 0.22574228415944592 0.3150725716195318 0.007857951795398143 0.007857951795397966
7 0.22100478718450808 0.3236390505422929 0.023582945745273774 0.025136355386194253
5 0.2210547841594459 0.315045300542293 0.025227258976990363 0.039207945745273774
9 0.0734375 0.390625 0.146875 0.18125
9 0.1651724228213233 0.38581634279496646 0.092996541958086 0.1395988311856975
9 0.23687016081927076 0.4167032493126289 0.18698289129415607 0.1807692527304745
9 0.30610649503003023 0.33350947511213214 0.09403180113146803 0.048982921544777014
9 0.36665310958960673 0.4010514991162372 0.15883971057599666 0.17748062626704134
9 0.48227356441006697 0.40250543568812897 0.141434041958086 0.13988063231716552
9 0.5140625 0.346875 0.109375 0.18125
8 0.25723317867505574 0.2738481288011242 0.278934041958086 0.140680583916172
0 0.43036264822804304 0.05922306829988209 0.006295451795398144 0.007848861436318444
0 0.420206398228043 0.05916398096586466 0.006286361436318444 0.006286361436318444
0 0.4381887837666625 0.05692477009528023 0.007857951795397966 0.007857951795397966
0 0.45685242535540616 0.07187760440423556 0.007857951795397966 0.007857951795397966
7 0.456784247662309 0.08359635440423566 0.014135222872636887 0.012581813231716588
7 0.44121833499632646 0.07334920081343946 0.01418976502711473 0.02195681323171659
7 0.4318660608940255 0.06938840865896179 0.004742042154477666 0.009402271077238922
7 0.4209331060735654 0.06854352614540442 0.009438632513557366 0.010992042154477666
5 0.42173253679172457 0.06542307132494418 0.012609084308955331 0.018822722872636886
5 0.4311120819712643 0.06469636347942194 0.007921584308955332 0.018795451795398144
5 0.44124560607356533 0.06866170081343945 0.014253397540672097 0.032894313231716585
5 0.456025723560008 0.0796855592246958 0.015770445745273955 0.025090903590796288
9 0.7794945189359395 0.31356565553570376 0.014298849336070063 0.040706813231716585
9 0.7489121394474443 0.3329196435336512 0.07862496974937905 0.08639201795398091
9 0.7073968051384889 0.35142874901804133 0.014298849336070063 0.04070681323171641
9 0.6800757810361879 0.3473634177341481 0.047193162567786474 0.05496021077238851
6 0.028125 0.9609375 0.040625 0.078125
6 0.19400751259122773 0.7901402284317818 0.026917024004105096 0.06109203610435339
6 0.4870853469001831 0.7730946707592101 0.029987481849627427 0.0517352168225127
6 0.44200919623625323 0.7322060503459011 0.015952252926866174 0.056340903590796285
6 0.3226506630587659 0.7018231378763105 0.011101126463433175 0.028188632513557365
6 0.5312716841360048 0.6983492008134394 0.007967036104353653 0.026607951795398144
6 0.5390841841360048 0.6983946526088375 0.01101931323171641 0.014126132513557366
6 0.46965292808588066 0.6808026316297945 0.007903403590796287 0.015670451795398145
6 0.41498815398357963 0.676578219062008 0.006340903590796287 0.015661361436318445
6 0.40161600039278345 0.6921259510098312 0.006368174668035032 0.020348861436318443
6 0.39378986485416406 0.694424249214433 0.012581813231716588 0.014135222872636887
6 0.3882302112633679 0.7100174329576544 0.011064765027114731 0.021938632513557366
6 0.3618267925472612 0.682519146853301 0.006340903590796287 0.015661361436318445
6 0.3563853136245 0.6777998305965223 0.0031886325135573657 0.010955680718159222
6 0.29776429254726117 0.6821464421310366 0.0031886325135573657 0.010955680718159222
6 0.2867949762904825 0.6875515596174793 0.004760222872636888 0.012527271077238921
6 0.24614270521324366 0.6920027102814093 0.00477840359079611 0.015652271077238922
6 0.23588646126336785 0.7091311229473917 0.006377265027114642 0.021911361436318444
6 0.1584654432111911 0.7219624001729505 0.00635908430895542 0.018786361436318445
6 0.2028376119272978 0.7495652254067198 0.011119307181592398 0.031313632513557364
6 0.11295750049097934 0.7552925297596417 0.01426248789975162 0.034456813231716586
6 0.07319101854315609 0.7417794756031115 0.007957945745273864 0.025045451795398143
6 0.0435671510567134 0.7306692587805987 0.004769313231716588 0.014089771077238921
6 0.00546875 0.7921875 0.0109375 0.034375
0 0.74140625 0.54921875 0.0546875 0.0390625
0 0.8768109222321481 0.6173128242518104 0.02054884933607006 0.04074317466803503
0 0.7088461965308408 0.7499339058302914 0.01894998789975162 0.03448408430895533
4 0.7258609797083281 0.7797213997801672 0.020621572208706952 0.053243174668034944
4 0.57734375 0.79140625 0.0171875 0.0828125
4 0.7796177596643614 0.6714367219888742 0.0807510720123152 0.1832761083130606
4 0.8936938952029809 0.6697565682016863 0.015870439695149584 0.04227840359079611
5 0.7188979074014252 0.7679617431643089 0.03792724687674216 0.07365566861791084
5 0.58671875 0.79375 0.0359375 0.1625
3 0.7543637504909794 0.5806617310640605 0.023610216822512697 0.029823855386194253
3 0.9270881781840764 0.5699474657423582 0.03616475897699054 0.03927157825883114
5 0.77578125 0.76484375 0.1421875 0.4703125
5 0.8851774132551578 0.6564253212267483 0.03507495764913067 0.12051248789975162
5 0.93515625 0.76484375 0.1296875 0.4703125
7 0.94453125 0.68984375 0.1109375 0.2640625