8 0.0578125 0.3328125 0.115625 0.4375
9 0.1523962086310892 0.4566293334251926 0.048855656517662285 0.07215680113146802
5 0.9444604679026674 0.6809708032727675 0.04737496974937905 0.08621021077238851
4 0.951518988979906 0.6763242098886257 0.02051248789975162 0.03449317466803503
8 0.8062206453993728 0.5387555113146816 0.173683981456844 0.3119374394987579
8 0.76640625 0.4203125 0.4671875 0.678125
7 0.9779234494577072 0.43506340563389967 0.014280668617910663 0.03758181323171641
0 0.9694524193052818 0.4139196586589618 0.007867042154477843 0.009420451795397966
5 0.9731586814055303 0.44831738455666076 0.023901108313060603 0.07982385538619426
9 0.6621262535160415 0.32853510792027707 0.015970433645025574 0.0594659035907962
9 0.6925495517206433 0.3365248699223296 0.04729315651766246 0.0721477107723885
8 0.52578125 0.24140625 0.0140625 0.0484375
9 0.5761029159856321 0.20849934299135828 0.009447722872636889 0.012554542154477665
9 0.5650381509585175 0.2303107104778009 0.014171584308955331 0.018831813231716586
9 0.5774926991631194 0.2381959333504379 0.01418067466803503 0.020394313231716588
5 0.759375 0.8796875 0.48125 0.240625
0 0.62578125 0.83984375 0.1421875 0.1609375
1 0.75078125 0.8859375 0.1953125 0.228125