8 0.26484375 0.2796875 0.5296875 0.559375
8 0.328125 0.36953125 0.403125 0.3796875
0 0.3479418920671333 0.4872439073032293 0.015788632001908987 0.014153403590796287
3 0.34342711473581494 0.5021149283804682 0.00950226933481808 0.010992042154477844
4 0.34283676873804214 0.518525723560008 0.022274989337999783 0.03450226502711473
5 0.3484375 0.51875 0.05 0.08125
1 0.7796875 0.23046875 0.440625 0.3140625
4 0.76484375 0.38671875 0.4703125 0.3453125
5 0.76484375 0.2796875 0.4703125 0.559375
8 0.23984375 0.7796875 0.4796875 0.440625
8 0.38515625 0.8265625 0.2890625 0.346875
8 0.47890625 0.9015625 0.1015625 0.196875
8 0.76484375 0.7796875 0.4703125 0.440625