8 0.26015625 0.31328125 0.5203125 0.5921875
2 0.3935465086824029 0.22248714457354973 0.01884999394987581 0.017405676002545344
3 0.38978115924813694 0.24675134790741335 0.01572499394987581 0.01736931333545444
7 0.36650728571157 0.27514906791059507 0.028488614363184794 0.06282726400381797
5 0.3728709152000652 0.2946075925764132 0.10726812021691715 0.17623633068109026
7 0.721875 0.09453125 0.184375 0.1890625
5 0.78359375 0.3046875 0.3078125 0.609375
8 0.23046875 0.73203125 0.4609375 0.2453125
8 0.31484375 0.8046875 0.6296875 0.390625
7 0.5639469297362005 0.8231854838876871 0.08729196350286302 0.23381247334499947
5 0.32109375 0.8046875 0.3546875 0.390625