8 0.24453125 0.20859375 0.4890625 0.4171875
9 0.2890625 0.1453125 0.4 0.290625
6 0.8625 0.40390625 0.071875 0.0296875
6 0.9859375 0.38046875 0.028125 0.0765625
6 0.7711703067313607 0.34671033177487265 0.022347714672181596 0.04075226502711473
6 0.6465793867361331 0.3825938105012421 0.031922709341181486 0.05799430718159222
6 0.8201981527291334 0.3300177354638647 0.01918635200509087 0.037609084308955334
6 0.8129850893936791 0.3144336420797229 0.01916817067154497 0.03604658430895533
6 0.7684538393936791 0.31469271731349213 0.016024989337999784 0.034465903590796286
6 0.7239044080601336 0.31338929254726117 0.009647720003181703 0.023492042154477664
6 0.5868680320655424 0.3540329941462675 0.02389203333863623 0.039198855386194255
6 0.5596970047342242 0.3690358254301609 0.019204533338636053 0.03917158430895533
6 0.5539918973981334 0.3487551416869395 0.01756930800445442 0.03291249394987581
6 0.5079345100652243 0.35214830727978813 0.01911362667090888 0.03135908430895533
6 0.6886936140594972 0.30890632562655257 0.011173857336090798 0.020376132513557365
6 0.66526520472627 0.3098239310127468 0.012736357336090798 0.020385222872636888
6 0.6550998640594973 0.30910176834676434 0.012736357336090798 0.020385222872636888
6 0.913993058720543 0.2661865187395478 0.00803067600254508 0.018795451795398054
6 0.866400443387952 0.2719325246914761 0.008012494668999892 0.017232951795398143
6 0.9928084020528157 0.25791495560602706 0.011192038669636162 0.021938632513557366
6 0.9755936300524976 0.2556711995559029 0.011173857336090975 0.020376132513557365
6 0.9061351053866794 0.2623257205349459 0.009593176002545434 0.018804542154477667
6 0.8538731713876337 0.26966149756411306 0.009611357336090975 0.020367042154477665
8 0.24453125 0.709375 0.4890625 0.58125
5 0.2828125 0.5578125 0.2 0.278125
7 0.284375 0.490625 0.14375 0.14375
7 0.0359375 0.840625 0.071875 0.31875
5 0.1390625 0.7765625 0.278125 0.446875
8 0.7578125 0.76953125 0.484375 0.4609375