8 0.4189706302740621 0.18313610676093636 0.1228567587805987 0.16945904800821018
8 0.309499660622879 0.33454913671696984 0.22311128883482817 0.21379083098930565
6 0.023775263180402906 0.433864377249 0.02852497579950324 0.06891362646343317
6 0.32669222668326603 0.19929743794663377 0.007921584308955332 0.018795451795397967
7 0.2656729134515494 0.21371446195073887 0.011064765027114731 0.021938632513557366
0 0.270442226683266 0.19962469087350004 0.006286361436318444 0.006286361436318444
5 0.2672081423743105 0.21839287159165935 0.019022710772388506 0.04698408430895533
1 0.6203125 0.39140625 0.18125 0.4171875
2 0.6484375 0.08984375 0.2375 0.1796875
4 0.6671875 0.5109375 0.275 0.196875
5 0.7515625 0.3046875 0.44375 0.609375
8 0.26484375 0.8046875 0.5296875 0.390625
8 0.06328125 0.75234375 0.1265625 0.2859375
1 0.7610086602300955 0.7454149556060271 0.1764453670936592 0.24945562021691714
4 0.79296875 0.93203125 0.4140625 0.1359375
5 0.76484375 0.8046875 0.4703125 0.390625