7 0.0921875 0.096875 0.184375 0.19375
5 0.14453125 0.26484375 0.2890625 0.5296875
8 0.76328125 0.36816403274186016 0.178125 0.2598851720241807
8 0.7734375 0.46640625 0.2125 0.1265625
5 0.728125 0.41697370273708767 0.01875 0.018968176002545255
7 0.72890625 0.4216702934038604 0.0140625 0.011101132001909163
7 0.2015625 0.5546026140992681 0.0203125 0.0174238573360908
5 0.19921875 0.546875 0.0265625 0.034375
8 0.14453125 0.67890625 0.2890625 0.2984375
0 0.903125 0.7269139661043589 0.021875 0.02681703866963616
5 0.89921875 0.7245247627704952 0.0390625 0.08326703333863605