8 0.37890625 0.23984375 0.6671875 0.4796875
7 0.5578125 0.0140625 0.025 0.028125
5 0.56796875 0.05390625 0.1015625 0.1078125
8 0.8953125 0.23984375 0.209375 0.4796875
6 0.64609375 0.48515625 0.0171875 0.0109375
6 0.66171875 0.4953125 0.0234375 0.03125
6 0.6344948206954077 0.5165320951326576 0.028597714672181595 0.040788626463433175
6 0.5873840107017712 0.5631298391807292 0.036664753341817756 0.06270907825883132
6 0.4707334073838158 0.6757247670702181 0.06228291868236298 0.11597952400410509
6 0.69453125 0.48203125 0.0140625 0.0046875
8 0.85234375 0.73984375 0.2671875 0.5203125
8 0.859375 0.85859375 0.28125 0.2828125