8 0.25 0.23984375 0.5 0.4796875
2 0.2812070098607532 0.07734375 0.026726126463433177 0.028125
3 0.27403485929501914 0.1015625 0.01886817466803503 0.0203125
4 0.26677635031802877 0.140625 0.0362829336450254 0.059375
5 0.2526502178044714 0.1515625 0.09328743344863373 0.1890625
0 0.7829892411212054 0.05078125 0.08495678298109546 0.1
1 0.7684267713718265 0.13671875 0.05504202400410509 0.0609375
4 0.7354637595661656 0.296875 0.15650557181592345 0.3125
5 0.7453125 0.259375 0.38125 0.51875
5 0.31484375 0.62578125 0.3703125 0.2140625
3 0.6260216236347628 0.56484375 0.06273634933607006 0.040625
2 0.6 0.53671875 0.13125 0.0359375
4 0.70078125 0.584375 0.2421875 0.13125
5 0.66640625 0.68515625 0.3328125 0.3328125