8 0.09922083352338848 0.3084866064663488 0.19723965612487895 0.3323862948849522
6 0.22870834562363687 0.6383922750842597 0.026835210772388506 0.047029536104353474
6 0.16875 0.58984375 0.0125 0.0203125
6 0.00703125 0.5875 0.0109375 0.015625
9 0.134375 0.825 0.26875 0.35
6 0.9130833456236369 0.6946422750842596 0.026835210772388506 0.047029536104353474
6 0.8534129089535494 0.6442064587292851 0.012645445745273775 0.02507272287263689
6 0.8337816650036736 0.6271325882177803 0.00947499394987581 0.017242042154477666
6 0.8212180324901162 0.6162678110904173 0.00633181323171641 0.014098861436318444
6 0.8157220114128773 0.6116121273471959 0.004760222872636888 0.012527271077238921
6 0.8102259903356386 0.6069564436039746 0.004751132513557366 0.010964771077238922
6 0.8047254240788598 0.6015195098607532 0.006340903590796287 0.015661361436318445
6 0.3375515596174793 0.6065812772255589 0.004732951795398055 0.007839771077238922
6 0.6441788095192834 0.6696433168459539 0.01895907825883114 0.03604658430895533
6 0.6924526830558503 0.6412365157144857 0.011073855386194254 0.023501132513557364
6 0.7111299601832133 0.6286274314055303 0.009484084308955332 0.018804542154477844
6 0.7344856469514968 0.6144285760193361 0.00633181323171641 0.014098861436318444
6 0.742270875874258 0.609695624223938 0.004751132513557366 0.010964771077238922
6 0.7453822403356385 0.6073336935057787 0.004742042154477844 0.009402271077238922
6 0.7484799692583997 0.6026280127876195 0.00320681323171641 0.014080680718159221
6 0.3641322403356385 0.6095517411212054 0.004742042154477666 0.009402271077238922
6 0.41724360479701905 0.6068989189124985 0.004732951795398144 0.007839771077238922
6 0.8023862192583996 0.6023143953993727 0.0031795421544778433 0.009393180718159222
6 0.7984708788993201 0.6007746212970717 0.0031613614363184437 0.006268180718159222
6 0.7890867885402404 0.5992666634515494 0.004723861436318444 0.006277271077238922
6 0.7726759933607006 0.5985808622218853 0.0031613614363184437 0.006268180718159222
6 0.756260653001621 0.5971138109922214 0.0031613614363184437 0.006268180718159222
6 0.7437833788993201 0.6010927838648583 0.001607951795397966 0.0078215903590797
6 0.7414350837197803 0.6003251694034778 0.0031704517953981435 0.007830680718159223
6 0.7328367885402404 0.5995939163784156 0.0031613614363184437 0.0062681807181594
6 0.7203322433607007 0.5988853892510526 0.0031613614363184437 0.006268180718159222
6 0.697666903001621 0.597454699457707 0.0031613614363184437 0.006268180718159222
6 0.6625151981811609 0.5984404825369984 0.003170451795397966 0.007830680718159223
6 0.6328322433607007 0.5993944493595111 0.0031704517953981435 0.007830680718159223
6 0.6015867885402404 0.6003575065411035 0.0031704517953981435 0.007830680718159223
6 0.5523634933607007 0.5998626028521115 0.0031613614363184437 0.006268180718159222
6 0.5718992885402404 0.6005302233636163 0.004723861436318444 0.006277271077238922
6 0.5437788337197802 0.6014750998270494 0.0031704517953981435 0.007830680718159223
6 0.5156492885402404 0.6008574762904825 0.0031613614363184437 0.006268180718159222
6 0.49847542407885986 0.6033012202403583 0.004732951795398144 0.007839771077238922
6 0.46956008371978025 0.6019068918833312 0.0031704517953981435 0.007830680718159223
6 0.45551576443793945 0.6051137051150478 0.004732951795398144 0.007839771077238922
6 0.42738167407885985 0.6037148315784809 0.003170451795397966 0.007830680718159223
6 0.37427030961747926 0.6063676537871879 0.0047420421544777545 0.009402271077238922
6 0.9132282704880638 0.5852627299047197 0.0031613614363184437 0.006268180718159222
6 0.909375 0.58203125 0.003125 0.0046875
9 0.67109375 0.853125 0.6578125 0.29375
2 0.9335407704880637 0.5851445552366847 0.0031522710772389217 0.004705680718159222
4 0.9765625 0.584375 0.00625 0.009375
4 0.9491703156676035 0.5858349016458886 0.0063136325135573655 0.010973861436318445
5 0.9734375 0.59453125 0.015625 0.0296875
5 0.94296875 0.59296875 0.0203125 0.0265625
5 0.93828125 0.58359375 0.0078125 0.0078125
5 0.9327913367448423 0.5906178504162246 0.009484084308955332 0.018804542154477667
5 0.9132646319243822 0.5915127299047198 0.004823855386194254 0.023464771077238922
5 0.903125 0.59765625 0.015625 0.0359375