8 0.396875 0.175 0.265625 0.35
8 0.12890625 0.19140625 0.2578125 0.2203125
8 0.21953125 0.05234375 0.0921875 0.1046875
7 0.17153254889197295 0.13359375 0.012636355386194254 0.0234375
5 0.16997913925105257 0.13203125 0.017360216822512698 0.0296875
0 0.16768538622599047 0.1234375 0.004742042154477666 0.009375
0 0.2556206817001179 0.3171875 0.01258181323171641 0.0140625
3 0.2555615943661003 0.32734375 0.006295451795397966 0.0078125
7 0.2594178473911624 0.3359375 0.022020445745273776 0.025
5 0.26024454918656054 0.328125 0.023655668617910842 0.0375
7 0.5108536032448949 0.2234375 0.01574317466803521 0.0203125
0 0.508605302015231 0.20703125 0.007857951795398322 0.0078125
5 0.5045672418085765 0.2296875 0.030023843285945873 0.0578125
9 0.4184065071302787 0.40234375 0.1869283491396784 0.1703125
9 0.3106394589256768 0.39453125 0.08826359016268803 0.13125
9 0.24250708246224367 0.42265625 0.17599084913967838 0.1703125
9 0.18125648595484395 0.3421875 0.0877727107723885 0.046875
9 0.12229912159165934 0.4046875 0.15097266842151918 0.1671875
9 0.040625 0.403125 0.08125 0.13125
9 0.01875 0.35078125 0.0375 0.1703125
8 0.22688260334309085 0.28828125 0.26171927088084707 0.134375
0 0.07181435002344108 0.08515625 0.006295451795398144 0.0078125
0 0.08118935002344116 0.08515625 0.006286361436318444 0.00625
0 0.06401548556206053 0.0828125 0.007848861436318444 0.00625
0 0.047527422330343946 0.096875 0.006295451795398144 0.0078125
7 0.04747288017586628 0.10625 0.012572722872636888 0.0125
7 0.06236662715080419 0.09765625 0.012618174668035031 0.0203125
7 0.07019730786896342 0.09453125 0.004742042154477666 0.009375
7 0.08035810304850326 0.09375 0.009429542154477666 0.009375
5 0.08037628376666248 0.090625 0.011046584308955332 0.01875
5 0.07178253376666244 0.090625 0.007921584308955421 0.01875
5 0.06160810304850317 0.09375 0.014244307181592397 0.03125
5 0.04749106089402551 0.103125 0.014198855386194253 0.0234375
6 0.670189259271578 0.12265625 0.023719301131468206 0.0484375
6 0.7710341417851353 0.11171875 0.014280668617910663 0.0375
6 0.8093290273237548 0.109375 0.00955680718159222 0.03125
6 0.8351148225032945 0.10859375 0.009547716822512698 0.0296875
6 0.8711654311109427 0.2234375 0.04271474082661797 0.090625
6 0.940192687062871 0.17578125 0.02376475292686635 0.05625
6 0.9692125665513662 0.15625 0.017460210772388508 0.046875
6 0.9895205213718263 0.15703125 0.014289758976990186 0.0390625
6 0.996875 0.1390625 0.00625 0.028125
6 0.99453125 0.1265625 0.0109375 0.028125
6 0.8538739128623742 0.10703125 0.009520445745273776 0.025
6 0.8874358466055956 0.1125 0.007948855386194253 0.0234375
6 0.5461977682485685 0.08359375 0.014244307181592397 0.03125
6 0.6149932200439665 0.07578125 0.009529536104353475 0.0265625
6 0.6743500393258073 0.07890625 0.01426248789975162 0.034375
9 0.76484375 0.2671875 0.4703125 0.503125
6 0.8418859555078313 0.915625 0.036328385440423716 0.0671875
6 0.6701745819712643 0.8875 0.03164997579950324 0.06875
6 0.53671875 0.8828125 0.0140625 0.05625