1 0.0796875 0.028125 0.071875 0.05625
7 0.09453125 0.171875 0.1890625 0.25625
5 0.15078125 0.2546875 0.3015625 0.509375
5 0.61640625 0.440625 0.3140625 0.1375
7 0.9640625 0.16015625 0.071875 0.1421875
1 0.9374876252785025 0.08437992608208714 0.022293170671545327 0.03619203866963616
1 0.5035489772835933 0.04182551535645347 0.023710220003181702 0.023710220003181702
1 0.6215535426082299 0.10726979670590726 0.03319430800445424 0.03319430800445424
2 0.49296875 0.0140625 0.0578125 0.028125
2 0.6129057959500478 0.044660708704634636 0.0835579346753633 0.06502611067790856
4 0.83671875 0.05859375 0.0828125 0.1171875
4 0.659375 0.040625 0.071875 0.08125
4 0.5875774372613215 0.20688798870145292 0.09903857869190791 0.18706474267981754
4 0.53359375 0.0234375 0.0546875 0.046875
4 0.4890625 0.109375 0.059375 0.1375
5 0.50234375 0.1984375 0.0859375 0.396875
5 0.54140625 0.021875 0.0921875 0.04375
5 0.6142490252625942 0.19782207137172544 0.18884760805217943 0.3865203973583625
5 0.6640625 0.0671875 0.140625 0.134375
5 0.83984375 0.0875 0.1484375 0.175
5 0.959375 0.1890625 0.08125 0.353125
0 0.9458637466184113 0.03603333274981439 0.04280566534054522 0.05361589600572696
0 0.48984375 0.65234375 0.0609375 0.1609375
4 0.5453125 0.90859375 0.171875 0.1828125
5 0.58359375 0.78046875 0.2484375 0.4390625
3 0.4859375 0.790625 0.053125 0.0625