8 0.3 0.35 0.6 0.7
8 0.33558734273549684 0.3822018832991242 0.4107237027370877 0.5211044030016211
8 0.575 0.2328125 0.05 0.109375
0 0.3327532440722239 0.40722006401728345 0.014207950668363622 0.01258181323171641
3 0.33291687607413295 0.4212825640172834 0.00950226933481808 0.010992042154477844
4 0.3362145987428146 0.43610813329912423 0.019113626670909056 0.03135908430895533
5 0.34328221140990556 0.439192226683266 0.04471361067790856 0.08306703005422947
8 0.8 0.38671875 0.4 0.6265625
0 0.6468402793602716 0.176192256933887 0.029996582670272432 0.02673521682251274
7 0.6545351480346803 0.23318260031802868 0.07094884667409058 0.05509656615858276
5 0.64609375 0.221875 0.0921875 0.11875
3 0.64921875 0.88046875 0.0984375 0.1890625
7 0.8 0.96484375 0.4 0.0703125
5 0.8 0.85 0.4 0.3