8 0.19296875 0.19453125 0.3859375 0.3890625
7 0.10673425068737111 0.3328526940642698 0.029987481849627427 0.051907945337363516
5 0.1171875 0.3375 0.0625 0.103125
5 0.7502706272490001 0.05541913208145077 0.01428975897699054 0.039226132001908984
8 0.675 0.07421875 0.13125 0.1484375
8 0.775 0.1921875 0.45 0.384375
8 0.3515625 0.54453125 0.396875 0.3109375
8 0.1953125 0.6421875 0.390625 0.50625
2 0.9421576245185255 0.8551736840785873 0.06141928903121965 0.08352157200827257
3 0.936416163746137 0.9019850494111783 0.03302157825883114 0.036319308004454244
4 0.88828125 0.9484375 0.1203125 0.103125
5 0.8953125 0.89921875 0.1625 0.2015625