0 0.24296875 0.43915757125241284 0.00625 0.006322725334181811
0 0.2484375 0.44456268658500375 0.00625 0.007885225334181812
7 0.240625 0.45168484325273095 0.009375 0.01417158800127254
7 0.24765625 0.4594155272517765 0.0109375 0.02200226933481808
5 0.24765625 0.46019677725177643 0.0140625 0.040788632001908985
5 0.23828125 0.45874336525304915 0.0171875 0.04707499466899989
1 0.6375 0.31640625 0.296875 0.3609375
2 0.70703125 0.08984375 0.4359375 0.1796875
4 0.74453125 0.45390625 0.5109375 0.1921875
5 0.74453125 0.275 0.5109375 0.55
8 0.371875 0.775 0.234375 0.45
8 0.259375 0.81640625 0.325 0.3671875
7 0.3 0.9346268019573657 0.0296875 0.04097044533736351
5 0.3015625 0.9338273706238202 0.0359375 0.050418170671545325