8 0.2046875 0.21953125 0.409375 0.4390625
9 0.16171875 0.00546875 0.0390625 0.0109375
0 0.73125 0.409375 0.1875 0.059375
0 0.53489645206077 0.31321865924813697 0.15203630935708984 0.17587267447164337
5 0.565625 0.328125 0.3125 0.221875
9 0.09140625 0.7984375 0.1828125 0.203125
0 0.37073395472627 0.7117849869177929 0.025527258672817865 0.04545794574527377
4 0.3765663313971789 0.7430668031745716 0.036537484006999674 0.05177157825883114
5 0.3796875 0.7625 0.059375 0.159375
3 0.56640625 0.6203125 0.3140625 0.296875
7 0.7046875 0.81484375 0.590625 0.3703125
5 0.7046875 0.71953125 0.590625 0.5609375