6 0.4625 0.06328125 0.034375 0.1078125
6 0.45625 0.0140625 0.021875 0.028125
6 0.3421875 0.0109375 0.025 0.021875
6 0.2546875 0.00859375 0.025 0.0171875
4 0.4203125 0.01953125 0.034375 0.0390625
5 0.41484375 0.0375 0.0640625 0.075
4 0.94453125 0.22578125 0.1109375 0.4515625
4 0.6796875 0.21640625 0.31875 0.4328125
5 0.89765625 0.25 0.2046875 0.5
5 0.66875 0.25 0.378125 0.5
8 0.296875 0.75 0.365625 0.5
5 0.43359375 0.53359375 0.0453125 0.0671875
5 0.5609375 0.69375 0.1625 0.3875
5 0.54765625 0.94375 0.1359375 0.1125
5 0.89296875 0.66484375 0.2140625 0.3296875
5 0.93515625 0.75 0.1296875 0.5
4 0.525 0.65859375 0.090625 0.3171875
7 0.86953125 0.53046875 0.1203125 0.0609375