5 0.049842481358648084 0.16640625 0.04598518657189175 0.115625
4 0.04820271330647134 0.153125 0.025263620413308985 0.0453125
0 0.04721238504764012 0.1171875 0.009429542154477666 0.009375
8 0.828125 0.18828125 0.34375 0.3734375
8 0.5359375 0.19140625 0.253125 0.2328125
8 0.62734375 0.05546875 0.1046875 0.1109375
7 0.5737663155694076 0.1359375 0.014198855386194253 0.0234375
5 0.5721992703898678 0.13515625 0.017360216822512698 0.0296875
0 0.5698009782353901 0.12578125 0.0063045421544778435 0.009375
0 0.6490668182998821 0.321875 0.01258181323171641 0.0140625
3 0.6491304508134395 0.3328125 0.007867042154477666 0.009375
7 0.6523099929679171 0.3421875 0.022020445745273776 0.025
5 0.6538270411725191 0.334375 0.02678066861791084 0.0375
7 0.9064157099868215 0.2421875 0.01730567466803521 0.0203125
0 0.9055435563960256 0.2265625 0.009420451795398322 0.0078125
5 0.9002066166026799 0.24921875 0.033148843285945875 0.0578125
9 0.8082150802037388 0.4171875 0.19322380093507655 0.178125
9 0.7003207669720222 0.403125 0.09452268052176756 0.1328125
9 0.6324929175377563 0.42734375 0.18227721057599683 0.1765625
9 0.5741986285065366 0.34453125 0.08936248184962743 0.0515625
9 0.5136065621515621 0.40390625 0.15724993949875793 0.171875
9 0.4421875 0.39609375 0.065625 0.1359375
8 0.622340691836449 0.29375 0.26491699375348415 0.146875
0 0.47580099336070064 0.0828125 0.006295451795397966 0.0078125
0 0.4851759933607006 0.0828125 0.006286361436318444 0.00625
0 0.46953735782208117 0.08046875 0.007857951795398143 0.0078125
0 0.4516413306947181 0.09296875 0.007867042154477666 0.009375
7 0.4509146228491958 0.10234375 0.012572722872636888 0.0125
7 0.46571292105379775 0.09453125 0.01418067466803503 0.0203125
7 0.4742930355151783 0.0921875 0.004742042154477666 0.009375
7 0.48444474033563856 0.09140625 0.009438632513557366 0.0109375
5 0.4844265596174793 0.08828125 0.012609084308955331 0.01875
5 0.47582826443793946 0.0875 0.009484084308955332 0.01875
5 0.4664714451560987 0.090625 0.015806807181592396 0.03125
5 0.45090098731057643 0.1 0.014198855386194253 0.0234375
6 0.01875 0.615625 0.0375 0.08125
6 0.0625 0.57734375 0.025 0.0359375
6 0.36322827048806366 0.5875 0.02530907220870695 0.053125
6 0.32109375 0.575 0.0203125 0.03125
6 0.26015625 0.56484375 0.0234375 0.0109375
9 0.2046875 0.81484375 0.409375 0.3703125
0 0.5944373638722054 0.88046875 0.18849084913967823 0.1703125
3 0.5149771228491958 0.91953125 0.08948974687674198 0.0734375
5 0.584375 0.82578125 0.35 0.3484375