8 0.4109375 0.19140625 0.371875 0.3828125
4 0.4039910457687149 0.11035832142314006 0.02518180718159222 0.031395445745273864
0 0.4034052384889268 0.07676002624360026 0.011001132513557365 0.011001132513557365
3 0.4041046752572102 0.0908270714231401 0.009429542154477666 0.009429542154477666
5 0.39934445238457333 0.10329980034590122 0.042551114363184796 0.06274543969514967
4 0.85703125 0.30390625 0.1765625 0.2140625
0 0.80625 0.13984375 0.075 0.0640625
5 0.8765625 0.3203125 0.215625 0.4375
6 0.00546875 0.69140625 0.0109375 0.0859375
6 0.2568569705349459 0.5909714754067197 0.03635565651766246 0.07208407825883115
6 0.44296875 0.571875 0.0328125 0.065625
6 0.5929308259211401 0.5694884026088375 0.025345433645025395 0.05952044574527395
6 0.716322874125742 0.5780190409761273 0.022138620413308985 0.045439765027114734
9 0.34609375 0.79609375 0.5640625 0.4078125
9 0.884375 0.76953125 0.23125 0.4609375