7 0.32421875 0.0609375 0.1484375 0.121875
5 0.33203125 0.25 0.2296875 0.5
8 0.71328125 0.409375 0.0671875 0.18125
8 0.7484375 0.165625 0.1375 0.215625
6 0.024733917930539785 0.94140625 0.03965337334017516 0.1015625
6 0.20819988202257803 0.78515625 0.026907933645025396 0.059375
6 0.4958316922292324 0.8078125 0.029987481849627427 0.0515625
6 0.4580589814568439 0.7609375 0.01594316256778665 0.0546875
6 0.3452999062230749 0.71640625 0.011101126463433175 0.028125
6 0.5477800116092691 0.73984375 0.007967036104353653 0.0265625
6 0.5571641019683486 0.74140625 0.011010222872636888 0.0125
6 0.4906033158639952 0.71484375 0.007903403590796287 0.015625
6 0.43897263817089804 0.703125 0.006340903590796287 0.015625
6 0.42264365622307476 0.71640625 0.006368174668035032 0.0203125
6 0.4156169514026146 0.7171875 0.012581813231716588 0.0140625
6 0.40867660499341074 0.7328125 0.011064765027114731 0.021875
6 0.38506638817089806 0.703125 0.006331813231716587 0.0140625
6 0.3811237767345796 0.696875 0.0031886325135573657 0.0109375
6 0.3240743460164204 0.69375 0.0031886325135573657 0.0109375
6 0.31159707191411934 0.69765625 0.004760222872636888 0.0125
6 0.27174423155503985 0.69609375 0.004778403590796287 0.015625
6 0.2593305899662962 0.7109375 0.0063772650271147315 0.021875
6 0.1820050206844554 0.7140625 0.004787493949875809 0.0171875
6 0.22282091822512734 0.746875 0.011110216822512698 0.0296875
6 0.1345033067888089 0.740625 0.01269998789975162 0.034375
6 0.09689876765939331 0.72265625 0.007948855386194253 0.0234375
6 0.06946411406859712 0.70703125 0.004769313231716588 0.0140625
6 0.02291182181592355 0.7625 0.012681807181592352 0.03125
9 0.83984375 0.75 0.3203125 0.5