8 0.209375 0.215625 0.41875 0.43125
7 0.16971968588452063 0.3021924927195885 0.020457945745273952 0.0252363573360908
5 0.1736713876799187 0.31005044605345206 0.03469316256778665 0.055087489337999784
8 0.05703125 0.47265625 0.1140625 0.1921875
7 0.41640625 0.1109375 0.0046875 0.0125
5 0.4140625 0.109375 0.009375 0.028125
8 0.709375 0.284375 0.58125 0.56875
5 0.4953125 0.4921875 0.153125 0.153125
8 0.39140625 0.678125 0.0546875 0.140625
8 0.23865149306611305 0.773504966064588 0.10689541549465283 0.11217383068109017
8 0.11669467983439645 0.7580243220480433 0.06149201190385671 0.0960215720082724
9 0.12340322208707004 0.7026373880489978 0.02831589754067192 0.033139764003817976
9 0.060944128702928334 0.7089413847071799 0.03300339754067192 0.03319430800445424
9 0.03212878229372449 0.7242300300365893 0.020430674668035033 0.020548857336090798
9 0.02211343285945855 0.7483306013685438 0.03616475897699045 0.03948067067154515
1 0.85 0.66640625 0.2125 0.1953125
4 0.89140625 0.85625 0.2171875 0.2875
5 0.796875 0.784375 0.40625 0.43125