8 0.2234375 0.2453125 0.33125 0.446875
0 0.1185701335937118 0.4107780325827767 0.009429542154477843 0.00948408800127254
7 0.12465650713027872 0.43883030724859484 0.01582498789975162 0.03455681333545435
5 0.11875 0.44765625 0.025 0.0828125
8 0.66015625 0.22890625 0.4015625 0.4578125
0 0.4435105253788472 0.4078648546308198 0.007885222872636887 0.012590906667727353
7 0.44182076035173257 0.42975803596436535 0.009547716822512698 0.02979658800127254
5 0.4441099681972548 0.4391057639640472 0.012936337235821683 0.07514545066836362
3 0.22389954567051912 0.7964808172740482 0.06762383723582169 0.0757817973424542
2 0.21782732855341883 0.6317188832750027 0.09747496369925468 0.10425224267981754
4 0.215625 0.903125 0.20625 0.19375
5 0.20234375 0.78515625 0.3640625 0.4296875
8 0.69453125 0.66328125 0.6109375 0.3484375
7 0.61328125 0.628125 0.2796875 0.278125
7 0.6400830818730685 0.6443825152769117 0.3043885599120669 0.22071467870781625
7 0.70546875 0.5234375 0.1140625 0.06875
5 0.7203125 0.52578125 0.134375 0.0734375
5 0.7859813891528568 0.6762763105904126 0.09831127673457951 0.24800224267981755
5 0.58515625 0.74453125 0.3453125 0.5109375