8 0.29453125 0.16015625 0.5890625 0.3203125
8 0.36953125 0.31796875 0.4390625 0.4640625
7 0.58359375 0.4046875 0.0109375 0.034375
7 0.11484375 0.07265625 0.0296875 0.0328125
2 0.1171875 0.03984375 0.015625 0.0171875
5 0.12421875 0.0828125 0.0578125 0.1015625
5 0.58203125 0.39140625 0.0140625 0.0609375
0 0.95234375 0.503125 0.0171875 0.0171875
4 0.95625 0.53125 0.040625 0.0375
0 0.7359375 0.509375 0.0140625 0.0125
0 0.70546875 0.49921875 0.0140625 0.0140625
5 0.70390625 0.509375 0.0265625 0.034375
5 0.73515625 0.5171875 0.0234375 0.025
4 0.94140625 0.5203125 0.0796875 0.059375
8 0.29453125 0.75703125 0.5890625 0.4140625
8 0.16953125 0.63125 0.3390625 0.1625
0 0.90703125 0.775 0.1859375 0.45
7 0.64453125 0.775 0.1109375 0.45
5 0.79453125 0.775 0.4109375 0.45