8 0.31953125 0.25 0.6390625 0.5
7 0.23406749043383437 0.2609375 0.3459498668972675 0.378125
7 0.26863793315404616 0.29453125 0.348493083916172 0.278125
3 0.15096812324197928 0.07734375 0.09253293364502549 0.059375
2 0.16171875 0.02578125 0.1296875 0.0515625
7 0.30602832796424356 0.14140625 0.13512949980360817 0.1296875
2 0.2798152859079618 0.0671875 0.05486930718159222 0.03125
5 0.31841469847574844 0.121875 0.16353630093507654 0.178125
5 0.4225759994108248 0.3 0.14842945140261463 0.2671875
5 0.240625 0.25 0.48125 0.5
8 0.81953125 0.25 0.3609375 0.5
8 0.05703125 0.67734375 0.1140625 0.3546875
8 0.49140625 0.534375 0.2328125 0.06875
8 0.87578125 0.75 0.2484375 0.5