8 0.3046875 0.44921875 0.609375 0.4203125
0 0.394326329248913 0.5875 0.00942954400063627 0.0046875
7 0.3926456505808676 0.59765625 0.017351132001908985 0.0140625
5 0.394943947247004 0.6015625 0.025418170671545327 0.0359375
0 0.3854234965786404 0.6140625 0.00942954400063627 0.0046875
7 0.38841213657704954 0.62578125 0.01893181333545435 0.015625
5 0.3860320239099586 0.62890625 0.026980670671545325 0.0359375
4 0.8046875 0.3359375 0.390625 0.646875
5 0.8046875 0.3296875 0.390625 0.659375
8 0.3046875 0.825 0.609375 0.33125
4 0.80078125 0.7640625 0.3828125 0.209375
5 0.8046875 0.8296875 0.390625 0.340625