8 0.1796875 0.275 0.359375 0.55
7 0.03038887754358761 0.3560494912194013 0.023601126463433087 0.028261355386194252
2 0.03679341364794113 0.32945062978308287 0.011001132513557322 0.011001132513557365
2 0.09516847414918317 0.5009801961380574 0.014135222872636887 0.01258181323171641
2 0.1718446036376784 0.4810035185431561 0.01416249394987581 0.01726931323171641
3 0.16786108558550167 0.4943074944408551 0.009411361436318443 0.0063045421544778435
3 0.09194348019930736 0.5181858768562165 0.009429542154477666 0.009429542154477843
5 0.03973660646634878 0.36068244906492364 0.048873837235821636 0.07528180113146803
5 0.0765625 0.51953125 0.06875 0.0609375
7 0.15859375 0.52265625 0.0359375 0.0546875
7 0.0734375 0.5296875 0.040625 0.040625
5 0.16015625 0.509375 0.0609375 0.08125
1 0.5914092325369984 0.25242347970832807 0.18274990924813697 0.2588669816532357
2 0.52421875 0.0390625 0.3046875 0.078125
4 0.496875 0.44296875 0.275 0.2140625
5 0.59375 0.275 0.46875 0.55
4 0.1296875 0.63125 0.259375 0.1625
5 0.1796875 0.775 0.359375 0.45
1 0.8 0.7765625 0.4 0.434375
4 0.6796875 0.94453125 0.640625 0.1109375
5 0.6796875 0.775 0.640625 0.45