8 0.0859375 0.10078125 0.171875 0.1953125
8 0.29921875 0.2078125 0.3609375 0.284375
7 0.030683641947820563 0.15816352058625954 0.011082950668363623 0.012563632513557365
5 0.03306375461491147 0.15505215612487894 0.014298857336090797 0.020394313231716588
8 0.034375 0.1734375 0.06875 0.109375
2 0.26864562392586705 0.3212776407049809 0.00950226933481808 0.010992042154477844
5 0.26875 0.3328125 0.021875 0.034375
2 0.73984375 0.15234375 0.5203125 0.3046875
5 0.73984375 0.175 0.5203125 0.35
8 0.3046875 0.675 0.35 0.65
8 0.23984375 0.675 0.4796875 0.65
5 0.9046875 0.6328125 0.190625 0.565625