8 0.19609375 0.2 0.3921875 0.4
0 0.69921875 0.2296875 0.0203125 0.053125
0 0.5927930506404888 0.26953125 0.0361193071815924 0.03125
0 0.46400043012898406 0.2890625 0.039307939695149584 0.0421875
2 0.11183796642972928 0.1859375 0.028243174668035033 0.0203125
7 0.10438453561337417 0.24765625 0.06295451795398091 0.078125
7 0.69296875 0.3421875 0.0328125 0.115625
7 0.5984375 0.35546875 0.06875 0.0890625
7 0.44765625 0.3578125 0.0828125 0.084375
3 0.4602714421310366 0.31953125 0.018895445745273954 0.025
3 0.5953186078220811 0.30078125 0.023564765027114732 0.021875
3 0.6998106651018695 0.2671875 0.018895445745273777 0.025
3 0.1127828428931624 0.2140625 0.020430674668035033 0.0203125
5 0.10427999648395855 0.2296875 0.0928238251355733 0.109375
5 0.4515625 0.33203125 0.1125 0.1359375
5 0.59140625 0.32578125 0.1359375 0.1484375
5 0.66484375 0.29765625 0.0890625 0.2046875
8 0.840625 0.2 0.2625 0.4
8 0.946875 0.21328125 0.10625 0.3734375
0 0.20119538221896976 0.55078125 0.14796584308955402 0.1875
0 0.5237061864736958 0.52578125 0.13055108411256383 0.1484375
2 0.061996526832775435 0.52734375 0.0911613311856975 0.0921875
3 0.06581693930236625 0.646875 0.03938066256778665 0.0546875
3 0.4838220507386847 0.653125 0.02529089149054773 0.05
4 0.48984375 0.83515625 0.2203125 0.3296875
4 0.1515625 0.884375 0.25625 0.23125
4 0.06333280961747927 0.75703125 0.030305644417413992 0.10625
4 0.021875 0.81484375 0.04375 0.3703125
0 0.013177752632278671 0.59609375 0.01896816861791084 0.0375
5 0.04140625 0.696875 0.0828125 0.25
5 0.05078125 0.73828125 0.1015625 0.5234375
0 0.18046875 0.72421875 0.3609375 0.5515625
0 0.47734375 0.7203125 0.3453125 0.559375
9 0.3546875 0.7 0.709375 0.6
8 0.8546875 0.60703125 0.290625 0.4140625