8 0.29453125 0.05078125 0.5890625 0.1015625
8 0.16171875 0.225 0.3234375 0.45
8 0.1 0.5875 0.2 0.275
0 0.74765625 0.6276825549420971 0.0671875 0.05351588544042354
0 0.6265625 0.6890625 0.015625 0.040625
0 0.91875 0.46640625 0.090625 0.0328125
3 0.9375 0.4922030763139237 0.053125 0.03624657220870695
3 0.7625 0.6658774465308408 0.028125 0.022038626463433176
4 0.76953125 0.7361490399149826 0.096875 0.12243860226293642
5 0.925 0.6734375 0.15 0.446875
5 0.73984375 0.7831967567374953 0.18125 0.3666794816532356