8 0.234375 0.35 0.46875 0.7
6 0.140625 0.62734375 0.071875 0.1453125
6 0.26796875 0.62734375 0.0921875 0.1453125
2 0.26682284387512106 0.24549650270527096 0.029814765027114644 0.022220445337363427
2 0.06952007611753189 0.4510272453453176 0.017278403590796177 0.015824994668999892
2 0.010099624322133793 0.45814885467059074 0.018849993949875788 0.017405676002545434
4 0.06619054303824048 0.4861471326782267 0.014244307181592353 0.031413632001909164
5 0.010849058065355133 0.46362669533736345 0.020494307181592352 0.0314863573360908
5 0.07094622073133763 0.47448292667886305 0.023810204722264316 0.0643352200031817
7 0.26645468433239655 0.30877775270527097 0.06453519867214012 0.08199543467536322
3 0.2705609222321481 0.27444820603913456 0.020430674668035033 0.020548857336090798
5 0.26343422346181217 0.29077264003818004 0.09596700585373252 0.11360906134627209
8 0.590625 0.3265625 0.24375 0.653125
8 0.79921875 0.28515625 0.4015625 0.4515625
7 0.0859375 0.85 0.171875 0.3
5 0.1265625 0.85 0.253125 0.3
5 0.66171875 0.85 0.3859375 0.3