8 0.2859375 0.05078125 0.184375 0.1015625
8 0.2751746575978169 0.11891973428551435 0.22004083098930566 0.2231476502711466
5 0.3226314405789125 0.01919244505790285 0.01885908430895533 0.01885908430895533
7 0.32182291950167363 0.023875399878363002 0.014126132513557366 0.011019313231716588
8 0.83671875 0.33125 0.3265625 0.2375
8 0.6671875 0.3171875 0.35625 0.265625
8 0.24453125 0.725 0.4890625 0.55
8 0.13515625 0.884375 0.2703125 0.23125
7 0.36079049161218474 0.882547459692234 0.03144998789975162 0.03455680718159222
2 0.3664365036142373 0.8521105259490127 0.01572499394987581 0.017278403590796288
5 0.3490262898167867 0.8902917819991369 0.06465337334017515 0.10193520472226432
6 0.5275421752572103 0.5916794816532357 0.01894998789975162 0.03448408430895551
6 0.6643291029503073 0.5807561380727022 0.020557939695149584 0.04230567466803503
6 0.7978319493595112 0.5971583637740095 0.02529998184962743 0.05170794574527395
6 0.9474956060735653 0.6558435382456528 0.04419542759490121 0.07681703005422928
6 0.5112904613615636 0.5650215328828997 0.011073855386194254 0.023501132513557364
9 0.76484375 0.821875 0.4703125 0.35625
6 0.5668773860295987 0.5450317406302261 0.011046584308955332 0.018813632513557367
6 0.6021199944408551 0.5303925237095175 0.00947499394987581 0.017242042154477666
9 0.5796364612633679 0.500573213502863 0.033057939695149766 0.04237839754067192