8 0.11640625 0.18984375 0.2328125 0.3203125
8 0.903125 0.175 0.19375 0.35
8 0.8265625 0.175 0.315625 0.35
7 0.8732774852403224 0.22169475546094902 0.030178396005727137 0.042360216822512696
5 0.874858166573868 0.2201413458200287 0.036537484006999674 0.05177157825883114
9 0.65 0.990625 0.0375 0.01875
9 0.5341791699156857 0.8838014083643742 0.04571248933799978 0.034638620413308986
9 0.055990535248276616 0.8864885084860111 0.03788180800445442 0.03303066861791102
9 0.01328125 0.884375 0.0265625 0.028125
8 0.834375 0.675 0.33125 0.65
5 0.9265625 0.36796875 0.075 0.0359375