8 0.153125 0.340625 0.30625 0.296875
8 0.11640625 0.27421875 0.2328125 0.4296875
0 0.1555799178323439 0.4069819652689575 0.004723861436318444 0.006304544000636269
7 0.15959525214129933 0.42568651193509394 0.009502265027114732 0.02198408800127254
5 0.16041740875715763 0.43270867126832113 0.019104524004105096 0.061155676002545435
9 0.16583616178221972 0.4240512866009121 0.04563975292686617 0.05677725867281787
8 0.2078327642415477 0.39074789059518517 0.04558521077238851 0.04740225867281787
8 0.26652650819142354 0.4072535905872309 0.056595433645025395 0.060029528007635946
8 0.3218861738824682 0.38785815324636763 0.03942611436318479 0.06295453333863606
8 0.3437657190620079 0.3883848645767314 0.04725679508134384 0.0661704400063634
8 0.3726265172666098 0.38023600990614065 0.048882927594901204 0.07712612133990895
8 0.4069924269075303 0.37827352056814084 0.0613829275949012 0.07727157200827221
8 0.458441297419035 0.35814228656114117 0.052144282981095455 0.10059998400699968
8 0.47725038475305254 0.36808036055859594 0.04892837939029935 0.08493862133990895
8 0.5045941347530526 0.3677621872215505 0.041061337235821324 0.0754727146721816
9 0.5835276558302913 0.37153152987750565 0.0818863251355733 0.11032042934436319
8 0.81484375 0.24453125 0.3703125 0.4890625
8 0.8734375 0.2328125 0.253125 0.465625
0 0.9655543606507516 0.21494900660409383 0.014135222872636887 0.012663632001908986
3 0.966421969062008 0.22978366593732105 0.009438632513557366 0.011046588001272718
4 0.971200372652804 0.24535412193668477 0.0220658975406721 0.03306703866963616
5 0.97578125 0.24765625 0.0484375 0.0859375
0 0.3196186501729506 0.667393848623502 0.05526019262201594 0.09907384667409058
0 0.353125 0.52265625 0.128125 0.0671875
7 0.41946918012898404 0.7748330839433663 0.21736125858420702 0.3009465240292714
5 0.3162896379745064 0.7666580519573655 0.11099308391617199 0.2793976933481811
4 0.32270780961747925 0.7954915766231837 0.07586358411256366 0.1493102040101813
5 0.440625 0.74453125 0.325 0.5109375