8 0.2890625 0.15390625 0.38125 0.3078125
5 0.2888314019335031 0.15390625 0.009756808004454331 0.0328125
2 0.51328125 0.38515625 0.0671875 0.0890625
5 0.58046875 0.434375 0.2015625 0.190625
1 0.09609375 0.7328125 0.1921875 0.240625
4 0.23984375 0.89296875 0.4796875 0.2140625
5 0.23984375 0.76484375 0.4796875 0.4703125
0 0.604202410606321 0.83046875 0.18913741470399828 0.275
3 0.583335379933185 0.878125 0.08301358935390812 0.1515625
4 0.53515625 0.9171875 0.1109375 0.165625
5 0.69921875 0.76484375 0.4390625 0.4703125