8 0.21484375 0.11484375 0.4296875 0.2296875
7 0.140625 0.06953125 0.28125 0.1390625
7 0.16015625 0.06171875 0.3203125 0.1234375
5 0.30859375 0.0765625 0.1296875 0.153125
5 0.15859375 0.2625 0.3171875 0.525
3 0.60078125 0.196875 0.009375 0.009375
0 0.59921875 0.17578125 0.0203125 0.021875
4 0.61484375 0.21171875 0.034375 0.04375
4 0.5390625 0.25234375 0.028125 0.065625
5 0.53203125 0.25078125 0.0578125 0.1328125
5 0.609375 0.2359375 0.06875 0.146875
6 0.3640625 0.77421875 0.0234375 0.05625
6 0.23046875 0.77734375 0.0203125 0.0453125
6 0.10703125 0.82265625 0.01875 0.0421875
6 0.01953125 0.87890625 0.021875 0.05
9 0.31015625 0.9078125 0.2390625 0.184375
8 0.64375 0.76484375 0.428125 0.4703125
8 0.87734375 0.76484375 0.2453125 0.4703125