8 0.334375 0.2796875 0.090625 0.146875
8 0.15266608792173084 0.3836134933607006 0.11546246268299924 0.12097609621281222
8 0.0265625 0.36640625 0.053125 0.1015625
9 0.02932913259868495 0.307109559813871 0.03166817067154524 0.0361193071815924
8 0.662279087285184 0.25507592378427224 0.2213499306969986 0.22471015027114644
8 0.68984375 0.36953125 0.6203125 0.7390625
3 0.5944557879535475 0.24218049316430887 0.009520450668363623 0.012554542154477665
2 0.5954279419557749 0.22577878834384868 0.015843176002545433 0.0188409035907962
4 0.6035762492839114 0.2641100353187866 0.022329533338636055 0.039189765027114645
5 0.5950370432845477 0.2593725383438487 0.04792951734563573 0.09089771077238851
6 0.68359375 0.91875 0.2046875 0.1625
6 0.53828125 0.909375 0.1359375 0.18125
6 0.4359375 0.89765625 0.1125 0.2046875