8 0.20078125 0.28203125 0.4015625 0.3546875
2 0.34765625 0.11073334074631451 0.025 0.022165901336727113
2 0.39921875 0.2753958247533142 0.0390625 0.061392033338636146
2 0.1859375 0.344007822724361 0.0375 0.02543635200509069
3 0.190625 0.3698436167249973 0.0203125 0.015861357336090797
4 0.1796875 0.421875 0.04375 0.075
4 0.35546875 0.18660549741404173 0.0484375 0.10837612133990877
4 0.41796875 0.3459265007558595 0.0734375 0.16022952267663593
5 0.43203125 0.3484375 0.1765625 0.221875
5 0.35078125 0.24592595341340537 0.0921875 0.2963851986791813
5 0.1953125 0.39296875 0.1375 0.1328125
8 0.775 0.2296875 0.45 0.459375
5 0.7828125 0.09368220074790531 0.0546875 0.07876134667409058
8 0.29609375 0.6236675033815887 0.2796875 0.30637945870463457
8 0.31015625 0.7296875 0.4796875 0.540625
2 0.52890625 0.5052827720798599 0.009375 0.012609088001272717
4 0.53359375 0.5420560660804963 0.0171875 0.03926249466899989
5 0.52265625 0.5388037967456782 0.0390625 0.08326703333863605
3 0.5265625 0.5208805000795418 0.009375 0.011046588001272718
8 0.775 0.7296875 0.45 0.540625
8 0.6390625 0.83515625 0.178125 0.3296875
0 0.55390625 0.93984375 0.0078125 0.0109375
3 0.55390625 0.9546875 0.0078125 0.009375
4 0.55546875 0.96875 0.0109375 0.03125
5 0.55703125 0.9671875 0.0140625 0.065625