8 0.2 0.28984375 0.4 0.5796875
9 0.09375 0.40703125 0.1875 0.3453125
0 0.959375 0.0171875 0.08125 0.034375
1 0.9429197947867565 0.06796875 0.05504202400410492 0.0609375
4 0.9133828065924172 0.228125 0.15650557181592362 0.3125
5 0.8265625 0.28984375 0.346875 0.5796875
5 0.16875 0.64140625 0.1625 0.1234375
3 0.31537203258831215 0.8921875 0.028343168617910662 0.0375
0 0.3297749001729507 0.81640625 0.09445904800821019 0.121875
7 0.32109375 0.9375 0.1578125 0.125
5 0.2921875 0.878125 0.215625 0.24375
4 0.6640625 0.64140625 0.171875 0.1234375
5 0.68515625 0.78984375 0.3703125 0.4203125