8 0.35625 0.3125 0.20625 0.253125
8 0.19140625 0.33046875 0.3828125 0.2171875
8 0.2296875 0.71953125 0.459375 0.5609375
5 0.1263149767814618 0.7924613146880899 0.0867010901626879 0.13224997334499947
5 0.2119535366935287 0.5762556066995439 0.031586343285945874 0.05817612667090888
7 0.2112177384889268 0.5684340160327712 0.011055674668035032 0.02043976933481808
7 0.14665020267916087 0.7887914220241807 0.03470225292686622 0.056649989337999786
3 0.15700644057891247 0.754534600692226 0.012563632513557322 0.011082950668363623
2 0.1609854134515494 0.7420800540260897 0.01255454215447771 0.009520450668363623
0 0.21051830172064329 0.5543624253659984 0.009438632513557366 0.011046588001272718
8 0.7296875 0.71953125 0.540625 0.5609375