8 0.203125 0.340625 0.40625 0.41875
5 0.18515625 0.40701605181883915 0.059375 0.1315954336450254
1 0.33984375 0.5896911546709507 0.040625 0.040861349336070066
1 0.40859375 0.59140625 0.0203125 0.0234375
1 0.06015625 0.56796875 0.0484375 0.0359375
1 0.021875 0.6032597927436528 0.0203125 0.012618174668035031
2 0.01796875 0.5743762686413519 0.0265625 0.022029536104353476
4 0.01484375 0.67890625 0.0296875 0.1359375
5 0.01953125 0.5860859282822724 0.0328125 0.0548783975406721
5 0.01484375 0.653125 0.0296875 0.19375
5 0.1328125 0.775 0.24375 0.45
5 0.24375 0.775 0.2125 0.45
5 0.409375 0.61640625 0.01875 0.1015625
5 0.35625 0.775 0.125 0.45
4 0.3640625 0.6637690041052167 0.08125 0.13953519867214012
4 0.2125 0.67890625 0.1125 0.2578125
4 0.10078125 0.7082694796101322 0.1359375 0.25547836123992684
0 0.553125 0.7546682775201464 0.115625 0.11473518657189166
0 0.8734375 0.6078125 0.121875 0.115625
4 0.91875 0.859375 0.1625 0.26875
4 0.57421875 0.9328125 0.1546875 0.134375
3 0.87421875 0.7348314587292851 0.05 0.04247839149054773
3 0.58203125 0.8568438558771735 0.0515625 0.04873748184962743
5 0.6140625 0.8421875 0.321875 0.315625
5 0.86328125 0.775 0.2734375 0.45