8 0.134375 0.26875 0.26875 0.5
8 0.57578125 0.31796875 0.1078125 0.4015625
9 0.50703125 0.1984375 0.0484375 0.0546875
9 0.3359375 0.15625 0.0453125 0.059375
9 0.46953125 0.1765625 0.1265625 0.084375
9 0.5203125 0.27890625 0.0828125 0.0796875
0 0.54921875 0.24921875 0.009375 0.009375
7 0.5515625 0.26484375 0.0109375 0.0171875
5 0.55078125 0.26015625 0.015625 0.0328125
0 0.19765625 0.42890625 0.0109375 0.0109375
7 0.19609375 0.459375 0.021875 0.0390625
5 0.20546875 0.4703125 0.0453125 0.096875
0 0.4046875 0.3328125 0.009375 0.0078125
4 0.403125 0.3546875 0.015625 0.03125
5 0.40625 0.37109375 0.0296875 0.0875
5 0.4203125 0.36796875 0.03125 0.0890625
5 0.36875 0.4734375 0.046875 0.090625
5 0.4 0.4734375 0.05 0.090625
5 0.41875 0.4703125 0.040625 0.096875
5 0.4359375 0.46640625 0.046875 0.1046875
5 0.41328125 0.4140625 0.0140625 0.01875
5 0.434375 0.3984375 0.021875 0.0375
0 0.43203125 0.3875 0.015625 0.015625
7 0.4328125 0.40546875 0.0140625 0.0171875
0 0.446875 0.38203125 0.0109375 0.0125
7 0.45234375 0.4109375 0.0234375 0.0453125
5 0.45234375 0.40703125 0.028125 0.0671875
0 0.44140625 0.41328125 0.0140625 0.015625
7 0.4515625 0.44140625 0.021875 0.0390625
5 0.45625 0.4609375 0.04375 0.115625
7 0.43046875 0.45078125 0.0328125 0.046875
7 0.41328125 0.45546875 0.028125 0.046875
7 0.39609375 0.46640625 0.0390625 0.0484375
7 0.365625 0.46796875 0.0359375 0.04375
0 0.36328125 0.43671875 0.0125 0.015625
0 0.38828125 0.43828125 0.0140625 0.0140625
0 0.4125 0.42265625 0.0109375 0.0109375
0 0.4296875 0.421875 0.0125 0.0140625
0 0.41484375 0.3296875 0.0109375 0.0109375
0 0.446875 0.32890625 0.0140625 0.0125
0 0.45390625 0.32109375 0.0109375 0.0125
0 0.49453125 0.36640625 0.0109375 0.0125
0 0.46484375 0.37578125 0.0140625 0.0140625
0 0.4859375 0.40703125 0.0140625 0.0171875
0 0.4984375 0.41171875 0.0125 0.015625
0 0.540625 0.38046875 0.0140625 0.015625
0 0.5859375 0.4171875 0.0109375 0.01875
6 0.521875 0.365625 0.0140625 0.03125
7 0.5859375 0.4484375 0.0265625 0.0453125
5 0.5765625 0.46171875 0.0625 0.1140625
5 0.5484375 0.42890625 0.04375 0.1171875
5 0.50703125 0.39296875 0.0390625 0.075
5 0.4859375 0.4578125 0.05 0.121875
5 0.5046875 0.45703125 0.05 0.1234375
5 0.471875 0.40078125 0.028125 0.065625
5 0.44921875 0.3484375 0.0234375 0.0546875
5 0.459375 0.3421875 0.0234375 0.059375
7 0.5484375 0.4109375 0.0265625 0.046875
7 0.5015625 0.38828125 0.0203125 0.0296875
7 0.5 0.4390625 0.0296875 0.0453125
7 0.4828125 0.4421875 0.0296875 0.0484375
7 0.47109375 0.40234375 0.025 0.04375
7 0.44921875 0.353125 0.01875 0.0359375
7 0.459375 0.346875 0.0171875 0.03125
7 0.4171875 0.353125 0.0234375 0.034375
6 0.38671875 0.2078125 0.009375 0.0265625
6 0.37578125 0.20390625 0.009375 0.0203125
6 0.38046875 0.1953125 0.0109375 0.0296875
0 0.19609375 0.9515625 0.0984375 0.0703125
0 0.084375 0.9578125 0.15 0.084375
0 0.11875 0.5328125 0.1 0.028125
0 0.0390625 0.55 0.078125 0.0625
3 0.17109375 0.9859375 0.0453125 0.028125
5 0.24375 0.93046875 0.4625 0.1390625
5 0.3078125 0.9421875 0.315625 0.115625