8 0.05859375 0.1515625 0.1171875 0.253125
8 0.06484375 0.29453125 0.1296875 0.2078125
5 0.0703125 0.1989785612667303 0.0171875 0.017387494668999894
7 0.06953125 0.20367515193350308 0.0140625 0.009538632001908987
0 0.9734375 0.234375 0.053125 0.053125
4 0.940625 0.3640625 0.11875 0.225
3 0.72734375 0.01328125 0.0296875 0.0265625
4 0.65703125 0.1203125 0.1671875 0.240625
5 0.6703125 0.23984375 0.240625 0.4796875
5 0.9203125 0.334375 0.159375 0.290625
5 0.6421875 0.2875 0.184375 0.165625
8 0.3 0.77734375 0.5 0.4453125
2 0.37109375 0.7546382152689575 0.03125 0.03630112667090888
4 0.37109375 0.8054194652689575 0.0578125 0.038172709341181485
5 0.37421875 0.7796018526018667 0.08125 0.08844542934436328
7 0.7015625 0.5675489373010925 0.04375 0.09738407733927232
7 0.65859375 0.5946114239735921 0.0703125 0.13050566000954494
7 0.73515625 0.5976267886298653 0.0609375 0.1194590720082724
7 0.7796875 0.6010148706238201 0.0421875 0.09580339600572714
7 0.8 0.6523410132877293 0.0765625 0.1665158853437269
7 0.85390625 0.5798387572804116 0.046875 0.0911704400063634
7 0.87421875 0.6600711499443207 0.071875 0.12114884134309048
7 0.909375 0.6190370699395482 0.03125 0.07380112667090888
7 0.94921875 0.68046875 0.1015625 0.1859375
7 0.99453125 0.6265625 0.0109375 0.1
0 0.978125 0.54765625 0.04375 0.0484375
0 0.91171875 0.5580722979392301 0.01875 0.025218176002545434
0 0.8921875 0.5465808146085481 0.0359375 0.03948067067154515
0 0.884375 0.5271404712762753 0.0203125 0.015861357336090797
0 0.86171875 0.5055291006126843 0.025 0.026853401336727246
0 0.82734375 0.5176478399506841 0.0453125 0.045839758672817865
0 0.8 0.5296847632877293 0.0171875 0.02207499466899989
0 0.7421875 0.5045762226289108 0.034375 0.03477498933799979
0 0.6859375 0.4875 0.015625 0.015625
0 0.67578125 0.49296875 0.0359375 0.0265625
3 0.67890625 0.5264063166375014 0.015625 0.01736931333545435
3 0.73515625 0.5351267886298653 0.015625 0.014244313335454529
3 0.8015625 0.553885331954184 0.0109375 0.014189769334818081
3 0.8265625 0.5590631806174569 0.0203125 0.018986357336090796
3 0.8609375 0.5352256912794571 0.0140625 0.014226132001908986
3 0.90390625 0.5667569546069573 0.00625 0.007885225334181812
3 0.89296875 0.5832904739417754 0.0125 0.012645450668363622
3 0.97578125 0.5987331132638668 0.01875 0.023655676002545433
5 0.5828125 0.73984375 0.065625 0.5203125
5 0.68671875 0.62421875 0.0828125 0.2890625
5 0.6546875 0.65 0.1125 0.340625
5 0.73046875 0.6461188326305016 0.1203125 0.32639996268299926
5 0.778125 0.6244705519573656 0.0609375 0.2163340720082724
5 0.803125 0.7101171506206386 0.13125 0.4359022320178174
5 0.84765625 0.6345989826145934 0.0734375 0.28679202267663584
5 0.88359375 0.5349620619430481 0.0203125 0.034611357336090796
5 0.9046875 0.6401853639401847 0.046875 0.1942954400063634
5 0.87578125 0.6725529686107752 0.0984375 0.291770424013363
5 0.9859375 0.628125 0.028125 0.08125
5 0.9390625 0.73359375 0.121875 0.4296875
5 0.9859375 0.66484375 0.028125 0.2765625