8 0.403125 0.253125 0.23125 0.50625
8 0.0421875 0.165625 0.084375 0.33125
0 0.02109375 0.07890625 0.0421875 0.0421875
0 0.41019469495970695 0.17134302940004237 0.04557612041330898 0.045839758672817865
0 0.37261288172799045 0.15684417739495177 0.03303066861791084 0.037881808004454245
0 0.34194868900777864 0.1228958913908155 0.04714771077238851 0.047420440006363404
0 0.23574868598271653 0.13025331070972523 0.029887487899751618 0.034720445337363515
0 0.2222492673648057 0.09259876937458902 0.03302157825883114 0.036319308004454244
0 0.16558163172799042 0.1544351507001803 0.03453862646343318 0.028524989337999785
3 0.00703125 0.11328125 0.0140625 0.0234375
3 0.32416629136891084 0.1547180560550429 0.014153403590796287 0.015788632001908987
3 0.3727946889095827 0.18809417739495177 0.01886817466803503 0.020530676002545434
3 0.3971407039366975 0.21025098806490608 0.020439765027114733 0.0221113573360908
7 0.42172761347942195 0.27381404873486054 0.08523858411256366 0.14941929201145393
7 0.36764410147736937 0.24271804272754266 0.060047686571891745 0.11631589067472685
7 0.3237895623479538 0.22424021538827024 0.08043290944452863 0.12905224801081766
7 0.23339182132494424 0.26224819804263433 0.0395170179539809 0.07857953333863606
7 0.2080736587571576 0.20726979670590726 0.07587267447164336 0.15087270401018138
7 0.1496662611182898 0.2386192466979531 0.0586124515990063 0.13817270934118148
7 0.0265625 0.1875 0.053125 0.153125
5 0.03984375 0.24765625 0.0796875 0.3890625
5 0.14597363455666076 0.2752925433640895 0.0891271742752516 0.280705654678545
5 0.19126340865896174 0.27191355203690737 0.14456917407885986 0.4110295013526354
5 0.2233446556338996 0.280880019374589 0.11133851756119739 0.33877269334818116
5 0.31013158332699675 0.29360783338636126 0.1351396319243822 0.40154541335136285
5 0.3579105531745716 0.31525611405949727 0.10209987294739165 0.36210110534690865
5 0.40414065856076586 0.3392299633990879 0.14284304761542668 0.38288632001908984
2 0.5453125 0.4828125 0.053125 0.09375
1 0.228125 0.8296875 0.45625 0.340625
2 0.22421875 0.62421875 0.4484375 0.1484375
4 0.259375 0.9359375 0.51875 0.128125
5 0.259375 0.775 0.51875 0.45
7 0.88984375 0.775 0.2203125 0.45
5 0.87734375 0.775 0.2453125 0.45