8 0.175 0.25390625 0.35 0.4703125
0 0.021875 0.478125 0.028125 0.021875
0 0.2921875 0.463056074546398 0.040625 0.040861349336070066
0 0.3296875 0.45389924316430885 0.0296875 0.032985216822512695
3 0.32734375 0.48125 0.0171875 0.015625
1 0.66328125 0.22379813182618627 0.5078125 0.28264186670087577
2 0.69921875 0.0265625 0.5734375 0.053125
4 0.675 0.403125 0.65 0.171875
5 0.675 0.24453125 0.65 0.4890625
8 0.07421875 0.74453125 0.1484375 0.5109375
4 0.51796875 0.81953125 0.3359375 0.3609375
5 0.675 0.74453125 0.65 0.5109375
1 0.4625 0.59921875 0.190625 0.2203125