8 0.24453125 0.35 0.4890625 0.7
2 0.15859375 0.39844878003658923 0.0234375 0.026835220003181705
3 0.16171875 0.42348514270368015 0.0171875 0.01894999466899989
4 0.1640625 0.46257491470399825 0.0296875 0.058157945337363515
5 0.1765625 0.4752203653723619 0.0703125 0.1851931600095451
8 0.9390625 0.32734375 0.121875 0.1296875
8 0.73046875 0.4013572460614062 0.0984375 0.10583292401336308
8 0.60703125 0.3694521707113161 0.053125 0.09436816534054522
9 0.621875 0.31337489337999785 0.0265625 0.03155908267027261
9 0.5578125 0.31262945870463454 0.0296875 0.03159544533736351
9 0.525 0.3239664007001803 0.01875 0.018968176002545432
9 0.51328125 0.34726754069858945 0.034375 0.03789998933799978
2 0.359375 0.71328125 0.175 0.0265625
9 0.084375 0.85 0.16875 0.3
3 0.02265625 0.73515625 0.0453125 0.0640625
3 0.353125 0.7990076894493583 0.1171875 0.06855110001590851
4 0.31953125 0.90078125 0.3265625 0.1984375
4 0.07578125 0.87265625 0.1515625 0.2546875
7 0.25390625 0.76875 0.3171875 0.1375
5 0.096875 0.85 0.19375 0.3
5 0.28046875 0.85 0.4171875 0.3
5 0.25859375 0.7828125 0.4609375 0.165625
8 0.6640625 0.85 0.35 0.3