8 0.2625 0.3625 0.346875 0.2125
8 0.51015625 0.2890625 0.1578125 0.359375
0 0.8046875 0.3325660185431561 0.075 0.08324883723582169
0 0.615625 0.2921875 0.053125 0.140625
5 0.83828125 0.3765625 0.2203125 0.184375
5 0.70546875 0.3359375 0.2328125 0.265625
4 0.67734375 0.40390625 0.1765625 0.1296875
4 0.82109375 0.43046875 0.1265625 0.0765625
4 0.9015625 0.23356491628021986 0.021875 0.04075226502711473
0 0.8984375 0.20311434699837902 0.015625 0.017278403590796198
5 0.909375 0.2561757144848217 0.0515625 0.13311248184962743
3 0.2953125 0.91484375 0.5875 0.1703125
2 0.29453125 0.63046875 0.5890625 0.3234375
4 0.29453125 0.91796875 0.5890625 0.1640625
5 0.29453125 0.734375 0.5890625 0.53125
8 0.94609375 0.85625 0.1078125 0.2875