8 0.22421875 0.153125 0.4484375 0.30625
2 0.7828125 0.23171055410563152 0.171875 0.2004374466899989
0 0.60859375 0.06328125 0.0796875 0.1265625
3 0.71328125 0.3859375 0.0703125 0.128125
3 0.58359375 0.16640625 0.0296875 0.0703125
4 0.6125 0.32109375 0.0875 0.2578125
5 0.7859375 0.28515625 0.353125 0.3296875
5 0.64453125 0.225 0.1515625 0.45
7 0.1484375 0.7606675167090889 0.0796875 0.15561474801081765
1 0.18046875 0.6790089840467706 0.025 0.04091590133672707
1 0.5203125 0.5665571740929047 0.0296875 0.025345445337363513
1 0.5234375 0.7158122867599956 0.0359375 0.036355670671545326
1 0.3109375 0.5750583753978151 0.0390625 0.03482953333863605
2 0.52421875 0.5119151274267685 0.05625 0.042842028007635945
2 0.528125 0.64921875 0.08125 0.0734375
2 0.31328125 0.5118043973981334 0.0796875 0.06186474801081765
4 0.28984375 0.6482504273949518 0.090625 0.14324201734563574
4 0.45703125 0.4681645800843143 0.03125 0.03630112667090888
4 0.48203125 0.6262679814210415 0.078125 0.12278406667727229
4 0.53515625 0.8265625 0.0671875 0.203125
5 0.49609375 0.8015625 0.1453125 0.396875
5 0.47890625 0.6129503687539506 0.153125 0.2674067706874535
5 0.45390625 0.50546875 0.0453125 0.1109375
5 0.33984375 0.4734375 0.0390625 0.046875
5 0.28671875 0.6294640647278609 0.1625 0.3065783586887264
5 0.13671875 0.7917811567074982 0.121875 0.3842306440165448
5 0.02265625 0.71328125 0.0453125 0.5046875
0 0.17265625 0.6257930773790433 0.046875 0.058357940006363226
1 0.784375 0.9359375 0.43125 0.128125
2 0.784375 0.66328125 0.43125 0.2609375
5 0.784375 0.7609375 0.43125 0.478125