8 0.284375 0.21640625 0.56875 0.4328125
2 0.56015625 0.0859375 0.0171875 0.015625
5 0.52421875 0.14375 0.0890625 0.1375
4 0.690625 0.06640625 0.2125 0.1328125
5 0.7421875 0.225 0.346875 0.45
8 0.284375 0.725 0.56875 0.55
0 0.7359620352880476 0.482364320615866 0.02549089600572696 0.04247840133672707
0 0.813050151933503 0.637696163271821 0.023855670671545325 0.036210220003181706
0 0.7203995752705483 0.611434202617775 0.02705339600572696 0.04249658267027243
0 0.8778377159055044 0.8431643659293669 0.022274989337999783 0.03462953866963616
0 0.9456882872374589 0.85252972792014 0.019149989337999784 0.03459317600254543
7 0.9409007899029589 0.8611780219207763 0.04131589067472703 0.0598477146721816
7 0.8097524292648213 0.6525762759389119 0.0382090720082723 0.06137385200509069
7 0.7280120806015484 0.6285307959500478 0.061919292011454095 0.0850840720082724
7 0.7356620432845478 0.508145570615866 0.05092724801081765 0.0802693026734543
7 0.634375 0.47265625 0.078125 0.0453125
5 0.64375 0.5171875 0.103125 0.134375
5 0.7446188726130025 0.5439739826145933 0.07696358402290801 0.16962270401018137
5 0.7449359512651395 0.6509870512810478 0.09529541335136286 0.1339033800127268
5 0.8173194812619577 0.6735791192711847 0.06529883068109035 0.1069954346753633
5 0.8768291992361863 0.8627047065961395 0.038518154678545004 0.0879363520050905
5 0.9415093172342773 0.8760126812540037 0.04636701734563573 0.09115225867281787