8 0.0703125 0.20078125 0.140625 0.3359375
8 0.38046875 0.309375 0.4578125 0.61875
5 0.4133150070320829 0.39688661322409596 0.06947722872636923 0.12579997867599957
5 0.3951336753554061 0.165082629893414 0.02376475292686635 0.0565227200031817
7 0.39673708197126434 0.15803319855986855 0.009484084308955332 0.018859088001272718
7 0.3961820491865605 0.3877116078930959 0.02688066256778665 0.05499658267027243
3 0.3956098774453918 0.35178319855986856 0.010992042154477666 0.00950226933481808
2 0.3956871454975685 0.33850194855986854 0.010982951795398144 0.00793976933481808
0 0.40228310002344114 0.1446883138924595 0.007876132513557366 0.011028406667727175
8 0.8046875 0.2828125 0.390625 0.565625
8 0.2234375 0.86640625 0.446875 0.2671875
5 0.11395237392935034 0.8648580999363666 0.0220568071815924 0.031504538669636165
4 0.64296875 0.72109375 0.0671875 0.2046875
5 0.67421875 0.809375 0.1296875 0.38125