8 0.29296875 0.08125 0.4734375 0.1625
8 0.26484375 0.31328125 0.5296875 0.4109375
4 0.64375 0.11953125 0.228125 0.2390625
5 0.76484375 0.259375 0.4703125 0.51875
8 0.43515625 0.78359375 0.1890625 0.3640625
0 0.48984375 0.8141668760741329 0.0046875 0.006304544000636269
7 0.4890625 0.8344702854073602 0.0078125 0.023528406667727354
5 0.48984375 0.8422918760741329 0.0140625 0.06422613200190881
9 0.4828125 0.8351788100731785 0.0421875 0.05517839600572714
8 0.43203125 0.8095879167329516 0.04375 0.04582157733927232
8 0.37578125 0.8394021387253154 0.0546875 0.056886346674090406
8 0.315625 0.8324521573838158 0.034375 0.06289998933799978
8 0.29296875 0.8368760280474069 0.0421875 0.06611589600572713
8 0.26171875 0.834168651376498 0.04375 0.07707157733927242
8 0.2265625 0.8400095713717255 0.05625 0.07565452800763595
8 0.16953125 0.8307522026973168 0.04375 0.10363407733927232
8 0.15234375 0.8446147080283168 0.0421875 0.08642839600572713
8 0.125 0.8497652846912717 0.0359375 0.07698067067154532
9 0.04453125 0.8714851960136812 0.0734375 0.11022952267663584
8 0.8203125 0.759375 0.359375 0.48125
7 0.55390625 0.8848033560232261 0.0265625 0.05499658267027243
0 0.53984375 0.8502647240213171 0.009375 0.01417158800127254
5 0.55234375 0.8941601746896808 0.040625 0.10828521467218159