8 0.0203125 0.6375 0.040625 0.14375
8 0.16273895374030573 0.6439739826145934 0.08323974687674199 0.07440111067790856
8 0.404067935688129 0.6278837165818221 0.058203385440423715 0.06786020934118149
8 0.3727861194313503 0.622778593252731 0.13799996974937906 0.08753745735199914
2 0.7171875 0.1859375 0.296875 0.14375
3 0.7359375 0.43125 0.334375 0.20625
4 0.784375 0.59375 0.43125 0.23125
5 0.784375 0.39296875 0.43125 0.6328125
5 0.128125 0.8546875 0.25625 0.290625
4 0.121875 0.884375 0.21875 0.23125
4 0.390625 0.8546875 0.278125 0.290625
5 0.3765625 0.8546875 0.384375 0.290625
3 0.08607541802873567 0.7397035586012303 0.04872839149054773 0.05056362133990877
6 0.784375 0.8546875 0.43125 0.290625