8 0.27265625 0.134375 0.5453125 0.26875
9 0.31328125 0.16796875 0.4734375 0.2015625
1 0.6885812420034998 0.024663097986955144 0.06778748400699967 0.04932619597391029
1 0.9293067866804539 0.09614446260345745 0.07232953333863605 0.03989884134309045
1 0.6425891313653622 0.23387391864259205 0.06798747867599957 0.06953179734245411
1 0.91015625 0.23984375 0.0765625 0.0578125
2 0.9417516953373635 0.027169385303955896 0.09287839067472703 0.05433877060791179
2 0.6437874573519992 0.13540914664227385 0.07890679734245402 0.06809656667727224
2 0.9260096113542262 0.14853366593732106 0.09622156667727211 0.07923406134627213
4 0.5671875 0.0953125 0.034375 0.190625
4 0.6984375 0.153125 0.165625 0.23125
4 0.97890625 0.17734375 0.0421875 0.1546875
4 0.7769079453373634 0.028123905315091745 0.09131589067472685 0.05624781063018349
4 0.94296875 0.04375 0.1140625 0.0875
5 0.7813323633434086 0.07267333664863719 0.10641472668681722 0.14534667329727438
5 0.6146079400063633 0.046238653325909436 0.08546588001272663 0.09247730665181887
5 0.70546875 0.134375 0.2390625 0.26875
5 0.5734375 0.134375 0.046875 0.26875
5 0.65390625 0.18046875 0.2078125 0.1765625
5 0.884375 0.18359375 0.23125 0.1703125
5 0.9109375 0.134375 0.178125 0.26875
5 0.91640625 0.08125 0.1671875 0.1625
5 0.275 0.634375 0.55 0.73125
3 0.7347322727164067 0.44083025393859376 0.06967724801081765 0.08048747867599956
2 0.7125 0.3109375 0.153125 0.084375
5 0.6828125 0.446875 0.265625 0.35625
9 0.775 0.634375 0.45 0.73125