8 0.32421875 0.234375 0.6109375 0.46875
8 0.484375 0.684375 0.290625 0.43125
8 0.21796875 0.878125 0.4359375 0.24375
0 0.811494473560008 0.8824959000747548 0.07075792759490121 0.07697156615858276
0 0.6578125 0.77890625 0.05625 0.1296875
5 0.76328125 0.91796875 0.2265625 0.1640625
5 0.70390625 0.84765625 0.1484375 0.3046875
4 0.6796875 0.91328125 0.1 0.1734375
4 0.77265625 0.96640625 0.1203125 0.0671875
4 0.9258842264868743 0.8269094962875668 0.020530668617910662 0.037618174668034854
0 0.9322933077707676 0.7996021077238853 0.01572499394987581 0.01727840359079611
5 0.9257524162802199 0.8495657462875668 0.04914654800821019 0.12215680113146803