8 0.29883539227611466 0.4537464493952699 0.22592721662612103 0.16199311203054415
4 0.3890104195016736 0.5321447167409057 0.03782725292686617 0.05668635200509069
2 0.3994121091968233 0.4900753954089511 0.015697722872636887 0.01268181333545435
3 0.39777234114464655 0.5033384640754056 0.014135222872636887 0.012663632001908986
5 0.38984375 0.5234375 0.0671875 0.090625
9 0.07890625 0.44375 0.1578125 0.065625
8 0.8 0.28515625 0.4 0.4484375
5 0.8712871091968232 0.3219413713796797 0.02208407825883114 0.03619203866963616
8 0.7406138261175318 0.35557948002863504 0.1271715540583343 0.10616018801718105
8 0.1046875 0.784375 0.209375 0.43125
8 0.725 0.784375 0.25 0.43125