8 0.2828125 0.52109375 0.134375 0.2578125
8 0.10546875 0.50546875 0.2109375 0.2234375
8 0.09813367659932126 0.40947882873167885 0.10899428668045381 0.10281701201463563
1 0.7296875 0.48671875 0.540625 0.3265625
2 0.73671875 0.17265625 0.5265625 0.3453125
5 0.675 0.325 0.65 0.65
4 0.675 0.571875 0.65 0.15625
9 0.06610187925686714 0.8835515807208612 0.02692612667090888 0.03155908267027243
9 0.32589450258595826 0.9178287727561777 0.01762385200509069 0.03769999466899989
9 0.2929547332511402 0.9283844647517234 0.08068747334499946 0.08686474801081764
9 0.2522479172501857 0.9349430000795419 0.017623852005090514 0.03769999466899989
9 0.22970984591823101 0.9245231207431328 0.047511346674090585 0.055232940006363404
0 0.8979347766152296 0.7963446714274047 0.03323067067154532 0.036319308004454244
0 0.977449553946548 0.8121156694382226 0.037936352005090865 0.03793635200509078
0 0.8477802352800934 0.8090441187539505 0.036355670671545326 0.036355670671545326
0 0.6484256726209566 0.7512481580601336 0.03479317067154515 0.03633748933799978
0 0.6993705546228657 0.7377765514003606 0.031649989337999784 0.03473862667090888
0 0.4522506539624563 0.6888010600334076 0.04264203333863623 0.03955339600572696
0 0.9357433119430482 0.8374151140992682 0.03797271467218159 0.041061352005090514
0 0.7262506806174568 0.7779384747374058 0.03481135200509069 0.03789998933799978
0 0.8152040926161842 0.7883498107494962 0.03323067067154532 0.03631930800445451
0 0.9890625 0.86328125 0.021875 0.0359375
0 0.7857711312858203 0.7661293654121327 0.03323067067154532 0.03631930800445442
0 0.5910217052832751 0.7826157893857248 0.04780224801081765 0.08023294000636341
0 0.761951823281366 0.7986691454089512 0.03642839600572696 0.042605670671545325
0 0.38477225262572917 0.7130192626909534 0.05374316534054513 0.05374316534054504
3 0.9866331026018667 0.8958275981062679 0.01893181333545435 0.015843176002545433
3 0.9692643366088664 0.8440560127704952 0.025218176002545434 0.019040901336727246
3 0.9274944599379573 0.874824207431541 0.02681703866963616 0.022184082670272432
3 0.8920660372772298 0.8306560367599957 0.023655676002545433 0.019022720003181705
3 0.8403308146085482 0.844899802752996 0.028361357336090975 0.02063976400381797
3 0.8070370566120479 0.818727654081769 0.022093176002545435 0.01900453866963616
3 0.7807472766152296 0.7949810714114964 0.020530676002545434 0.018986357336090887
3 0.7560376306095027 0.8368867607415421 0.026835220003181705 0.02374658267027243
3 0.7188830759468662 0.8067629087364514 0.022129538669636163 0.022129538669636163
3 0.6942921559516385 0.7713157573997242 0.022129538669636163 0.022129538669636163
3 0.6702637626114116 0.8218242873965427 0.02369203866963616 0.022147720003181704
3 0.6409671612826386 0.7878850920591791 0.02369203866963616 0.022147720003181704
3 0.6145864746180931 0.7719510093889065 0.01736931333545435 0.015824994668999892
3 0.588414325946866 0.8052447673854066 0.020548857336090798 0.020548857336090708
3 0.5519501146165023 0.7829425060470887 0.020548857336090798 0.020548857336090798
3 0.5216722686187294 0.7661817200429526 0.02681703866963616 0.02218408267027261
3 0.4596535266152296 0.7912448073679075 0.01894999466899989 0.017405676002545258
3 0.4440018019573656 0.7262101533656804 0.028434082670272608 0.026889764003817974
3 0.3812290819541839 0.7489204000238625 0.02687158267027252 0.02687158267027261
0 0.46009896928709304 0.7529635573679074 0.04745680267345431 0.05054544000636341
0 0.5299574832909111 0.7256476267106798 0.03793635200509069 0.03793635200509069
0 0.5633330572883657 0.7447885253819069 0.03791817067154515 0.03637385200509069
0 0.5967086312858203 0.7639294240531339 0.03791817067154533 0.03637385200509069
0 0.621236463956093 0.7376487347230883 0.03319430800445424 0.03319430800445424
0 0.6800569332829569 0.7859958753978151 0.03793635200509069 0.03793635200509078
7 0.384375 0.85 0.06875 0.184375
7 0.4297387599459116 0.8104306120305441 0.10654199602163535 0.16059314934754462
7 0.4391041219366848 0.8785175406985894 0.09565904002227162 0.16515338001272656
7 0.5051654739417754 0.8417811567074981 0.10488858935390813 0.15276246801399934
7 0.5434376332750027 0.8430078493793616 0.06406359468490823 0.13510225334181775
7 0.5711808252705483 0.8761476133831796 0.09862040802036276 0.15112724267981753
7 0.6142410292807297 0.8016385093889065 0.031722714672181594 0.04098862667090897
7 0.6206541139401847 0.8548453253898611 0.07972495735199914 0.1384090666772722
7 0.654620033935412 0.8904015647278609 0.0922795013526354 0.14324201734563574
7 0.6813739852800934 0.8071078067313607 0.06162839067472703 0.0600840720082723
7 0.7056194599379574 0.8722424580680878 0.07478291868236298 0.11647952267663583
7 0.7466893552673668 0.9016305134070421 0.10161813868554467 0.14022610534690827
7 0.7827455812778662 0.8246958434118146 0.025272720003181703 0.023728401336727246
7 0.7942188832750027 0.8459259534134054 0.05683180267345413 0.050654528007635945
7 0.8240058332670485 0.9048742394175416 0.09524086935072659 0.12921588001272682
7 0.8780120806015483 0.8969077454248595 0.08103291868236298 0.11655224801081765
7 0.9648671906031392 0.8861980594366315 0.03159544533736351 0.0300511266709087
7 0.9671875 0.946875 0.065625 0.10625
5 0.95234375 0.9203125 0.0953125 0.159375
5 0.94140625 0.89453125 0.1140625 0.2109375
5 0.9078125 0.90546875 0.146875 0.1890625
5 0.86171875 0.8859375 0.1359375 0.228125
5 0.81484375 0.8890625 0.1578125 0.221875
5 0.77890625 0.88046875 0.1234375 0.2390625
5 0.7838995486155478 0.7926736840785873 0.05109088001272681 0.09433180267345423
5 0.73046875 0.884375 0.1609375 0.23125
5 0.69296875 0.8765625 0.1203125 0.246875
5 0.6895682932845477 0.7743862133990879 0.07632723734881744 0.11493520401018138
5 0.646875 0.87890625 0.153125 0.2421875
5 0.60859375 0.86328125 0.1296875 0.2734375
5 0.58203125 0.85703125 0.1171875 0.2859375
5 0.5625 0.86953125 0.14375 0.2609375
5 0.5390625 0.8625 0.13125 0.275
5 0.49375 0.85078125 0.153125 0.2984375
5 0.43359375 0.86171875 0.1578125 0.2765625
5 0.42265625 0.83125 0.1453125 0.3375
5 0.39296875 0.83984375 0.0859375 0.3203125