8 0.6578125 0.26953125 0.4375 0.5390625
5 0.4871385626989076 0.0328125 0.03025112133990877 0.0484375
6 0.403482820058861 0.73203125 0.02723520934118149 0.0578125
6 0.25086635005567925 0.70859375 0.023910214672181594 0.040625
6 0.10571748205758827 0.72265625 0.02234771467218155 0.040625
6 0.02461293272595182 0.73515625 0.017587489337999786 0.034375
6 0.01976180072404281 0.72109375 0.012899989337999785 0.034375
6 0.09753226471990664 0.690625 0.011264764003818017 0.028125
6 0.15509022605027045 0.66875 0.01280908267027261 0.0265625
6 0.19472489071449778 0.65078125 0.012772720003181703 0.0234375
6 0.17744648404677058 0.64296875 0.0064499946689998925 0.0171875
9 0.2765625 0.8890625 0.325 0.221875
9 0.174012401376498 0.61640625 0.03642839600572696 0.0421875
8 0.71953125 0.76953125 0.5609375 0.4609375
7 0.5410282733927245 0.6953125 0.028834072008272215 0.0609375
5 0.5272294027291335 0.71796875 0.066189716024817 0.1828125