8 0.20625 0.1109375 0.4125 0.221875
8 0.3125 0.12803722169428652 0.1796875 0.16823289129415606
7 0.8859375 0.3 0.228125 0.6
5 0.84140625 0.3 0.3171875 0.6
7 0.1296875 0.8703125 0.259375 0.259375
0 0.24453125 0.65234375 0.1890625 0.1046875
3 0.253125 0.7867486254814745 0.08125 0.08641019867214013
5 0.209375 0.8 0.41875 0.4
9 0.06640625 0.85078125 0.1328125 0.2984375
4 0.70703125 0.8 0.2296875 0.4
4 0.5203125 0.759375 0.203125 0.31875
4 0.4484375 0.8 0.059375 0.4
5 0.58671875 0.8 0.3359375 0.4
5 0.6953125 0.8 0.553125 0.4
5 0.69609375 0.8 0.3046875 0.4