8 0.22890625 0.24140625 0.4578125 0.2953125
5 0.7171875 0.0515625 0.103125 0.103125
8 0.23864159261618417 0.5754377571302787 0.2220953653723619 0.2887726502711464
8 0.04453125 0.74453125 0.0890625 0.2578125
2 0.46864726595322936 0.5467577243455749 0.011064769334818082 0.011001132513557365
4 0.4723171586171386 0.5670474984478758 0.012863626670908701 0.03132272287263689
5 0.47147227394972957 0.5725207936274156 0.0226204346753633 0.06418976502711474
4 0.85546875 0.50625 0.1734375 0.234375
5 0.8375 0.6375 0.325 0.496875
5 0.7546875 0.8203125 0.490625 0.359375
3 0.6498116185550961 0.8290501331027326 0.04969201201463562 0.10809430113146803
2 0.57578125 0.815625 0.1328125 0.2625
4 0.70234375 0.96796875 0.2359375 0.0640625