8 0.509375 0.2765625 0.159375 0.246875
6 0.37980321301188374 0.31796875 0.020767017953980726 0.078125
8 0.3182612041330891 0.2140625 0.1803874576491305 0.1203125
2 0.60390625 0.0046875 0.0140625 0.009375
2 0.6195964451560987 0.034375 0.020439765027114552 0.021875
3 0.61328125 0.00703125 0.0140625 0.0140625
3 0.615753827669656 0.0453125 0.007867042154477666 0.009375
4 0.626028252337691 0.065625 0.02836134933607006 0.040625
4 0.63828125 0.01796875 0.0484375 0.0359375
5 0.640625 0.0734375 0.0875 0.146875
5 0.6269185866466465 0.084375 0.050745409444528634 0.128125
1 0.18359375 0.75546875 0.3671875 0.2890625
2 0.1859375 0.496875 0.371875 0.15625
4 0.29453125 0.91015625 0.5890625 0.1796875
5 0.29453125 0.709375 0.5890625 0.58125
8 0.8578125 0.63984375 0.284375 0.4421875
8 0.9515625 0.64453125 0.096875 0.1453125
8 0.7309884631100796 0.6859375 0.08357609016268785 0.13125
8 0.6286401679305398 0.68515625 0.048864746876741985 0.0734375
8 0.63046875 0.6765625 0.0828125 0.090625