8 0.23984375 0.09921875 0.3984375 0.1984375
8 0.4015625 0.18515625 0.075 0.3703125
8 0.115625 0.21953125 0.23125 0.4390625
2 0.30859375 0.0078125 0.0140625 0.015625
7 0.29125924161218475 0.026051356368152943 0.02990566861791084 0.0376727168225127
5 0.29765625 0.0296875 0.0484375 0.059375
5 0.71953125 0.2796875 0.5609375 0.559375
7 0.16629612392935034 0.7826240641154794 0.1527442466803503 0.2040067648307229
3 0.1441398436787294 0.6968183743221339 0.036219301131468026 0.04864657825883114
0 0.12891027429869267 0.62894052791293 0.05822156615858276 0.07064884328594587
5 0.209375 0.790625 0.225 0.41875
8 0.71953125 0.6671875 0.5609375 0.215625