8 0.08359375 0.040625 0.1671875 0.08125
4 0.14380700381062902 0.07890625 0.03625566256778665 0.0546875
2 0.15498539832623895 0.0375 0.015697722872636887 0.0125
3 0.15334563027406212 0.05078125 0.012563632513557365 0.0109375
5 0.14602803396305414 0.1 0.06645222267624522 0.1421875
0 0.6296875 0.22890625 0.18125 0.2015625
5 0.62109375 0.221875 0.1640625 0.215625
5 0.90703125 0.24140625 0.1859375 0.1765625
7 0.37413991930528184 0.55703125 0.22356580678880889 0.290625
0 0.4078125 0.36484375 0.09375 0.0703125
5 0.34765625 0.66484375 0.3296875 0.6703125
8 0.60859375 0.60703125 0.1390625 0.1796875