8 0.1828125 0.15390625 0.365625 0.3078125
5 0.24453125 0.02578125 0.0828125 0.0515625
5 0.92890625 0.259375 0.1421875 0.20625
3 0.94609375 0.29921875 0.1078125 0.0984375
4 0.8484375 0.43828125 0.303125 0.1828125
5 0.825 0.26484375 0.35 0.5296875
1 0.43828125 0.58671875 0.2609375 0.1140625
4 0.45859375 0.81953125 0.3828125 0.3609375
4 0.08125 0.84140625 0.1625 0.3171875
5 0.38046875 0.76484375 0.5390625 0.4703125
5 0.171875 0.76484375 0.34375 0.4703125
8 0.76171875 0.63203125 0.2234375 0.2046875
8 0.825 0.7796875 0.35 0.440625