8 0.08359375 0.1203125 0.1671875 0.240625
5 0.028396148129847188 0.1171875 0.020521578258831143 0.0359375
7 0.028359786693528698 0.1234375 0.017323855386194253 0.0234375
8 0.4363848683702054 0.35546875 0.14535899355709248 0.2765625
8 0.58671875 0.1765625 0.1046875 0.240625
8 0.46875 0.0921875 0.209375 0.184375
0 0.5589239854638646 0.10703125 0.007867042154477843 0.009375
7 0.5549177415139889 0.12421875 0.014207945745273776 0.025
5 0.5533188800776703 0.13046875 0.023792024004104916 0.0609375
7 0.4015625 0.9859375 0.034375 0.028125
3 0.4074336874556545 0.97109375 0.007903403590796287 0.015625
0 0.4145922024827692 0.94921875 0.025172716822512698 0.0296875
8 0.31953125 0.80234375 0.6390625 0.3953125
2 0.92734375 0.6546875 0.1453125 0.209375
4 0.81953125 0.9484375 0.3609375 0.103125
5 0.81953125 0.775 0.3609375 0.45