6 0.6330336511549092 0.22578125 0.02522725897699054 0.0390625
6 0.7689756963344491 0.225 0.023655668617910842 0.0375
6 0.8447387656162899 0.228125 0.017378397540672098 0.0328125
6 0.8471643288480063 0.2140625 0.015806807181592573 0.03125
6 0.7730592083365015 0.19453125 0.014217036104353476 0.0265625
6 0.7168955667477579 0.1796875 0.012645445745273775 0.025
6 0.921218931503726 0.3765625 0.05053633118569749 0.0921875
6 0.948185952482769 0.30703125 0.026898843285945873 0.0578125
6 0.99453125 0.2875 0.0109375 0.040625
6 0.9626302475641131 0.24140625 0.012663626463433175 0.028125
6 0.9299950095661658 0.2109375 0.01110112646343282 0.028125
6 0.9237631902843247 0.2078125 0.01110112646343282 0.028125
6 0.9487313740275463 0.21328125 0.012663626463433175 0.028125
6 0.9557717143866258 0.21171875 0.012663626463433175 0.028125
6 0.9182217174116879 0.2203125 0.011082945745273775 0.025
6 0.678687039620395 0.1671875 0.01418976502711473 0.021875
6 0.6935807865953328 0.15859375 0.00791249394987581 0.0171875
9 0.68359375 0.3859375 0.2890625 0.20625
9 0.6945074823406067 0.13359375 0.03618293969514959 0.0421875
4 0.16015625 0.52734375 0.1515625 0.0765625
5 0.18828125 0.73828125 0.3609375 0.4984375
7 0.6889927596643615 0.72265625 0.1858749092481368 0.2578125
1 0.6354324641902341 0.52890625 0.058176114363184796 0.0625
5 0.72265625 0.74453125 0.3203125 0.5109375