8 0.15 0.18984375 0.3 0.3796875
4 0.20376639119596013 0.20078125 0.03144998789975162 0.034375
3 0.20596924063022612 0.1765625 0.014144313231716587 0.0140625
2 0.20744992739850954 0.1625 0.015697722872636887 0.0125
5 0.19678513817089804 0.209375 0.050645415494652825 0.1109375
9 0.3191010205862595 0.28515625 0.03620112041330899 0.0453125
8 0.70625 0.18984375 0.475 0.3796875
3 0.3906361738824682 0.65625 0.09426815046753809 0.0890625
3 0.20362653239192036 0.60625 0.11319995764913049 0.1203125
2 0.22184929156530248 0.515625 0.10181703005422929 0.04375
2 0.37432485177195696 0.53828125 0.10975679508134402 0.065625
4 0.21112191158582796 0.8203125 0.3145635115110732 0.3546875
4 0.3953125 0.83046875 0.146875 0.2703125
5 0.384375 0.75078125 0.16875 0.4984375
5 0.234375 0.74296875 0.46875 0.5140625
1 0.903125 0.73828125 0.19375 0.2078125
2 0.8546875 0.48984375 0.290625 0.1515625
4 0.734375 0.90859375 0.53125 0.1828125
5 0.734375 0.7046875 0.53125 0.590625