8 0.4179208365484506 0.34453125 0.13453966822512733 0.296875
8 0.528125 0.134375 0.021875 0.259375
8 0.42265625 0.07265625 0.2140625 0.1453125
0 0.5248601411959601 0.06015625 0.007876132513557366 0.0109375
7 0.5218487706844555 0.0796875 0.012645445745273775 0.025
5 0.5218896773003138 0.08671875 0.020694295081344193 0.065625
0 0.7588549087571577 0.43203125 0.01728749394987581 0.0171875
4 0.7473770532727675 0.4734375 0.04100679508134384 0.065625
0 0.9762742129136879 0.471875 0.014135222872636887 0.0125
5 0.9755429598886257 0.48046875 0.025145445745273776 0.025
4 0.7614895502477054 0.48203125 0.08041472872636941 0.125
1 0.26953125 0.78828125 0.5390625 0.3171875
4 0.26953125 0.9296875 0.5390625 0.140625
5 0.26953125 0.8046875 0.5390625 0.390625