8 0.234375 0.184375 0.46875 0.36875
7 0.024312257995031762 0.184375 0.029878397540671918 0.0328125
5 0.02109375 0.17734375 0.0421875 0.0484375
9 0.7911447131100796 0.0671875 0.10836701190385671 0.0953125
9 0.91015625 0.103125 0.1796875 0.1625
7 0.89140625 0.10859375 0.1515625 0.2171875
5 0.87421875 0.184375 0.2515625 0.36875
0 0.2401811350476401 0.59375 0.05525110226293624 0.096875
0 0.20703125 0.42734375 0.1265625 0.1171875
7 0.14312484874689488 0.696875 0.21576239714788842 0.2921875
5 0.2430839421310366 0.68984375 0.11251013212077385 0.2703125
4 0.2362117734149299 0.7171875 0.07583631303532493 0.14375
5 0.1421875 0.684375 0.284375 0.63125
5 0.934375 0.75390625 0.13125 0.4921875
5 0.9652220416634985 0.53203125 0.050572692622015934 0.0984375
4 0.9575186259724537 0.55078125 0.020521578258831143 0.0359375
2 0.9720305778660479 0.49375 0.029869307181592218 0.03125
2 0.98046875 0.5546875 0.0390625 0.096875
2 0.9344765565924172 0.61875 0.1209488251355733 0.109375
2 0.8070595628389331 0.471875 0.03616475897699054 0.0390625
2 0.7842492976154267 0.5796875 0.10838519262201593 0.0984375
2 0.7326135538619426 0.4328125 0.032994307181592394 0.03125
2 0.6421875 0.390625 0.178125 0.04375
2 0.5126373971478885 0.490625 0.03618293969514976 0.0421875
2 0.543024333916172 0.4765625 0.040988614363184794 0.0625
2 0.48828125 0.47265625 0.0390625 0.0359375
1 0.4862021621750031 0.5125 0.018886355386194254 0.0234375
1 0.721172059813871 0.48046875 0.031495439695149584 0.0421875
1 0.6612203428931623 0.515625 0.12603630093507653 0.178125
1 0.8034032977136226 0.51484375 0.025163626463433175 0.028125
1 0.7597629029034251 0.66796875 0.0724113311856975 0.0921875
1 0.9859375 0.65390625 0.028125 0.0984375
1 0.9430117401392468 0.74296875 0.09760222872636959 0.125
4 0.9609375 0.84375 0.078125 0.3125
4 0.88046875 0.89921875 0.2390625 0.2015625
4 0.74609375 0.84453125 0.2234375 0.3109375
4 0.6140625 0.75859375 0.290625 0.4828125
4 0.724724306690613 0.55390625 0.047311337235821684 0.075