8 0.43203125 0.31171875 0.3140625 0.4390625
2 0.4831649404807166 0.24442477009528024 0.015715903590796287 0.015715903590796287
3 0.4822336995559029 0.27020147491574037 0.0063136325135573655 0.010973861436318445
4 0.4836416634515494 0.29677306527482 0.03777271077238851 0.04709316861791084
5 0.4702922357584523 0.30841454722264333 0.07739881303532492 0.1441954275949012
5 0.36193081079582967 0.13355947208707003 0.028597698672140126 0.08141362646343317
8 0.79453125 0.33125 0.4109375 0.575
8 0.91953125 0.41640625 0.1609375 0.3328125
0 0.7445291664766115 0.25040660450243146 0.031413626463433174 0.028306807181592397
3 0.7435706544745588 0.2808708093228917 0.015752265027114732 0.02196590359079629
7 0.7621752087292851 0.3059798936318471 0.059847698672140126 0.08159543364502539
5 0.7455371545727548 0.3457281948615111 0.09660333098930565 0.2224295119038567
8 0.29453125 0.81171875 0.5890625 0.3765625
8 0.79453125 0.809375 0.4109375 0.38125