8 0.45234375 0.0625 0.1328125 0.125
8 0.19375 0.1765625 0.365625 0.353125
7 0.503125 0.10096853675999569 0.009375 0.012609088001272539
5 0.50234375 0.097834446093223 0.0109375 0.01887726933481808
8 0.49375 0.1171875 0.05 0.096875
2 0.25078125 0.22146975139240635 0.0078125 0.009465906667727352
5 0.2484375 0.23316122939208822 0.0171875 0.034574994668999895
8 0.759375 0.1671875 0.48125 0.334375
1 0.40703125 0.840625 0.2234375 0.31875
2 0.3953125 0.475 0.246875 0.171875
5 0.2890625 0.69453125 0.459375 0.6109375
8 0.6453125 0.69453125 0.253125 0.6109375
4 0.66953125 0.5117856687221338 0.03125 0.03473862667090888
3 0.671875 0.48759419072245197 0.0125 0.014207950668363622
2 0.671875 0.47353169072245194 0.015625 0.012681813335454529
5 0.6640625 0.5203157840547247 0.05 0.11151930267345414
9 0.78671875 0.5920555187380422 0.0359375 0.04573067067154515