8 0.42109375 0.11796875 0.4359375 0.2359375
8 0.31953125 0.1328125 0.3265625 0.265625
9 0.05064281109041724 0.29144767749670536 0.09873748184962738 0.052135192622015936
4 0.7726137807416003 0.14486162821194898 0.01418067466803521 0.020394313231716588
5 0.7710467355620605 0.14563378785286937 0.022102258976990186 0.039189765027114555
5 0.7859375 0.1453125 0.00625 0.046875
1 0.8890625 0.23828125 0.2 0.3140625
4 0.50703125 0.87578125 0.2796875 0.2484375
3 0.45260074171038056 0.7224265293668581 0.06604315651766228 0.07225679508134383
2 0.43443706987101594 0.6215361950579028 0.08799996974937904 0.08644656010845857
5 0.51640625 0.7734375 0.3578125 0.453125
8 0.89453125 0.7 0.2109375 0.6