8 0.31796875 0.09140625 0.3640625 0.1828125
8 0.17578125 0.21953125 0.3515625 0.4390625
9 0.4609375 0.028749109491410872 0.0671875 0.04882838544042354
5 0.08671875 0.12780125049097935 0.0546875 0.09094316256778665
5 0.56953125 0.3375 0.1390625 0.203125
8 0.3765625 0.6758877299047198 0.1390625 0.139871541958086
8 0.17890625 0.7754751603282914 0.1078125 0.1131272347764937
8 0.05390625 0.7613586390546608 0.0625 0.09723861436318479
9 0.0609375 0.7050677324388026 0.028125 0.03453862646343318
9 0.00703125 0.71171875 0.0140625 0.0359375
5 0.80078125 0.71953125 0.3984375 0.5609375
4 0.88828125 0.884375 0.2234375 0.23125
2 0.7796875 0.5453125 0.2375 0.2125
1 0.88828125 0.694970048891973 0.2234375 0.33254992134838546