8 0.434375 0.23984375 0.109375 0.4796875
8 0.26015625 0.3671875 0.4515625 0.225
5 0.6844133022116227 0.3237038660486796 0.04737496974937905 0.0864829400063634
4 0.6781860281093217 0.3197248907144978 0.02051248789975162 0.034611357336090796
8 0.8242939345287883 0.18469700473422418 0.173683981456844 0.3129374466899989
8 0.74453125 0.23984375 0.5109375 0.4796875
9 0.53828125 0.125 0.0984375 0.1
7 0.6545904885871227 0.07802773937777072 0.01428066861791084 0.03766363200190916
0 0.6625257084346975 0.057024896045497896 0.007867042154477666 0.009465906667727175
5 0.6584240157144856 0.0905731927116343 0.023901108313060603 0.0799602200031817
9 0.940625 0.009375 0.046875 0.01875
1 0.1915899979568966 0.678620822087814 0.37710896330647115 0.3668635200509069
4 0.24453125 0.86484375 0.4890625 0.2703125
5 0.24453125 0.73984375 0.4890625 0.5203125
8 0.86796875 0.71328125 0.2640625 0.4671875
8 0.596875 0.690625 0.215625 0.421875