3 0.7640625 0.11934243598271652 0.2375 0.14981923458010193
4 0.71484375 0.36015625 0.5703125 0.3390625
5 0.71484375 0.26484375 0.5703125 0.5296875
7 0.08046875 0.76484375 0.1609375 0.4578125
7 0.29375 0.7608663397699044 0.23125 0.4107203731437835
7 0.38984375 0.73984375 0.0796875 0.4203125
3 0.02421875 0.53984375 0.0484375 0.0203125
3 0.28671875 0.54765625 0.0546875 0.0359375
5 0.38359375 0.76484375 0.0921875 0.4703125
5 0.27265625 0.76484375 0.3140625 0.4703125
5 0.11015625 0.76484375 0.2203125 0.4703125
4 0.984375 0.8359375 0.03125 0.04375
4 0.9375 0.8377389537403058 0.046875 0.05339771077238851
2 0.9390625 0.7994667940993854 0.021875 0.015752265027114732
2 0.9921875 0.79765625 0.015625 0.0171875
5 0.98046875 0.85 0.0390625 0.13125
5 0.94375 0.8455878151766243 0.065625 0.10663179508134384