8 0.275 0.39375 0.55 0.390625
0 0.16665640993000325 0.4140625 0.03315794533736351 0.0296875
3 0.16785528325909435 0.4453125 0.017442038669636162 0.021875
7 0.1495956319223672 0.4703125 0.061919292011454095 0.084375
5 0.16484375 0.4921875 0.1046875 0.19375
4 0.775 0.459375 0.45 0.259375
5 0.775 0.29453125 0.45 0.5890625
8 0.50078125 0.80859375 0.0984375 0.1984375
8 0.275 0.79453125 0.55 0.4109375
5 0.53984375 0.81640625 0.0203125 0.1078125
9 0.9535869819780466 0.67734375 0.011082950668363623 0.0125
8 0.9432216466422737 0.6953125 0.0222568080044546 0.0328125
9 0.8895608446451373 0.67421875 0.006340906667727353 0.0078125
9 0.8832744819780466 0.67734375 0.00792158800127254 0.009375
9 0.8870261906429102 0.690625 0.011155676002545434 0.01875
9 0.880685283975183 0.6984375 0.012718176002545434 0.01875
9 0.8637068693109555 0.68046875 0.007957950668363623 0.0125
9 0.8605000533100011 0.6875 0.009556813335454351 0.015625
9 0.8664773333068194 0.7109375 0.014298857336090976 0.0203125
8 0.6234375 0.94296875 0.146875 0.1140625
8 0.7453125 0.7984375 0.390625 0.403125