0 0.1375 0.02734375 0.109375 0.0546875
1 0.14584026170746495 0.11914334709657486 0.08020565046753828 0.08952610831306052
7 0.1616703156676035 0.2885882386853185 0.2172612646343312 0.2825044695529873
5 0.19453125 0.26953125 0.3890625 0.5390625
4 0.77109375 0.0953125 0.1890625 0.190625
4 0.4421875 0.20859375 0.10625 0.2984375
3 0.4125 0.05234375 0.046875 0.0515625
5 0.51484375 0.26953125 0.2515625 0.5390625
5 0.76171875 0.26953125 0.4234375 0.5390625
8 0.18125 0.92109375 0.3625 0.1578125
8 0.36171875 0.9046875 0.0546875 0.184375
5 0.8140625 0.76015625 0.371875 0.4421875