8 0.159375 0.2671875 0.31875 0.534375
9 0.09191687275099998 0.4140625 0.06587953005422928 0.04375
7 0.8272953156676035 0.12109375 0.017360216822512698 0.0296875
0 0.8256055506404888 0.09921875 0.0063045421544778435 0.009375
5 0.8320646288993201 0.13515625 0.030169289031219647 0.0828125
5 0.4573095477136226 0.04296875 0.009520445745273776 0.025
8 0.4625 0.0484375 0.071875 0.096875
9 0.4957226079202771 0.065625 0.02678066861791084 0.0375
9 0.5356572615110732 0.08125 0.05356133723582168 0.075
7 0.47626862597245373 0.07890625 0.009484084308955332 0.01875
5 0.4778811229473917 0.0875 0.014362481849627429 0.0515625
8 0.6929890142415477 0.2671875 0.20033738504764004 0.3265625
5 0.7935117098886257 0.35703125 0.05210792154477702 0.09375
8 0.72734375 0.3375 0.5453125 0.675
8 0.3390625 0.0125 0.025 0.025
9 0.38125 0.00234375 0.015625 0.0046875
9 0.3921875 0.00625 0.015625 0.0125
9 0.4047839905320302 0.01171875 0.017323855386194253 0.0234375
9 0.41796875 0.00546875 0.0171875 0.0109375
6 0.20741408684303816 0.96875 0.018831813231716586 0.0140625
9 0.10874478268650796 0.92890625 0.05654998184962743 0.0515625
3 0.86640625 0.71484375 0.2453125 0.0703125
4 0.6359375 0.82421875 0.321875 0.2890625
4 0.92734375 0.84609375 0.1453125 0.3078125
4 0.36875 0.83984375 0.1 0.3203125
5 0.3921875 0.83984375 0.146875 0.3203125
5 0.803125 0.83984375 0.39375 0.3203125
5 0.66875 0.83984375 0.48125 0.3203125