8 0.13828125 0.184375 0.2765625 0.36875
9 0.5352311647039982 0.23943065954272452 0.039353401336727066 0.025227258976990453
9 0.6177896733768161 0.28522040339440446 0.022129538669636163 0.022002265027114644
9 0.5530913740451797 0.2973431534926003 0.026780676002545432 0.018904536104353477
9 0.543807280712907 0.3051011113381226 0.029960220003181704 0.023610216822512697
8 0.9 0.30390625 0.165625 0.1296875
8 0.7546875 0.22421875 0.490625 0.2890625
9 0.5415817093809523 0.3152437257995032 0.018931813335454527 0.01573408430895542
9 0.76050388470718 0.26417717125018947 0.034720445337363515 0.029887487899751618
9 0.7528822887094071 0.28053796945479137 0.02681703866963616 0.022029536104353476
9 0.7419993327100435 0.2851618369412341 0.02988749466899989 0.017360216822512698
9 0.726356151376498 0.2835084333504379 0.028361357336090798 0.020476126463433175
9 0.717862398710998 0.2920521863755 0.023582950668363623 0.012636355386194254
8 0.2546875 0.684375 0.509375 0.63125
7 0.7026293920671333 0.7720856409013725 0.04298747867599957 0.06899543969514958
3 0.7014754247294517 0.7400498457218327 0.007957950668363623 0.012545451795397965
0 0.6934083860598154 0.7181293939264346 0.026926126670909056 0.031404536104353654
5 0.7270663180696786 0.7909765414671066 0.1039260733609078 0.20371587334017516
8 0.7546875 0.684375 0.490625 0.63125