8 0.3703125 0.36484375 0.11875 0.2765625
8 0.32265625 0.1015625 0.2140625 0.203125
0 0.41735917506081854 0.090625 0.007867042154477843 0.009375
7 0.4203796359314029 0.10859375 0.014198855386194253 0.0234375
5 0.41875 0.1140625 0.021875 0.059375
3 0.6421707391762979 0.50859375 0.011010222872636888 0.0125
0 0.639136642767094 0.49296875 0.01259090359079611 0.015625
4 0.646875 0.53671875 0.034375 0.0453125
9 0.509375 0.5234375 0.159375 0.071875
9 0.88984375 0.47890625 0.2203125 0.1609375
5 0.65078125 0.51953125 0.0640625 0.0796875
8 0.296875 0.7796875 0.265625 0.440625
0 0.28704235676093637 0.975 0.009456813231716588 0.0140625
7 0.28984375 0.990625 0.0140625 0.01875
5 0.29296875 0.98359375 0.0265625 0.0328125
0 0.8025694463344492 0.8296875 0.24236125858420685 0.2984375
7 0.5703125 0.9125 0.28125 0.175
7 0.515625 0.6546875 0.171875 0.190625
3 0.7209012898167867 0.9015625 0.12594539734428026 0.1625
0 0.74765625 0.6 0.2203125 0.08125
5 0.65 0.6703125 0.440625 0.221875
5 0.69765625 0.82265625 0.5359375 0.3546875