8 0.3991390202916719 0.41489635137917347 0.12730790944452863 0.12886131908544912
8 0.18863331234795383 0.4878879029034251 0.09904655405833437 0.10526019262201594
8 0.06580434552544104 0.4574868097156751 0.05367042154477701 0.09405907220870695
9 0.07953504741903501 0.40053737294739167 0.026744307181592396 0.031404536104353654
9 0.0140625 0.4 0.028125 0.03125
9 0.9375753272768726 0.5174476169954634 0.10813975292686635 0.056877234776493604
2 0.8687616947633152 0.5061101411959601 0.011001132513557365 0.011001132513557365
5 0.8696383935336514 0.5225209363754999 0.02214771077238851 0.04700226502711473
6 0.8478043001495095 0.5294249213483854 0.015843168617910665 0.03759090359079629
6 0.9251071435336513 0.5228436441228265 0.015834078258831142 0.03602840359079629
6 0.7796875 0.58125 0.01875 0.015625
8 0.775 0.5046875 0.190625 0.16875
8 0.4078125 0.79453125 0.54375 0.4109375
8 0.7171875 0.79453125 0.075 0.4109375