8 0.5296875 0.2734375 0.359375 0.53125
5 0.5863663095192834 0.2971634298343965 0.06951359016268785 0.13164997579950324
7 0.7484375 0.27734375 0.078125 0.4359375
5 0.7625 0.31484375 0.10625 0.6296875
4 0.1328125 0.95625 0.146875 0.0875
4 0.31328125 0.971875 0.1265625 0.05625
4 0.4671875 0.971875 0.14375 0.05625
2 0.34486408986810024 0.8442106257760621 0.08173178903121965 0.08328519867214013
3 0.015625 0.82421875 0.03125 0.0484375
3 0.33211008069471804 0.9347583577238854 0.05499657220870695 0.05344316256778683
3 0.5313697373105765 0.9429486285065366 0.040915891490547904 0.05023634933607006
5 0.47109375 0.9296875 0.2484375 0.140625
5 0.275 0.88671875 0.365625 0.2265625
6 0.8546875 0.7046875 0.290625 0.15