8 0.18671875 0.06328125 0.3734375 0.1265625
8 0.8296875 0.19453125 0.340625 0.3890625
5 0.8856495910464506 0.296790204231285 0.03206813231716552 0.14080680718159239
8 0.59296875 0.65859375 0.1328125 0.3390625
5 0.6504302294137405 0.7082287157423582 0.017405668617910663 0.03759999394987581
7 0.648831367977422 0.7144696253832785 0.015761355386194255 0.023528403590796287
8 0.159375 0.875 0.115625 0.25
8 0.0328125 0.671875 0.065625 0.25625
8 0.17534893706287105 0.5851482014026146 0.20122719847574838 0.21210106596219108
0 0.07212394311299523 0.6017357377033599 0.00630454215447771 0.009411361436318443
7 0.0735682684449602 0.6220573280624395 0.011082945745273864 0.025063632513557366
5 0.07352736182910194 0.6290885780624395 0.015997704722264316 0.06415340359079628
8 0.7140625 0.5890625 0.109375 0.290625