8 0.15546875 0.26875 0.3109375 0.28125
8 0.884375 0.2421875 0.23125 0.334375
8 0.76484375 0.2765625 0.3109375 0.265625
0 0.30625 0.709375 0.221875 0.13125
0 0.5109375 0.43046875 0.196875 0.0421875
0 0.52109375 0.5078125 0.1765625 0.16875
3 0.534375 0.65625 0.15 0.128125
3 0.28828125 0.84921875 0.109375 0.06875
4 0.375 0.934375 0.275 0.13125
4 0.51875 0.8671875 0.18125 0.265625
5 0.5078125 0.71015625 0.203125 0.5796875
5 0.37109375 0.815625 0.3453125 0.36875
8 0.80078125 0.58671875 0.3828125 0.3546875
5 0.83359375 0.571875 0.01875 0.0359375
8 0.71171875 0.640625 0.1234375 0.096875