8 0.0171875 0.121875 0.034375 0.165625
8 0.0953125 0.2765625 0.190625 0.209375
6 0.3625 0.36796875 0.025 0.0421875
6 0.06602882073517868 0.1409921177810302 0.008030676002545345 0.018795451795397967
7 0.12715722473740582 0.15704384377692512 0.009629538669636162 0.021929542154477843
0 0.12307825206872414 0.1422228196746242 0.006322725334181811 0.006286361436318444
5 0.12643051873804217 0.16173588895646498 0.01773294000636332 0.04697499394987581
0 0.4346510040579064 0.060717247858700675 0.006304544000636269 0.004723861436318444
0 0.4417277073917701 0.06458259124284238 0.006340906667727353 0.007848861436318444
7 0.4355867953930427 0.07399395267916091 0.007957950668363623 0.012545451795397965
7 0.44422599872690627 0.077850205704223 0.011173857336090798 0.020376132513557365
5 0.44423508939367906 0.078631455704223 0.014517033338636054 0.03914431323171641
5 0.4348782707272245 0.08024849785870067 0.017714758672817865 0.04541249394987581
6 0.696875 0.19453125 0.175 0.3890625
1 0.44765625 0.82421875 0.3234375 0.3265625
2 0.4125 0.521875 0.39375 0.265625
4 0.33125 0.9265625 0.55625 0.146875
5 0.3046875 0.69453125 0.609375 0.6109375
7 0.6515625 0.69453125 0.084375 0.6109375
5 0.8046875 0.69453125 0.390625 0.6109375