8 0.08046875 0.14921875 0.1609375 0.2984375
0 0.6954088800922685 0.09533276424154771 0.022256808004454242 0.03293976502711473
0 0.6315372840944956 0.11136630951928339 0.019131808004454243 0.03292158430895533
7 0.6378781907622229 0.11921517095560183 0.03971702800763595 0.05647725897699054
5 0.6979617154280412 0.11331514978016717 0.03848179201145392 0.08459316861791084
5 0.6388321634309045 0.1340634661351417 0.04474997334499946 0.08619203005422929
4 0.19765625 0.60625 0.1828125 0.253125
2 0.0328125 0.6296875 0.065625 0.275
3 0.10538222207190576 0.6851896288993201 0.05123633068109026 0.1065408914905479
5 0.14453125 0.653125 0.2890625 0.45
5 0.6546875 0.65 0.6 0.7
4 0.6796875 0.8046875 0.403125 0.390625
2 0.5234375 0.36328125 0.215625 0.1265625
1 0.6099686300524976 0.49897084864869906 0.18964649204327078 0.3198317527304745