7 0.24020021477940928 0.24140625 0.042632927594901206 0.0765625
2 0.25070644360397465 0.18125 0.01728749394987581 0.0171875
3 0.24668656411547935 0.20078125 0.015688632513557364 0.0109375
5 0.2321968172387372 0.27421875 0.0918612888348278 0.2125
8 0.475 0.19609375 0.23125 0.3921875
8 0.6696740913410382 0.4140625 0.45385327048806373 0.39375
8 0.86328125 0.03671875 0.1359375 0.0734375
5 0.742812130372258 0.33125 0.03154998184962743 0.0515625
1 0.1796875 0.746875 0.359375 0.234375
4 0.1796875 0.87578125 0.359375 0.2484375
5 0.1796875 0.81484375 0.359375 0.3703125
9 0.8277638472929667 0.87890625 0.034565897540672096 0.0328125
9 0.7662223592950191 0.8484375 0.031404536104353474 0.0265625
9 0.790350205704223 0.8640625 0.028270445745273775 0.025
8 0.5305484797083281 0.803125 0.0298783975406721 0.0328125
9 0.5554666664766115 0.8171875 0.032985216822512695 0.0296875
3 0.49193997678146184 0.859375 0.007876132513557366 0.0109375
0 0.4936070159108774 0.84140625 0.02050339754067192 0.0328125
5 0.4875 0.91171875 0.0625 0.1765625
4 0.627164404474559 0.84765625 0.03000566256778665 0.0546875
0 0.6344274586310892 0.8078125 0.015743174668035032 0.0203125
5 0.6230354406771083 0.8859375 0.05887607201231511 0.1828125