8 0.05703125 0.28984375 0.1140625 0.1484375
4 0.10001155201523097 0.3611507499204582 0.03470225292686635 0.056649989337999786
2 0.10730187724900002 0.3165376839195037 0.015697722872636887 0.01268181333545435
3 0.10722460919682328 0.32981893391950373 0.014126132513557366 0.011101132001908987
5 0.1037950821676561 0.38219904658659465 0.05711358411256366 0.14909202800763593
4 0.8504610039088248 0.45923426125877614 0.01418976502711473 0.022038632001908986
4 0.7387740701656036 0.45506547660727553 0.009456813231716588 0.01417158800127254
4 0.6691610069338869 0.4699370459500477 0.030014752926866173 0.05659544533736351
4 0.9067064587292851 0.4593609832511401 0.015761355386194255 0.02361931333545435
2 0.8513331574996211 0.44360017059200346 0.004732951795398321 0.007867044000636269
2 0.7403820219610017 0.44723479527373 0.0031613614363184437 0.006286362667090905
2 0.6748297448336386 0.43549841128263866 0.015734084308955332 0.01893181333545435
2 0.9083507719610017 0.4452803019175947 0.007867042154477843 0.009465906667727352
5 0.9074558924725065 0.4648206425843674 0.02061248184962743 0.0517988573360908
5 0.8504610039088248 0.45923426125877614 0.017432939695149585 0.042387494668999895
5 0.738760434626984 0.45740922660727545 0.011110216822512698 0.02981476933481808
5 0.6715093021134269 0.46912852394972954 0.04268746974937905 0.08642839600572713
2 0.2609375 0.86953125 0.35625 0.1578125
5 0.21953125 0.871875 0.4390625 0.25625
5 0.853125 0.825 0.29375 0.35