8 0.175 0.234375 0.35 0.46875
5 0.0109375 0.26953125 0.021875 0.1890625
0 0.6875 0.409375 0.19375 0.11875
0 0.5233904855620606 0.24014538403086227 0.1573226623713948 0.18619313335454457
4 0.4765625 0.415625 0.253125 0.10625
5 0.5046875 0.30234375 0.309375 0.3328125
5 0.68984375 0.40546875 0.3265625 0.1265625
8 0.22561099483363858 0.753429918085587 0.13202268052176755 0.13433973201781732
8 0.0265625 0.79140625 0.053125 0.1078125
1 0.77578125 0.5546875 0.4296875 0.171875
4 0.68671875 0.7546875 0.6265625 0.490625
5 0.675 0.734375 0.65 0.53125