8 0.2046875 0.309375 0.409375 0.61875
7 0.22848108664664651 0.37661950381062903 0.02842498184962743 0.05172612646343318
5 0.21528619505790286 0.39154052186280575 0.056968138367289714 0.12376475292686617
8 0.7046875 0.42109375 0.590625 0.3953125
8 0.7203125 0.159375 0.35625 0.31875
2 0.24994351707021809 0.7860313861277947 0.058276108313060515 0.08002384328594588
4 0.05703125 0.678125 0.0984375 0.11875
3 0.2478770230221464 0.8337012716664141 0.029887487899751618 0.034547716822512696
4 0.2734375 0.91875 0.109375 0.1625
5 0.2703125 0.87109375 0.146875 0.2578125
5 0.0828125 0.809375 0.165625 0.38125
6 0.4875 0.78125 0.15625 0.325
5 0.6578125 0.809375 0.496875 0.38125
4 0.634375 0.859375 0.278125 0.28125
3 0.6234375 0.67890625 0.134375 0.1203125