8 0.259375 0.23984375 0.51875 0.4796875
2 0.12188214958377541 0.21796875 0.06275453005422929 0.04375
3 0.11045883625386299 0.26875 0.01886817466803503 0.0203125
4 0.14590143256487095 0.31796875 0.08503859621281204 0.1140625
4 0.08359375 0.04140625 0.0578125 0.0828125
5 0.07734375 0.1296875 0.1546875 0.259375
5 0.1046875 0.3328125 0.209375 0.29375
8 0.759375 0.23984375 0.48125 0.4796875
5 0.12734375 0.73984375 0.2546875 0.5203125
8 0.759375 0.73984375 0.48125 0.5203125
8 0.95234375 0.61953125 0.0953125 0.1359375
8 0.9515625 0.67265625 0.096875 0.2359375
8 0.97890625 0.66484375 0.0421875 0.2640625