8 0.184375 0.38046875 0.196875 0.1578125
8 0.71953125 0.2296875 0.5609375 0.459375
4 0.01171875 0.8421875 0.0234375 0.19375
4 0.1275371091968233 0.8347678262157278 0.12621810811666875 0.2101022287263695
4 0.396875 0.8421875 0.084375 0.225
2 0.01015625 0.63671875 0.0203125 0.0765625
3 0.1813484313073344 0.7164900040070207 0.03778180113146803 0.04865566861791084
5 0.31328125 0.8078125 0.2515625 0.384375
5 0.1375 0.821875 0.2 0.35625
5 0.0453125 0.7921875 0.090625 0.415625
6 0.861966651351301 0.8157723865205782 0.050363614363184796 0.06279089149054765
6 0.4893831242239379 0.805440437161067 0.03152271077238851 0.04705680718159222