8 0.13125 0.21484375 0.2625 0.4296875
8 0.53203125 0.21484375 0.1359375 0.4296875
0 0.5032952551663614 0.3699616221618248 0.048701120413308985 0.04559430113146803
0 0.08970947813719424 0.31521347218526585 0.048719301131468204 0.048719301131468204
0 0.13111118295765448 0.3146731167008758 0.03460225897699054 0.03926248789975162
0 0.17395266793053973 0.2930481015755652 0.05029998184962743 0.051853391490547726
0 0.2742299238824681 0.3412861345566608 0.03303066861791084 0.03769089754067192
0 0.3006015263417961 0.3086281706610142 0.03616475897699054 0.03927157825883114
0 0.3346679750139362 0.3900736133812261 0.03611930718159222 0.03145907825883114
3 0.5058798996819714 0.41138150770044424 0.022020445745273776 0.02512726502711473
3 0.17963958654845058 0.3305799178323439 0.014153403590796287 0.015706813231716587
3 0.12035094495970693 0.3450782341873184 0.020430674668035033 0.020430674668035033
3 0.08918275819142352 0.358958927005726 0.022011355386194253 0.023564765027114732
7 0.04453125 0.38125 0.0890625 0.096875
7 0.10546875 0.384375 0.0671875 0.090625
7 0.15546875 0.38046875 0.0890625 0.0984375
7 0.27421875 0.38828125 0.0859375 0.0828125
5 0.45234375 0.3828125 0.1546875 0.09375
5 0.3109375 0.39921875 0.103125 0.0609375
5 0.26796875 0.35546875 0.1640625 0.1484375
5 0.23359375 0.37265625 0.1265625 0.1140625
5 0.1453125 0.34609375 0.153125 0.1671875
5 0.08984375 0.35859375 0.1203125 0.1421875
5 0.05859375 0.35546875 0.1171875 0.1484375
1 0.8 0.11328125 0.4 0.2265625
4 0.8 0.2640625 0.4 0.33125
5 0.8 0.21484375 0.4 0.4296875
5 0.09391973428551434 0.7468447463857627 0.11694310206654457 0.22723518657189173
5 0.2479623396717086 0.771177646755105 0.11544423458010193 0.23816359621281213
9 0.53359375 0.9140625 0.1328125 0.171875
4 0.08972713797450638 0.6976032704880637 0.03624657220870695 0.053334078258831144
4 0.26880610479701905 0.7283316166026799 0.04257838544042354 0.06743293969514959
0 0.10040101756119739 0.6523544030016211 0.025172716822512698 0.029832945745273953
3 0.10129589704969266 0.6718901981811608 0.006304542154477666 0.009411361436318443
3 0.2678248668972675 0.6939520714231401 0.0063045421544778435 0.009411361436318443
0 0.27629589704969265 0.672908318398078 0.025154536104353475 0.026707945745273954
6 0.65234375 0.63515625 0.1046875 0.4109375
2 0.7869844539366975 0.8940111587571575 0.12255677693097126 0.11789654800821019
5 0.76640625 0.88515625 0.3328125 0.2296875