7 0.3296875 0.3684120940715127 0.1609375 0.24156130698520073
0 0.296875 0.09985299161218475 0.09375 0.10054542154477705
1 0.31953125 0.17550243140553032 0.053125 0.05812157220870695
5 0.32578125 0.278125 0.2078125 0.48125
8 0.63125 0.078125 0.403125 0.15625
8 0.3328125 0.69921875 0.19375 0.3609375
8 0.13828125 0.71640625 0.2765625 0.3953125
5 0.390625 0.6885331756499937 0.0140625 0.02508181323171641
5 0.12265625 0.7221234222321481 0.01875 0.03448408430895533
8 0.0359375 0.78984375 0.071875 0.0953125
5 0.51484375 0.91953125 0.1640625 0.1609375
4 0.4875 0.9703125 0.08125 0.059375
3 0.50625 0.9332922055078313 0.0203125 0.03136817466803521
0 0.490625 0.8771331090986274 0.0671875 0.06914088544042336