8 0.83046875 0.1828125 0.3390625 0.365625
8 0.4265625 0.7171875 0.146875 0.565625
6 0.9953125 0.48359375 0.009375 0.0234375
6 0.9176762066359105 0.5015625 0.008085220003181704 0.0234375
6 0.8424671213001378 0.51953125 0.008103401336727245 0.025
6 0.7899324672979107 0.5359375 0.008103401336727068 0.025
6 0.7861711206238201 0.590625 0.017769302673454314 0.05
6 0.7404864506285926 0.55546875 0.009720445337363515 0.0296875
6 0.7205915739576838 0.58671875 0.014535214672181596 0.040625
6 0.7129427059595927 0.57265625 0.009793170671545148 0.0359375
6 0.9207188432925019 0.57578125 0.01942270934118149 0.0578125
6 0.8699824992839114 0.6390625 0.03221361067790873 0.0828125
6 0.6425114799490933 0.65 0.024219297342454205 0.0671875
6 0.5763324966184113 0.63046875 0.017732940006363405 0.046875
6 0.5985347606222293 0.60234375 0.012954533338636054 0.0390625
6 0.6567199779599109 0.5703125 0.011301126670908879 0.03125
6 0.7320290606301836 0.54375 0.009647720003181703 0.0234375
6 0.8033864399665924 0.52109375 0.006522720003181703 0.0234375
6 0.9013245006365469 0.496875 0.008085220003181704 0.0234375