8 0.209375 0.21484375 0.41875 0.3703125
6 0.93515625 0.0109375 0.0296875 0.021875
6 0.6449327884420446 0.07208303649713699 0.04908291549465282 0.11121930113146802
6 0.66953125 0.01171875 0.0359375 0.0234375
9 0.74765625 0.21171875 0.5046875 0.3765625
3 0.4109375 0.41484375 0.015625 0.0296875
5 0.34765625 0.7 0.1421875 0.6
7 0.6242248578220811 0.7893972806434044 0.015797716822512697 0.02977840359079629
0 0.6248788427949665 0.7675177354638647 0.006304542154477666 0.009411361436318443
5 0.6204004210537978 0.8034825065411034 0.027044289031219648 0.08296703610435338
5 0.9877601169954634 0.6966542269778536 0.007948855386194253 0.023482951795397965
8 0.97265625 0.6984375 0.0546875 0.103125
9 0.9511822675611974 0.7210866004162246 0.025218168617910663 0.03764544574527395
9 0.9114385115110732 0.7385059045727548 0.05198974687674216 0.07373748184962743
7 0.9707862404338343 0.7334729709277293 0.009484084308955332 0.018804542154477667
5 0.9700504422292324 0.7412900161072692 0.01279998184962743 0.05163522287263689
8 0.76328125 0.88359375 0.1890625 0.2328125
5 0.66796875 0.9875 0.0484375 0.025
8 0.7015625 0.7046875 0.565625 0.590625