5 0.49969420138445225 0.14794453708631217 0.037319281349453705 0.11895907825883115
4 0.5018834100493159 0.1346496515476927 0.022402258672817865 0.045439765027114644
0 0.5061345580442251 0.09712238047045388 0.00948408800127254 0.009429542154477666
8 0.7109375 0.18984375 0.303125 0.3796875
8 0.925 0.16796875 0.15 0.3359375
5 0.7200623400699968 0.17912285597536942 0.014353401336727068 0.02508181323171659
5 0.99765625 0.165625 0.0046875 0.034375
0 0.41328125 0.76953125 0.2921875 0.4609375
5 0.23984375 0.76953125 0.4796875 0.4609375
4 0.990625 0.78203125 0.01875 0.1078125
5 0.9859375 0.82890625 0.028125 0.3203125