8 0.37265625 0.09765625 0.4109375 0.1953125
8 0.31953125 0.19453125 0.6390625 0.3890625
8 0.8828125 0.19453125 0.234375 0.3890625
4 0.8823074641902341 0.055509824594230615 0.03459316861791066 0.03789998933799978
3 0.8769841599355079 0.03057345926163966 0.01414431323171641 0.014226132001908986
2 0.8754989279876847 0.01731039059518511 0.017269313231716765 0.014262494668999893
5 0.888512012394836 0.06324959926004885 0.060047686571891745 0.11631589067472685
9 0.7700432926454571 0.15055978994272992 0.03934430113146803 0.04889203333863614
5 0.31953125 0.69453125 0.6390625 0.6109375
4 0.31953125 0.85625 0.6390625 0.2875
1 0.27488428698811623 0.6324086792648214 0.4826590056573409 0.24778735073199698
8 0.81953125 0.6421875 0.3609375 0.50625
8 0.81953125 0.80703125 0.3609375 0.3859375