8 0.39140625 0.34921875 0.2421875 0.2609375
8 0.56640625 0.35546875 0.1859375 0.2484375
9 0.2237121515476927 0.42734375 0.10662270472226432 0.0640625
2 0.16214793765204621 0.40078125 0.011001132513557277 0.0109375
5 0.15970873888171022 0.4171875 0.026826120413308896 0.0453125
6 0.13704339852263062 0.41875 0.01896816861791084 0.0375
6 0.21119397082953348 0.43046875 0.01895907825883123 0.0359375
6 0.0578125 0.46171875 0.021875 0.0359375
8 0.08671875 0.38125 0.1734375 0.196875
9 0.67109375 0.10078125 0.0234375 0.0328125
8 0.3296875 0.76328125 0.659375 0.4734375
8 0.45 0.57265625 0.40625 0.1859375
6 0.8296875 0.73984375 0.340625 0.5203125