0 0.01953125 0.16640625 0.0390625 0.0859375
1 0.0171875 0.2453125 0.034375 0.065625
7 0.05859375 0.3984375 0.1171875 0.25625
5 0.13984375 0.4015625 0.2796875 0.596875
6 0.744220525302365 0.11323840260883751 0.016115896005726958 0.04227840359079611
9 0.9734375 0.03125 0.053125 0.0625
3 0.777496649307774 0.07358555014950952 0.020530676002545434 0.01886817466803503
0 0.7640625 0.03671875 0.059375 0.0734375
7 0.7949108686346378 0.12134633927892513 0.129016980028635 0.21167381908544902
5 0.82734375 0.25625 0.2265625 0.5125
5 0.184375 0.85 0.36875 0.3