8 0.17421875 0.09296875 0.3171875 0.1859375
8 0.23125 0.02578125 0.096875 0.0515625
8 0.58828125 0.22421875 0.2578125 0.3515625
8 0.85703125 0.240625 0.2859375 0.31875
5 0.5718501905789124 0.2958472685431561 0.014217036104353476 0.026644313231716586
5 0.8687024646812134 0.29802635031802877 0.01739657825883114 0.03603749394987581
8 0.9671875 0.35625 0.065625 0.0875
0 0.3964133324622437 0.9588689224285398 0.02832498789975162 0.03453862646343318
0 0.0983439920049682 0.8973239310127468 0.042442030054229286 0.04399543969514959
2 0.01171875 0.95078125 0.0234375 0.0359375
7 0.08203125 0.96796875 0.0484375 0.0640625
5 0.09296875 0.9375 0.0765625 0.125
5 0.3828125 0.96953125 0.0625 0.0609375
4 0.41320241930528184 0.6244075640172835 0.01740566861791084 0.03759999394987581
0 0.41259388612779463 0.5947246091968232 0.014153403590796287 0.015706813231716587
5 0.40837856391908767 0.6478723350945224 0.033548819085449114 0.1267533975406719
8 0.88359375 0.78359375 0.2328125 0.3984375
6 0.49296875 0.96171875 0.0421875 0.0765625
6 0.5047399586310892 0.9113091629605702 0.022247704722264318 0.06418976502711474
6 0.6196155248878679 0.9051722715682182 0.026962475799503238 0.06890453610435329
6 0.7094638200674076 0.9038683259211402 0.026926114363184796 0.06265453610435365
4 0.5413632598607532 0.9275017895221991 0.03626475292686617 0.05645907825883114
2 0.5471183561717612 0.8782512232654204 0.018886355386194254 0.023546584308955332
5 0.5468320098607532 0.9274699732654204 0.06794199980360834 0.13007838544042336
9 0.99375 0.85 0.0125 0.05625
9 0.97734375 0.85 0.0453125 0.071875