8 0.284375 0.15390625 0.290625 0.3078125
8 0.32265625 0.21484375 0.2140625 0.4296875
0 0.28392308645025477 0.16116722063314182 0.004723861436318444 0.006277271077238922
7 0.28012137557967043 0.1791586965308408 0.009502265027114732 0.021929542154477667
5 0.2793810321955286 0.18619449171038055 0.017532933645025395 0.05947499394987581
9 0.27464808040013045 0.17840926278761948 0.04249657220870695 0.05337043969514958
8 0.23306456839807801 0.14818140730322932 0.042442030054229286 0.04399543969514959
8 0.1769236527070334 0.16725866023009556 0.05344316256778656 0.05499657220870695
8 0.12214070393669743 0.15117057279788212 0.034720433645025486 0.059574987899751616
8 0.10183729429577704 0.15285124746591716 0.042551114363184706 0.06274543969514959
8 0.07445718285945854 0.14676032874981057 0.04573974687674198 0.07370112041330898
8 0.04164468285945855 0.1469512262904825 0.05666815651766246 0.07220225292686618
8 0.00703125 0.128125 0.0140625 0.096875
0 0.6695232014026147 0.13782971458301754 0.06147383118569749 0.09254202400410509
3 0.6814964814568439 0.18151153688992042 0.039498837235821684 0.07522725897699045
7 0.7309924874087723 0.2288814405789125 0.11813289734428026 0.16318177693097136
5 0.7097214754067197 0.1985354104264873 0.1732112827847038 0.23068743949875792
5 0.35625 0.76796875 0.146875 0.4640625
5 0.403125 0.7671875 0.053125 0.465625
5 0.19296875 0.78125 0.2640625 0.4375
5 0.0796875 0.76640625 0.159375 0.4671875
3 0.04661748740877227 0.6775098381195844 0.05499657220870695 0.05344316256778665
3 0.21697089402463057 0.6835502389799061 0.05499657220870695 0.05344316256778665
3 0.3872424874087724 0.6755281398402277 0.04716589149054755 0.050272710772388506
2 0.40546875 0.58515625 0.0484375 0.0890625
2 0.22740387909571175 0.5967678564663488 0.06593407220870695 0.05350679508134402
2 0.059326044786756335 0.5789950700674076 0.08164997579950324 0.06922269867214012
4 0.06171875 0.8453125 0.1234375 0.309375
4 0.203125 0.8515625 0.15625 0.296875
4 0.375 0.8484375 0.109375 0.303125