8 0.09921875 0.11953125 0.1984375 0.2015625
9 0.2578125 0.2123293667008758 0.071875 0.04104315651766246
6 0.3390625 0.2440520653730159 0.0109375 0.017251132513557366
6 0.3546875 0.24804921896381202 0.0125 0.01726022287263689
6 0.371875 0.25205546291368786 0.0109375 0.017251132513557366
6 0.38828125 0.25527591168402386 0.0125 0.020385222872636978
6 0.4 0.258469089377121 0.0125 0.02194772287263689
6 0.409375 0.26008613153159865 0.0140625 0.020394313231716588
9 0.53359375 0.24765625 0.0515625 0.0953125
9 0.43828125 0.2602543031745716 0.04375 0.034629530054229286
8 0.4421875 0.3477770290722706 0.1359375 0.1320408612399266
9 0.515625 0.0578125 0.0875 0.078125
5 0.8421875 0.08984375 0.315625 0.1796875
3 0.76796875 0.515625 0.1265625 0.046875
4 0.8359375 0.434375 0.3125 0.209375
5 0.7796875 0.26953125 0.440625 0.5390625
4 0.4296875 0.93984375 0.15 0.1203125
2 0.390625 0.8369753635776178 0.05625 0.06438975292686636
5 0.41953125 0.9 0.2796875 0.2
0 0.76875 0.60859375 0.209375 0.1390625
3 0.6796875 0.6203873063960255 0.0984375 0.08338519262201594
4 0.67265625 0.7890625 0.2265625 0.421875
5 0.75625 0.76953125 0.39375 0.4609375