8 0.08046875 0.24140625 0.1609375 0.3921875
8 0.27109375 0.2546875 0.3578125 0.509375
5 0.39453125 0.478125 0.0890625 0.0625
5 0.4087961995559031 0.27421875 0.033167024004104914 0.0609375
7 0.4127433561717613 0.2671875 0.011055674668035208 0.0203125
7 0.37734375 0.4921875 0.0359375 0.034375
3 0.38266899503003027 0.46796875 0.012563632513557365 0.0109375
2 0.3850945582617468 0.45390625 0.012554542154477844 0.009375
0 0.4198564194034777 0.253125 0.011010222872636888 0.0125
6 0.9859375 0.18046875 0.028125 0.0515625
6 0.8271831060735654 0.18046875 0.0473204275949012 0.0765625
6 0.581688798891973 0.21171875 0.05369769262201594 0.0984375
9 0.7515625 0.34375 0.496875 0.33125
5 0.7078125 0.01640625 0.025 0.0328125
8 0.365625 0.82265625 0.16875 0.3546875
8 0.7930989975641131 0.74765625 0.403771457256347 0.3796875
8 0.71875 0.88515625 0.5375 0.2296875
4 0.7615131751590144 0.67109375 0.015761355386194255 0.0234375
2 0.764765440186129 0.64921875 0.012572722872636888 0.0125
5 0.7662370365953328 0.66484375 0.033085210772388504 0.046875