8 0.4375 0.12578125 0.64375 0.2515625
7 0.5984375 0.07890625 0.31875 0.1578125
7 0.57265625 0.07265625 0.3359375 0.1453125
5 0.41640625 0.10078125 0.1203125 0.2015625
5 0.59375 0.19453125 0.33125 0.3890625
2 0.74296875 0.6234375 0.0328125 0.071875
7 0.28046875 0.453125 0.2140625 0.128125
7 0.14048097414918317 0.8582472099777283 0.06343630698520064 0.16166475334181776
5 0.13900028738089973 0.8442028913112738 0.07474651170746496 0.22585452267663583
5 0.309375 0.69453125 0.325 0.6109375
4 0.97265625 0.4640625 0.0546875 0.15
4 0.8390625 0.48828125 0.159375 0.1578125
3 0.85234375 0.4 0.0609375 0.021875
5 0.85625 0.54921875 0.19375 0.3203125
5 0.82265625 0.6109375 0.1265625 0.44375
5 0.81328125 0.92578125 0.1078125 0.1484375
5 0.95859375 0.56171875 0.0828125 0.3453125