3 0.67265625 0.272577940186129 0.0578125 0.047211343285945874
0 0.64765625 0.14928588593140288 0.1671875 0.16503516842151916
4 0.6984375 0.3203125 0.259375 0.11875
5 0.72421875 0.2109375 0.3984375 0.3375
5 0.909375 0.18984375 0.18125 0.3796875
5 0.1359375 0.7578125 0.271875 0.484375
5 0.3171875 0.71640625 0.225 0.5671875
5 0.39140625 0.7421875 0.0765625 0.515625
3 0.41171875 0.62734375 0.0359375 0.0484375
3 0.25546875 0.6088138593932151 0.0390625 0.06897725897699054
3 0.1 0.670655850121637 0.0578125 0.056586343285945875
2 0.08828125 0.5652552778147342 0.0875 0.07238406010845858
2 0.28046875 0.48835591364794106 0.0984375 0.09432269262201594
2 0.403125 0.53046875 0.053125 0.0734375
4 0.40703125 0.8234375 0.0453125 0.353125
4 0.33984375 0.809375 0.1765625 0.38125
4 0.11875 0.8421875 0.2 0.315625
5 0.65234375 0.6719501845287883 0.3015625 0.20331693930236625
3 0.6390625 0.714214952580965 0.2109375 0.09028969847574846
4 0.58125 0.8875 0.303125 0.225
5 0.71484375 0.69921875 0.5703125 0.6015625