8 0.0359375 0.38046875 0.071875 0.1453125
8 0.23359375 0.40621610021983284 0.1109375 0.11783291549465283
8 0.35234375 0.34615023292978186 0.0625 0.1019261143631848
9 0.32421875 0.29240760939321503 0.0296875 0.034547716822512696
9 0.390625 0.2763962691323313 0.034375 0.03457498789975162
9 0.42578125 0.2808792360530399 0.021875 0.02200226502711473
9 0.52109375 0.25078125 0.0578125 0.0359375
9 0.44375 0.30186844692362425 0.0375 0.04084316861791084
8 0.775 0.3625 0.45 0.634375
2 0.99453125 0.309375 0.0109375 0.01875
5 0.96015625 0.36953125 0.0796875 0.1453125
5 0.27109375 0.83984375 0.5421875 0.3203125
2 0.1015625 0.72890625 0.203125 0.0984375
1 0.15390625 0.9265625 0.2015625 0.146875