8 0.246875 0.04140625 0.084375 0.0828125
8 0.08936091920708603 0.084375 0.033057939695149675 0.0421875
6 0.8905092869881163 0.19765625 0.0535704275949012 0.0765625
6 0.7763331574996211 0.2171875 0.029942030054229286 0.04375
6 0.6597996424725064 0.2390625 0.02209316861791084 0.0375
6 0.5291627208295335 0.26796875 0.015788626463433174 0.028125
8 0.19453125 0.76171875 0.3890625 0.3046875
0 0.25 0.9828125 0.08125 0.034375
0 0.30359911856659716 0.96015625 0.05332498789975162 0.034375
3 0.311275263180403 0.98359375 0.03759090359079629 0.015625
0 0.22856782319066565 0.83125 0.009402271077238922 0.0046875
7 0.23007123585664813 0.84140625 0.01726931323171659 0.0140625
5 0.2284905551384889 0.84453125 0.02520907825883114 0.0359375
0 0.23700703708631216 0.8578125 0.009402271077238922 0.0046875
7 0.2338184045727548 0.86875 0.018840903590796286 0.015625
5 0.23692522385459558 0.871875 0.02677157825883114 0.0359375
9 0.69453125 0.8046875 0.6109375 0.390625