8 0.48125 0.30546875 0.3375 0.5484375
4 0.5143950232734118 0.29765625 0.02694430800445442 0.0328125
0 0.5202364906110934 0.265625 0.012627269334818081 0.0109375
3 0.5185103586091845 0.2796875 0.00950226933481808 0.0109375
5 0.5105705892743664 0.290625 0.04763861600890866 0.065625
0 0.74609375 0.0875 0.1328125 0.175
7 0.69765625 0.2078125 0.0953125 0.309375
5 0.73203125 0.384375 0.1640625 0.76875
6 0.13611548193827558 0.934375 0.054143154678544914 0.0875
6 0.3216717212762753 0.9 0.028797709341181487 0.0578125
6 0.46995467994113904 0.91328125 0.025454533338636055 0.0390625
6 0.603775149268003 0.9609375 0.022329533338636055 0.0390625
6 0.618164913271821 0.9328125 0.012827264003817973 0.028125
6 0.5685649026098207 0.8984375 0.01280908267027261 0.0265625
6 0.5368427352800934 0.871875 0.012754538669636162 0.021875
6 0.5548478479471843 0.86875 0.008012494668999892 0.0171875
9 0.265625 0.96171875 0.53125 0.0765625
9 0.5637234086171385 0.84453125 0.036428396005727136 0.0421875
0 0.7817477973026833 0.89296875 0.1333408533577262 0.1796875
7 0.71484375 0.93046875 0.1296875 0.1390625
5 0.74921875 0.8890625 0.1984375 0.221875