8 0.3625 0.2796875 0.375 0.559375
6 0.47890625 0.4859375 0.1203125 0.146875
6 0.19609375 0.45546875 0.1515625 0.2078125
0 0.0265625 0.0611936806969986 0.0421875 0.03799089600572696
0 0.15390625 0.11580045938095233 0.046875 0.05054544000636341
2 0.5375 0.10390625 0.025 0.0265625
7 0.521875 0.16796875 0.05625 0.0921875
7 0.01953125 0.165625 0.0390625 0.140625
7 0.14609375 0.21805330271322507 0.1046875 0.1559056493475449
3 0.14921875 0.14699591538031598 0.021875 0.02681703866963616
3 0.01640625 0.0923255020289532 0.028125 0.026889764003817974
3 0.5328125 0.13349068276572273 0.0234375 0.023710220003181702
5 0.51640625 0.15 0.0671875 0.128125
5 0.12578125 0.28109819537713426 0.1671875 0.39413290268936263
5 0.040625 0.2234375 0.08125 0.3875
0 0.55390625 0.0953125 0.0078125 0.025
4 0.6 0.1772032254137236 0.034375 0.06758748933799978
5 0.60625 0.1772759507479053 0.0703125 0.13519316000954512
5 0.56171875 0.153125 0.0234375 0.15
8 0.775 0.7796875 0.45 0.440625