8 0.24375 0.21015625 0.384375 0.4203125
8 0.13203125 0.25546875 0.2640625 0.3140625
4 0.5166473192632305 0.43984375 0.011137494668999891 0.0171875
4 0.4947995912635488 0.4375 0.012718176002545078 0.01875
5 0.49401834126354877 0.4375 0.01916817067154497 0.0359375
5 0.5181370939290488 0.44609375 0.025490896005727137 0.0421875
0 0.040625 0.72890625 0.08125 0.0953125
0 0.10145921861077527 0.78203125 0.05692270934118149 0.0578125
0 0.2594171692791389 0.76953125 0.08217724801081765 0.0796875
0 0.3255416086091845 0.79375 0.05857611600890884 0.065625
0 0.4758501439370029 0.834375 0.05859429734245403 0.0671875
0 0.5544654926002758 0.859375 0.05063634667409058 0.0546875
0 0.63046875 0.8828125 0.0390625 0.053125
3 0.03085581727404818 0.80703125 0.04431362133990877 0.0484375
3 0.10630071260345746 0.8359375 0.020621582670272608 0.0265625
3 0.27587741593732107 0.83203125 0.017532945337363513 0.0296875
3 0.31791946526895754 0.84453125 0.03315794533736351 0.0296875
3 0.4683098165977304 0.878125 0.02845226400381797 0.028125
3 0.5461166432606852 0.90546875 0.029996582670272432 0.0265625
3 0.640625 0.91171875 0.01875 0.0234375
4 0.60390625 0.96171875 0.0609375 0.0765625
4 0.5328125 0.96015625 0.103125 0.0796875
4 0.4453125 0.95234375 0.1125 0.0953125
4 0.29921875 0.9328125 0.1234375 0.134375
4 0.2046875 0.92109375 0.134375 0.1578125
4 0.07890625 0.928125 0.1078125 0.14375
4 0.03046875 0.9078125 0.0609375 0.184375
5 0.08359375 0.8734375 0.1671875 0.253125
5 0.20546875 0.859375 0.2171875 0.28125
5 0.2953125 0.878125 0.20625 0.24375
5 0.42890625 0.896875 0.1921875 0.20625
5 0.52578125 0.9140625 0.1703125 0.171875
5 0.590625 0.925 0.11875 0.15
7 0.91015625 0.7546875 0.1796875 0.490625
5 0.84140625 0.7546875 0.3171875 0.490625