8 0.10234375 0.334375 0.2046875 0.209375
8 0.09152968793763919 0.2253342597625574 0.10737724267981755 0.0974931444174139
7 0.2840626332750027 0.19452864559576444 0.009556813335454351 0.015679542154477845
0 0.2850075152769117 0.18046160041622458 0.006322725334181811 0.006286361436318444
5 0.2840989959420936 0.19140364559576445 0.012918170671545326 0.03601022287263689
8 0.7367058279360484 0.2780598048439013 0.15926810136854375 0.2602840359079618
8 0.75078125 0.39921875 0.2046875 0.1390625
5 0.7830535692632304 0.3230995940715128 0.017387494668999894 0.01728749394987581
7 0.7829899345958214 0.3285683440715127 0.014171588001272717 0.00945681323171641
7 0.41119784528168424 0.7467552626894236 0.15766923870145283 0.25714994554888226
0 0.409375 0.48125 0.09375 0.025
1 0.4246716413112738 0.5287228801758663 0.05381589067472703 0.059684072208707126
5 0.4015625 0.734375 0.1625 0.53125
2 0.94296875 0.66640625 0.1140625 0.1359375
5 0.934375 0.79453125 0.13125 0.4109375