5 0.48671875 0.07421875 0.0046875 0.0359375
8 0.821875 0.16484375 0.35625 0.3296875
8 0.74453125 0.16484375 0.5109375 0.3296875
8 0.1890625 0.67734375 0.378125 0.5140625
4 0.18221461982413373 0.6703125 0.025181807181592398 0.03125
0 0.18750156264254142 0.6390625 0.011001132513557365 0.0109375
3 0.18601633069471815 0.65234375 0.009429542154477666 0.009375
5 0.17904871320827542 0.66328125 0.042542024004105096 0.0609375
0 0.6514004361791083 0.446875 0.1884908491396784 0.1703125
3 0.7189333698241337 0.50625 0.08948974687674198 0.0734375
4 0.7170082972226431 0.7125 0.2917623366466464 0.4640625
5 0.70390625 0.66484375 0.4296875 0.6703125