8 0.36328125 0.3365308349963264 0.6046875 0.34101796896381203
0 0.46640625 0.44061837129707176 0.0078125 0.004732951795397966
7 0.4671875 0.4492075761175319 0.0140625 0.012581813231716588
5 0.46875 0.4531047357584523 0.0203125 0.02980567466803503
0 0.4625 0.4664223471947707 0.009375 0.004742042154477666
7 0.4671875 0.4749888261175318 0.015625 0.014153403590796287
5 0.465625 0.47812291647661154 0.0203125 0.03136817466803503
7 0.90546875 0.28515625 0.1890625 0.4890625
5 0.88046875 0.26484375 0.2390625 0.5296875
5 0.378125 0.7005796994577069 0.26875 0.17031354176169416
3 0.3953125 0.7371984555078313 0.1921875 0.07143061416679294
4 0.54140625 0.8921875 0.3671875 0.215625
5 0.38515625 0.76484375 0.7078125 0.4703125
0 0.98828125 0.765625 0.0234375 0.0625
0 0.84765625 0.7923359282822723 0.0515625 0.06436248184962742
0 0.765625 0.8100006721339522 0.046875 0.050272710772388506
3 0.9953125 0.81796875 0.009375 0.0296875
3 0.85078125 0.8368489975641131 0.0265625 0.026717036104353654
3 0.76953125 0.8568529462362532 0.028125 0.025163626463433175
4 0.7765625 0.9375 0.075 0.125
4 0.8578125 0.934375 0.09375 0.13125
4 0.978125 0.921875 0.04375 0.15625
5 0.9671875 0.865625 0.065625 0.26875
5 0.86328125 0.878125 0.1265625 0.24375
5 0.78125 0.890625 0.084375 0.21875