8 0.2859375 0.07265625 0.421875 0.1453125
8 0.1171875 0.221875 0.234375 0.44375
9 0.37109375 0.01328125 0.0671875 0.0265625
5 0.00859375 0.078125 0.0171875 0.0875
1 0.81171875 0.35 0.3765625 0.33125
2 0.809375 0.0953125 0.38125 0.190625
4 0.809375 0.48671875 0.38125 0.1640625
5 0.809375 0.284375 0.38125 0.56875
6 0.5868621122218853 0.7573149919067723 0.02996021077238851 0.0470477168225127
6 0.5246120970965749 0.714709856269957 0.015770445745273774 0.025090903590796288
6 0.5036047055078312 0.6999888261175319 0.011037493949875809 0.017251132513557366
6 0.491940497662309 0.690682003810629 0.007885222872636887 0.012545451795398144
6 0.485713223560008 0.6868121152469475 0.0063136325135573655 0.010973861436318445
6 0.4802626542781672 0.6837189315037262 0.0063136325135573655 0.010973861436318445
6 0.4740399253554061 0.6790677929400447 0.00789431323171641 0.014107951795397967
6 0.023749033864858316 0.7316858163549745 0.004732951795398099 0.007839771077238922
6 0.32591552186280576 0.7603955818730685 0.02364657825883123 0.03607385538619425
6 0.36907062422393794 0.728114346998379 0.014198855386194253 0.023519313231716587
6 0.38555414227611473 0.714737648228043 0.011046584308955332 0.018813632513557367
6 0.40752913622599046 0.6974228832009284 0.0063227228726368875 0.012536361436318444
6 0.4138064073032293 0.69269902176461 0.0063136325135573655 0.010973861436318445
6 0.41772629284184876 0.6903325458669108 0.004742042154477666 0.009402271077238922
6 0.41932060909862745 0.6848547055078312 0.00476931323171641 0.014089771077238921
6 0.04953482904439812 0.7307545754301609 0.00630454215447771 0.009411361436318443
6 0.10114278083979622 0.7226420935805334 0.004732951795398055 0.007839771077238922
6 0.47169617535540614 0.679081428478664 0.0031795421544778433 0.009393180718159222
6 0.4685757205349459 0.6783183591968233 0.0031613614363184437 0.006268180718159222
6 0.45842401571448566 0.6775961965308408 0.004723861436318444 0.006277271077238922
6 0.4427899253554061 0.679249600121637 0.0031613614363184437 0.006268180718159222
6 0.4263836753554061 0.679345048891973 0.0031613614363184437 0.006268180718159222
6 0.41541435909862745 0.6848774314055304 0.003170451795397966 0.007830680718159223
6 0.41307969945770695 0.6833285669441497 0.003170451795397966 0.007830680718159223
6 0.4044814042781672 0.6841598139190876 0.0031613614363184437 0.006268180718159222
6 0.39275810909862746 0.6850092416121847 0.0031613614363184437 0.006268180718159222
6 0.3700973139190876 0.6859223018188392 0.0031613614363184437 0.006268180718159222
6 0.33648538320092836 0.689242744539051 0.004732951795398055 0.007839771077238922
6 0.3075564073032293 0.6933171661820239 0.004732951795398144 0.007839771077238922
6 0.2778461814055303 0.6973961330045366 0.004732951795398144 0.007839771077238922
6 0.2309439103282914 0.7023563437769251 0.0031613614363184437 0.0062681807181594
6 0.24969845550783126 0.7014660094679698 0.004723861436318444 0.006277271077238922
6 0.22155981996921179 0.7039733859314029 0.004732951795398144 0.007839771077238922
6 0.19497459407151277 0.7080341720357564 0.0031613614363184437 0.006268180718159222
6 0.1785501633533535 0.7112546208060924 0.004732951795398144 0.007839771077238922
6 0.15119277781473411 0.7137574520899858 0.004732951795398055 0.007839771077238922
6 0.13710755191703505 0.7177455153217023 0.004732951795398055 0.007839771077238922
6 0.10975925673749524 0.7186858466055955 0.004732951795398055 0.007839771077238922
6 0.059718350121636975 0.7260079880961433 0.00474204215447771 0.009402271077238922
6 0.5765382114597596 0.6519098744203297 0.0031613614363184437 0.006268180718159222
6 0.5726592325369985 0.6472451003180287 0.0031704517953981435 0.007830680718159223
9 0.328125 0.8703125 0.58125 0.259375
2 0.6102774072050334 0.6267144317001179 0.0031522710772389217 0.004705680718159222
2 0.6000257084346975 0.6431797690341353 0.0031522710772389217 0.004705680718159222
2 0.5960785518188392 0.6502337449318344 0.0031522710772389217 0.004705680718159222
2 0.5642109282822723 0.6222950972929666 0.006286361436318444 0.006286361436318444
4 0.5648967295119363 0.6386968021134268 0.009484084308955332 0.018804542154477667
4 0.6117762746914762 0.6376428413410382 0.00633181323171641 0.014098861436318444
4 0.6109313921779188 0.6485848865205781 0.007876132513557366 0.010982951795398144
5 0.6125757054096355 0.6345132961614984 0.009493174668035032 0.020367042154477665
5 0.6069933259211402 0.6540763624182772 0.02050339754067192 0.03293067466803503
5 0.6015609373574586 0.6478581786750558 0.007876132513557366 0.010982951795397966
5 0.5960467355620606 0.6557024949318344 0.011046584308955332 0.018813632513557367
5 0.5772831000234412 0.6581553292407898 0.0063772650271147315 0.021911361436318444
5 0.5671723018188392 0.6504019165748074 0.02069429508134384 0.06574317466803503