8 0.26875 0.215625 0.1625 0.36875
0 0.5959598562699571 0.2087549148072818 0.15514201795398092 0.0790249455488821
0 0.61171875 0.03515625 0.1171875 0.0703125
0 0.8203609343323965 0.04442983615566716 0.06424430718159249 0.03162270472226432
3 0.6062348018188393 0.054121956961759476 0.0439227168225127 0.029942030054229286
3 0.5706189678044714 0.26720321906200795 0.029878397540671918 0.032985216822512695
4 0.8363899344305924 0.10936903492600311 0.06447156615858277 0.07068520472226432
4 0.6917041483262388 0.13509067671113845 0.20109993344863372 0.1902260659621911
4 0.6421875 0.33125 0.221875 0.1375
5 0.8263200428418488 0.0944661975919856 0.08199540944452863 0.12859769867214013
5 0.66640625 0.1640625 0.2390625 0.328125
5 0.5984375 0.2859375 0.346875 0.228125
5 0.23628539530117684 0.6151094539366974 0.07933401775758923 0.2082670179539809
5 0.0886336904807166 0.6134691650036735 0.0762635599120669 0.21762383723582168
4 0.2482632205349459 0.5706463816297946 0.028397710772388507 0.047038626463433174
4 0.0763882205349459 0.5696464421310365 0.03160452400410509 0.0611193071815924
0 0.24383479576871495 0.5260878605525556 0.020457945745273775 0.02511817466803503
3 0.24138650663929936 0.5440429750139362 0.006295451795397966 0.007848861436318444
3 0.08282002771653829 0.5384328035673551 0.004732951795397966 0.007839771077238922
0 0.07747399756411308 0.5173072373105765 0.020439765027114733 0.02199317466803503
5 0.95625 0.7 0.0875 0.6