8 0.284375 0.234375 0.56875 0.46875
0 0.07547009426790452 0.24137599638576274 0.03770907825883123 0.03615566861791084
3 0.08075703708631213 0.2726578126425414 0.020457945745273865 0.02511817466803503
7 0.06574057026379938 0.30225895423128507 0.07555451190385672 0.09574883723582168
5 0.08895535646634878 0.34067655961747934 0.1373737767345796 0.2476658612399266
1 0.8953125 0.2828125 0.209375 0.371875
2 0.84375 0.0765625 0.3125 0.153125
4 0.79609375 0.4109375 0.4078125 0.115625
5 0.784375 0.234375 0.43125 0.46875
7 0.3890625 0.91015625 0.203125 0.1796875
0 0.5081013079671592 0.8550259268093343 0.09307835518980241 0.1536613311856975
3 0.4866848502198328 0.9103719569617595 0.03161361436318479 0.06268180718159222
5 0.4375 0.4890625 0.15 0.040625
5 0.41015625 0.8859375 0.3171875 0.228125
7 0.7796875 0.9578125 0.203125 0.084375
0 0.89765625 0.93671875 0.0921875 0.1265625
3 0.8765625 0.98671875 0.03125 0.0265625
5 0.828125 0.53671875 0.15 0.1359375
5 0.82109375 0.93359375 0.3578125 0.1328125