8 0.23671875 0.359375 0.4734375 0.71875
4 0.3251534943426592 0.13320920528327504 0.03615566861791084 0.03791817067154524
3 0.32529894008793314 0.10820920528327505 0.0157159035907962 0.015806813335454438
2 0.3261710936787293 0.09257511461650232 0.01726931323171659 0.014262494668999893
5 0.31884895218818154 0.14265693061745682 0.06007495764913049 0.12100339067472685
0 0.065625 0.70078125 0.0375 0.0359375
7 0.040625 0.68828125 0.08125 0.0609375
5 0.0453125 0.6859375 0.090625 0.065625
9 0.45438193120913856 0.21060640459900312 0.04092498184962743 0.0520352146721816
8 0.2796875 0.859375 0.559375 0.28125
8 0.47734375 0.828125 0.1640625 0.21875
5 0.665625 0.81328125 0.2125 0.1890625