8 0.2046875 0.2984375 0.409375 0.240625
1 0.64765625 0.39453125 0.0921875 0.0484375
1 0.66640625 0.015625 0.0671875 0.03125
1 0.93515625 0.03840544943504076 0.0609375 0.07414657200827239
1 0.7 0.3231691587364514 0.0625 0.06635225334181775
1 0.52109375 0.08358739604549789 0.05625 0.058467028007635945
2 0.51328125 0.01875 0.0921875 0.0375
2 0.6796875 0.2260578014003606 0.096875 0.09487724267981754
2 0.62109375 0.31443850139240637 0.1109375 0.0872283746817267
4 0.45703125 0.12890625 0.0953125 0.2578125
4 0.53359375 0.2625 0.2078125 0.3125
4 0.73828125 0.371875 0.1140625 0.09375
4 0.91640625 0.24140625 0.1671875 0.3453125
2 0.85546875 0.3890625 0.0828125 0.059375
5 0.9703125 0.27265625 0.059375 0.2921875
5 0.8875 0.209375 0.225 0.41875
5 0.86640625 0.38046875 0.2203125 0.0765625
5 0.6234375 0.33828125 0.31875 0.1609375
5 0.72421875 0.29375 0.1984375 0.25
5 0.7078125 0.16796875 0.265625 0.3359375
5 0.68828125 0.0984375 0.2953125 0.196875
5 0.54765625 0.209375 0.2765625 0.41875
5 0.453125 0.253125 0.0875 0.33125
5 0.48203125 0.209375 0.1453125 0.41875
1 0.15859375 0.63984375 0.3171875 0.3359375
4 0.2046875 0.85078125 0.409375 0.2984375
5 0.2046875 0.709375 0.409375 0.58125
8 0.7046875 0.709375 0.590625 0.58125
7 0.865625 0.6241680373965426 0.03125 0.05348862667090888
5 0.88125 0.638412350731997 0.065625 0.13045111600890866