8 0.2 0.225 0.4 0.45
8 0.73515625 0.36640625 0.2109375 0.1671875
8 0.3625 0.725 0.534375 0.55
7 0.52421875 0.73671875 0.2109375 0.3859375
7 0.5140625 0.78125 0.23125 0.284375
3 0.59140625 0.53359375 0.0765625 0.0609375
2 0.56484375 0.48359375 0.1296875 0.0640625
7 0.4812243700270442 0.6520413064942213 0.13746473201781734 0.13204086123992678
2 0.4771721220162265 0.5723356257760621 0.055051126670909056 0.03156816256778665
5 0.4615385786919079 0.638646427005726 0.16773403469127163 0.18221357806243949
5 0.4350413553866794 0.845509505362753 0.15160105203690738 0.27273858411256374
5 0.5109375 0.72578125 0.2375 0.5484375
7 0.77578125 0.725 0.2921875 0.55
5 0.77734375 0.725 0.2953125 0.55