8 0.31875 0.35703125 0.371875 0.2859375
0 0.4400584152000652 0.27419585673931485 0.020403403590796287 0.015861357336090797
7 0.4371970356133742 0.319471994072224 0.040979524004105095 0.06141021467218159
5 0.4255191922292324 0.32636688407063313 0.07261131908544911 0.12739884134309049
9 0.9107668667008758 0.3662839067472691 0.10207156010845857 0.08868178668045382
9 0.7654407311622563 0.36224929272754264 0.21646131303532493 0.14625902402927143
0 0.6697095537637467 0.15489932204804324 0.033085210772388504 0.04725680800445433
0 0.8367516080184728 0.1318447247374058 0.0613647468767418 0.07414657200827239
7 0.64921875 0.28359375 0.0609375 0.1578125
7 0.8122157372123805 0.345607232733906 0.128180583916172 0.27959768801718105
3 0.6605527223816576 0.19229023404677062 0.026717036104353477 0.02687158267027261
5 0.79765625 0.25078125 0.2046875 0.4984375
5 0.6578125 0.27578125 0.078125 0.4484375
8 0.42421875 0.75 0.3890625 0.5
8 0.47578125 0.9421875 0.2859375 0.115625
9 0.809375 0.75 0.38125 0.5