8 0.21171875 0.46484375 0.4234375 0.3484375
7 0.21401898897990607 0.5308844448615111 0.02674430718159222 0.031404536104353474
5 0.22185876005714497 0.5262423966569092 0.04556703005422928 0.04401362041330899
8 0.80234375 0.18046875 0.3953125 0.3609375
5 0.8357450398167867 0.14549184552544103 0.060147680521767555 0.13315793364502557
1 0.19375 0.75 0.3875 0.221875
4 0.24453125 0.81953125 0.4890625 0.3609375
5 0.24453125 0.81953125 0.4890625 0.3609375
1 0.74453125 0.90625 0.1015625 0.1875
0 0.69765625 0.77109375 0.1859375 0.2640625
7 0.8625 0.86328125 0.275 0.2734375
5 0.8 0.81953125 0.4 0.3609375