8 0.26875 0.18515625 0.35625 0.3703125
2 0.30078125 0.08828125 0.0171875 0.015625
3 0.29921875 0.11328125 0.0078125 0.0109375
4 0.3 0.13984375 0.0390625 0.046875
5 0.28671875 0.15 0.0796875 0.140625
5 0.18671875 0.00859375 0.0296875 0.0171875
8 0.6484375 0.2296875 0.178125 0.459375
8 0.75859375 0.35703125 0.2765625 0.2046875
8 0.96484375 0.0359375 0.0703125 0.071875
8 0.8796875 0.01796875 0.115625 0.0359375
5 0.196875 0.7078125 0.39375 0.496875
5 0.04609375 0.7296875 0.0921875 0.540625
8 0.9390625 0.6953125 0.121875 0.290625
8 0.8234375 0.7296875 0.353125 0.540625