8 0.1776811350476401 0.171875 0.3095305778660478 0.2953125
0 0.46746281517662414 0.85625 0.029887487899751618 0.034375
0 0.7411997761454044 0.7734375 0.042442030054229286 0.04375
7 0.7578125 0.87578125 0.04375 0.1390625
4 0.48658097471934864 0.91953125 0.05674996974937905 0.0859375
5 0.74375 0.875 0.071875 0.25
5 0.4890625 0.91796875 0.084375 0.1640625
5 0.35390625 0.83984375 0.1859375 0.3203125
5 0.16484375 0.83984375 0.3296875 0.3203125
4 0.171875 0.821875 0.215625 0.284375
4 0.33816113455666075 0.78828125 0.1074044756031114 0.1984375
5 0.88984375 0.90859375 0.2203125 0.1828125
9 0.88984375 0.83984375 0.2203125 0.3203125