8 0.375 0.184375 0.1875 0.36875
8 0.30234375 0.06953125 0.2546875 0.1390625
9 0.91328125 0.3046875 0.1734375 0.16875
0 0.6292405097625574 0.32063286270686187 0.028397710772388507 0.047202264003817974
4 0.632183702580965 0.35191922537395265 0.04094316256778665 0.055160214672181594
5 0.63046875 0.33984375 0.0765625 0.0984375
8 0.234375 0.75546875 0.46875 0.4890625
8 0.35 0.8515625 0.2375 0.296875
0 0.1377751724285398 0.7732606127466326 0.0361283975406721 0.03323067067154532
3 0.14307575078556695 0.8022304974140418 0.020448855386194252 0.023673857336090887
7 0.16482803093799206 0.823578786083678 0.07083065046753809 0.08988066000954512
5 0.15521213642238224 0.8648759480824053 0.13102378278470378 0.23119655068427178
8 0.734375 0.69453125 0.53125 0.6109375