8 0.4671875 0.053125 0.165625 0.10625
8 0.21171875 0.18359375 0.3953125 0.3671875
7 0.5140625 0.071875 0.009375 0.0125
5 0.5125 0.0703125 0.0125 0.01875
8 0.51328125 0.0890625 0.0734375 0.103125
2 0.2734375 0.21875 0.0078125 0.009375
5 0.27109375 0.2296875 0.0203125 0.034375
8 0.775 0.23984375 0.45 0.4796875
5 0.31484375 0.54375 0.0921875 0.128125
8 0.275 0.73984375 0.55 0.5203125
7 0.6703125 0.78359375 0.034375 0.065625
0 0.66953125 0.721875 0.0203125 0.0359375
5 0.65859375 0.8265625 0.0921875 0.253125
8 0.775 0.73984375 0.45 0.5203125