5 0.055544455409635415 0.38316858664664644 0.037999969749379046 0.08615566861791084
4 0.28125 0.9109375 0.184375 0.178125
0 0.23202514217791884 0.7841685261454044 0.14415906615858276 0.07114881303532483
3 0.18565413622599047 0.8315566105525557 0.039289758976990365 0.03928975897699054
3 0.01484375 0.6578125 0.0296875 0.040625
2 0.04543417808588064 0.6268276830558503 0.07225679508134383 0.06604315651766246
5 0.05703125 0.74375 0.1140625 0.346875
5 0.203125 0.8703125 0.40625 0.259375
8 0.48917859114464657 0.6130090601084586 0.12291130093507655 0.17883404800821018
8 0.5959911516458887 0.7855112948849522 0.23253174063022614 0.2216578731437835
6 0.89758949220136 0.9153952793668584 0.02542724687674216 0.07358294574527377
6 0.5882564405789125 0.6378050479100142 0.007930674668035032 0.020357951795397965
7 0.6529820159108775 0.6584947978118184 0.011073855386194254 0.023501132513557364
0 0.6499570098607532 0.6412891170936592 0.006295451795398144 0.007848861436318444
5 0.6521734948336386 0.6631777526322786 0.01747839149054773 0.05009999394987581
0 0.9941433470965748 0.5682889960911751 0.006286361436318444 0.006286361436318444
0 0.9984375 0.57265625 0.003125 0.0078125
7 0.9948473290443982 0.5815747912707149 0.00789431323171641 0.014107951795397967
7 0.9984375 0.5859375 0.003125 0.021875
5 0.9984375 0.5875 0.003125 0.040625
5 0.9921875 0.58984375 0.015625 0.0484375