8 0.2416890928931624 0.22022509982704935 0.23296807786604773 0.2966578731437834
8 0.53203125 0.4015625 0.3140625 0.271875
2 0.014113538736632148 0.18170399707313373 0.011001132513557322 0.011001132513557365
4 0.008767508584206985 0.20282956332991242 0.014244307181592353 0.03133181323171659
5 0.0109375 0.20703125 0.021875 0.0640625
4 0.9625 0.34921875 0.075 0.5015625
5 0.90625 0.3 0.1875 0.6
1 0.24765625 0.9546875 0.2828125 0.090625
1 0.509375 0.9640625 0.3125 0.071875
3 0.709375 0.85078125 0.040625 0.1609375
0 0.79609375 0.7234375 0.2140625 0.246875
5 0.79609375 0.8 0.2140625 0.4