8 0.303125 0.11484375 0.271875 0.2296875
8 0.83125 0.275 0.3375 0.55
8 0.625 0.2902998305965222 0.2296875 0.3388362827847038
8 0.4828125 0.2488476079202771 0.0875 0.10207156010845857
8 0.17265625 0.775 0.3453125 0.45
8 0.32421875 0.88515625 0.2296875 0.2296875
8 0.90859375 0.8671875 0.1828125 0.265625
8 0.8078125 0.775 0.384375 0.45
9 0.740625 0.6989294211519936 0.01875 0.06260908430895551
9 0.771875 0.703798728333586 0.0515625 0.07529998184962743
8 0.58515625 0.6269311804235717 0.03125 0.050181807181592396
9 0.6390625 0.5858385478118184 0.0109375 0.012563632513557365
9 0.6296875 0.6100027556573407 0.0140625 0.020394313231716588
9 0.64375 0.6163345688890572 0.015625 0.02196590359079629