8 0.175 0.3296875 0.35 0.578125
4 0.6400134842855143 0.40390625 0.18583854781181836 0.2515625
2 0.43046875 0.39609375 0.1609375 0.2703125
3 0.538033348648699 0.46640625 0.05217155405833438 0.1046875
5 0.675 0.4203125 0.65 0.396875
0 0.29296875 0.6453125 0.0828125 0.053125
2 0.08284237548147448 0.9390625 0.06141928903121965 0.0828125
4 0.3 0.8015625 0.1 0.2375
3 0.0765625 0.984375 0.03125 0.03125
3 0.2837180324901162 0.68671875 0.03302157825883114 0.0359375
5 0.059375 0.94296875 0.11875 0.1140625
5 0.2578125 0.809375 0.184375 0.38125
5 0.91796875 0.809375 0.1640625 0.38125