8 0.36640625 0.14453125 0.1265625 0.2890625
4 0.71484375 0.59296875 0.5703125 0.1515625
1 0.84453125 0.40078125 0.3109375 0.3734375
2 0.89296875 0.21796875 0.2140625 0.1171875
5 0.71484375 0.3859375 0.5703125 0.565625
4 0.11328125 0.73515625 0.1390625 0.1328125
5 0.15390625 0.834375 0.3078125 0.33125
0 0.55546875 0.7265625 0.1453125 0.115625
3 0.5489038607176795 0.8108597110669761 0.033285214672181596 0.04081589754067183
4 0.55859375 0.89375 0.2578125 0.2125
5 0.58515625 0.834375 0.3109375 0.33125