8 0.22890625 0.1859375 0.4578125 0.371875
0 0.08405266207826916 0.11226014724608432 0.030014764003817973 0.028297716822512697
0 0.36433959874281463 0.09826686670087578 0.0426602146721816 0.040870439695149585
0 0.4025026700747693 0.0883333304983264 0.030087489337999783 0.034547716822512696
0 0.4380856340706331 0.05807365875715753 0.0426965773392725 0.04399543969514959
3 0.4525572140754056 0.09331172198887412 0.012663632001908986 0.014135222872636887
3 0.3997412967456782 0.11956514978016716 0.017405676002545434 0.01884999394987581
3 0.37339697274822353 0.1381606136758137 0.018986357336090796 0.020421584308955333
1 0.0890946980824053 0.14275616832332325 0.020512494668999893 0.01730567466803503
7 0.08673331409131398 0.20836298760516403 0.054379512014635714 0.10812157220870695
7 0.34129354475649587 0.19890721613514167 0.07198518268618095 0.14415906615858276
7 0.39961457475331413 0.17581060460062742 0.048202237348817435 0.11433521077238851
7 0.43984375 0.16171875 0.0578125 0.1234375
5 0.4375 0.2328125 0.0625 0.4
5 0.40125034742995014 0.24925264978016717 0.062030569382543276 0.3628363432859459
5 0.3522406827657226 0.2669350534691592 0.10129306405154317 0.3802511022629364
5 0.10046909742995007 0.24750275565734076 0.0973317227084527 0.3083579215447772
5 0.6359375 0.259375 0.334375 0.51875
2 0.521875 0.06640625 0.10625 0.1328125
1 0.51640625 0.2734375 0.0953125 0.225
8 0.3 0.63984375 0.3375 0.2421875
1 0.782495968690317 0.6348275771786767 0.022420440006363406 0.04700226502711473
1 0.6317692626909535 0.6386378575274936 0.03493862133990877 0.04863748789975162
2 0.6271993940165447 0.5815838816297946 0.04892839600572696 0.04246930113146803
2 0.8096937206794994 0.5553037036421098 0.06627952800763595 0.056631795081344014
4 0.6404095607097252 0.7769600141433519 0.10101924936345305 0.22244769262201602
4 0.848494780712907 0.801606531900941 0.12423966804581603 0.3381999576491304
5 0.88359375 0.82109375 0.2328125 0.3578125
2 0.8933158373647258 0.6924996974937898 0.04286020934118149 0.05805793969514959
5 0.84375 0.759375 0.3125 0.48125
5 0.65625 0.778125 0.165625 0.44375