7 0.3671875 0.38671875 0.175 0.2453125
0 0.4016402889330239 0.10239583049832639 0.1006272347764936 0.10839428298109555
1 0.4068277586824028 0.18836060157556522 0.058176114363184796 0.06283634328594587
5 0.34453125 0.27109375 0.2453125 0.4765625
0 0.7905215026322786 0.20923215865896175 0.12916130093507655 0.17887040944452864
7 0.8765625 0.35703125 0.234375 0.3046875
5 0.8203125 0.3125 0.359375 0.39375
4 0.32578125 0.56640625 0.5859375 0.1140625
5 0.309375 0.5796875 0.61875 0.140625
3 0.2561804024124458 0.8682339330558502 0.27145788524403186 0.19844763212077376
2 0.2963230925003789 0.6512873275714602 0.26638859016268784 0.13279536104353512
4 0.303125 0.96796875 0.60625 0.0640625
5 0.309375 0.77734375 0.61875 0.4453125
6 0.6929839481811608 0.5458413034691592 0.02373748184962743 0.05169885538619425
6 0.8479805203898678 0.5998662490180413 0.04419542759490121 0.07681703005422946
9 0.809375 0.7984375 0.38125 0.403125