8 0.275 0.13359375 0.55 0.2671875
0 0.4355894619507389 0.3373388351927182 0.07833407825883114 0.03639201795398091
0 0.3778633203619952 0.3228314284786641 0.0517352168225127 0.029987481849627427
3 0.37538321497580096 0.3462825640172834 0.03601931323171641 0.01427157825883114
3 0.41747072102592514 0.36322462432213387 0.025090903590796288 0.015770445745273774
7 0.3742747120489348 0.4025371091968233 0.08958974082661779 0.09114315046753826
7 0.46015625 0.40859375 0.1234375 0.1015625
5 0.43671875 0.38671875 0.1828125 0.1453125
5 0.340625 0.38125 0.190625 0.15625
0 0.4255473623200812 0.18349621770627547 0.009402271077238922 0.004742042154477844
7 0.42627407016560354 0.1928666725267357 0.015706813231716587 0.01415340359079611
5 0.4278138442679046 0.196763832167656 0.0220658975406721 0.03293976502711473
0 0.422263281036188 0.21085814842443468 0.009402271077238922 0.004742042154477844
7 0.4268962388817103 0.22020587734719593 0.017278403590796288 0.01572499394987581
5 0.42609226298401115 0.2241166725267357 0.02363748789975162 0.03451135538619425
8 0.775 0.2296875 0.45 0.459375
1 0.5625 0.75390625 0.025 0.2203125
8 0.91796875 0.7296875 0.1640625 0.540625
0 0.59765625 0.59609375 0.0953125 0.2734375
0 0.7453125 0.88046875 0.178125 0.2390625
7 0.759375 0.93359375 0.41875 0.1328125
5 0.61484375 0.7296875 0.1296875 0.540625
5 0.77109375 0.87265625 0.4421875 0.2546875