8 0.3296875 0.31484375 0.659375 0.6296875
8 0.30859375 0.43515625 0.3859375 0.3890625
8 0.0359375 0.39375 0.071875 0.1
0 0.31650186859486695 0.51484375 0.014189769334818081 0.0109375
3 0.3186910772597306 0.528125 0.00948408800127254 0.009375
4 0.3177280139242762 0.54375 0.01911362667090888 0.03125
5 0.31142346992363984 0.5484375 0.04157042934436319 0.08125
6 0.93515625 0.05078125 0.1296875 0.1015625
0 0.16640625 0.6625 0.0984375 0.065625
1 0.1678671106381377 0.76328125 0.07440111067790856 0.0828125
7 0.16640625 0.89765625 0.2140625 0.2046875
5 0.2171875 0.81484375 0.434375 0.3703125
0 0.68125 0.6625 0.04375 0.065625
3 0.66875 0.72890625 0.01875 0.0453125
7 0.73125 0.86171875 0.14375 0.2765625
5 0.734375 0.81484375 0.15 0.3703125