1 0.8 0.35390625 0.4 0.2296875
0 0.79296875 0.10625 0.4140625 0.18125
4 0.74453125 0.4890625 0.5109375 0.18125
5 0.74453125 0.28984375 0.5109375 0.5796875
7 0.44453125 0.6703125 0.0890625 0.18125
5 0.43046875 0.78984375 0.1171875 0.4203125
4 0.77890625 0.60078125 0.1234375 0.0421875
4 0.5703125 0.621875 0.1625 0.084375
7 0.9453125 0.79609375 0.109375 0.2328125
7 0.74609375 0.83515625 0.1921875 0.3296875
1 0.6709161012492311 0.7803484918085765 0.017696577339272324 0.04384999394987581
0 0.6598246072565489 0.7265104195016736 0.047656797342454024 0.06746021077238851
0 0.5203125 0.7015625 0.0625 0.096875
7 0.565625 0.90078125 0.153125 0.1984375
5 0.646875 0.84453125 0.078125 0.3109375
5 0.5734375 0.8265625 0.16875 0.346875
5 0.80078125 0.83359375 0.2953125 0.3328125
5 0.93203125 0.84140625 0.1359375 0.3171875
5 0.78359375 0.6078125 0.1421875 0.05625