0 0.3046875 0.5565253151766243 0.0046875 0.0031522710772385666
7 0.3046875 0.5651190651766242 0.00625 0.009411361436318799
5 0.303125 0.5697974748175445 0.009375 0.029742042154477843
8 0.37109375 0.4405054054375078 0.015625 0.015715903590796287
7 0.19765625 0.5480901255796702 0.009375 0.012554542154477844
5 0.1953125 0.555888990041051 0.015625 0.040715903590796285
7 0.1296875 0.5594134449597071 0.0078125 0.012545451795398321
5 0.12890625 0.5648776497801672 0.0125 0.03132272287263689
7 0.0546875 0.5511646077238852 0.00625 0.009411361436318443
5 0.053125 0.5527180173648055 0.009375 0.020367042154477842
8 0.703125 0.32109375 0.59375 0.6359375
8 0.18984375 0.88671875 0.3796875 0.2265625
8 0.68984375 0.7890625 0.6203125 0.3