8 0.05625 0.0578125 0.1125 0.115625
6 0.2972775802037388 0.1703125 0.019177246876741983 0.0734375
8 0.71015625 0.175 0.5796875 0.35
9 0.98828125 0.51796875 0.0234375 0.0265625
8 0.7271458456236368 0.509375 0.0298783975406721 0.0328125
9 0.756901523316734 0.52109375 0.032985216822512695 0.0296875
3 0.6955145714231401 0.578125 0.007876132513557366 0.0109375
0 0.6938338967551051 0.5578125 0.01894998789975162 0.034375
5 0.7045673845566608 0.65703125 0.04197946350286301 0.2328125
4 0.842175947984769 0.54140625 0.025336343285945872 0.0578125
0 0.842698122751 0.496875 0.015752265027114732 0.021875
5 0.8447742280389983 0.58515625 0.04179765632127079 0.2015625