2 0.98984375 0.10625 0.0203125 0.084375
0 0.8472693888582692 0.09331105835994273 0.09276928298109546 0.10053633118569745
0 0.5703125 0.0265625 0.090625 0.053125
3 0.5681722413175972 0.12774618745565453 0.056613614363184794 0.06282725292686617
3 0.8269518227978822 0.22858093784843794 0.058157933645025396 0.05971134328594587
7 0.96640625 0.35703125 0.0671875 0.3453125
4 0.8323200579671592 0.3801070764121195 0.12509194535249044 0.2850931383672897
7 0.55625 0.32734375 0.2125 0.4046875
5 0.5765625 0.26484375 0.315625 0.5296875
5 0.815625 0.2765625 0.253125 0.50625
5 0.95859375 0.29296875 0.0828125 0.4734375
1 0.77734375 0.665625 0.4453125 0.196875
2 0.97421875 0.65078125 0.0515625 0.1421875
4 0.709375 0.9359375 0.58125 0.128125
5 0.709375 0.78046875 0.58125 0.4390625