8 0.40345925976255737 0.2313702581914235 0.2274442648307229 0.15288060206654458
4 0.29144052791292996 0.28228279751723095 0.03626475292686635 0.05645907825883114
2 0.29326664832623894 0.23697938787631045 0.015697722872636887 0.012590903590796287
3 0.29084108509452233 0.251028252337691 0.014126132513557366 0.01101931323171641
5 0.2835098532448949 0.3025498457218328 0.061810174471643366 0.1503545240041051
9 0.575 0.28984375 0.06875 0.0546875
4 0.8046875 0.08125 0.390625 0.1625
5 0.8046875 0.09140625 0.390625 0.1828125
3 0.73203125 0.42109375 0.2453125 0.1953125
2 0.7359375 0.19921875 0.253125 0.1296875
4 0.7953125 0.53671875 0.371875 0.1046875
5 0.8046875 0.3453125 0.390625 0.4875
4 0.5515625 0.775 0.115625 0.221875
3 0.5225137867917246 0.6495389960911752 0.028288626463433175 0.028288626463433175
0 0.55078125 0.61328125 0.1171875 0.0484375
5 0.3796875 0.63125 0.35625 0.084375
5 0.46640625 0.79453125 0.2859375 0.4109375
8 0.8046875 0.79453125 0.390625 0.4109375