8 0.184375 0.26953125 0.36875 0.5390625
3 0.3953125 0.1484375 0.0265625 0.025
3 0.421875 0.10546875 0.021875 0.0234375
3 0.453125 0.13359375 0.025 0.0234375
3 0.51640625 0.08984375 0.028125 0.025
3 0.4984375 0.15703125 0.025 0.0234375
3 0.5859375 0.1125 0.0234375 0.0234375
3 0.5625 0.175 0.028125 0.025
3 0.61328125 0.153125 0.025 0.025
3 0.69609375 0.128125 0.0265625 0.0265625
3 0.91484375 0.22890625 0.0390625 0.0359375
3 0.85859375 0.203125 0.0296875 0.0265625
3 0.80078125 0.2171875 0.0296875 0.0296875
3 0.73359375 0.18203125 0.0328125 0.0265625
3 0.64296875 0.18671875 0.028125 0.028125
0 0.9265625 0.1734375 0.0609375 0.0578125
0 0.87109375 0.15859375 0.0484375 0.0484375
0 0.8140625 0.17109375 0.053125 0.053125
0 0.74375 0.1390625 0.046875 0.0453125
0 0.703125 0.08828125 0.0390625 0.040625
0 0.653125 0.1359375 0.046875 0.046875
0 0.62109375 0.1140625 0.040625 0.04375
0 0.59453125 0.07734375 0.0359375 0.0375
0 0.571875 0.13125 0.04375 0.0453125
0 0.52265625 0.0515625 0.0390625 0.0375
0 0.50390625 0.11640625 0.04375 0.046875
0 0.4625 0.096875 0.0421875 0.04375
0 0.425 0.06484375 0.0390625 0.040625
0 0.39921875 0.10234375 0.0453125 0.0484375
7 0.9046875 0.33515625 0.16875 0.2265625
7 0.8453125 0.26015625 0.0796875 0.0875
7 0.784375 0.31328125 0.1421875 0.2046875
7 0.7171875 0.2640625 0.128125 0.171875
7 0.69296875 0.171875 0.0703125 0.0734375
7 0.6296875 0.27109375 0.1296875 0.1859375
7 0.54375 0.26015625 0.1015625 0.1609375
7 0.60390625 0.18359375 0.0546875 0.06875
7 0.5671875 0.15078125 0.071875 0.0640625
7 0.5078125 0.14140625 0.090625 0.0984375
7 0.47265625 0.25234375 0.0984375 0.171875
7 0.42421875 0.2265625 0.075 0.15625
7 0.4203125 0.1421875 0.034375 0.040625
7 0.4015625 0.23125 0.065625 0.171875
5 0.87890625 0.3359375 0.2421875 0.40625
5 0.83125 0.334375 0.1375 0.409375
5 0.771875 0.3375 0.2125 0.403125
5 0.7046875 0.32265625 0.18125 0.4328125
5 0.671875 0.2796875 0.1328125 0.425
5 0.61640625 0.321875 0.1828125 0.434375
5 0.58515625 0.30078125 0.1328125 0.4265625
5 0.56328125 0.2625 0.1109375 0.4078125
5 0.534375 0.321875 0.16875 0.434375
5 0.48984375 0.23984375 0.1546875 0.4234375
5 0.465625 0.3140625 0.15 0.45
5 0.43046875 0.284375 0.1234375 0.425
5 0.41328125 0.25234375 0.0890625 0.4171875
5 0.4125 0.30546875 0.0875 0.4609375
1 0.21875 0.8640625 0.3 0.271875
2 0.184375 0.615625 0.36875 0.153125
4 0.184375 0.91015625 0.36875 0.1796875
5 0.184375 0.76953125 0.36875 0.4609375
0 0.64375 0.69765625 0.1078125 0.0859375
1 0.6296875 0.77421875 0.075 0.065625
7 0.60625 0.90078125 0.178125 0.1984375
5 0.59921875 0.8203125 0.4171875 0.359375