8 0.25380242126832114 0.18598451443793945 0.3258556173615442 0.2096942043294808
8 0.0515625 0.18046875 0.103125 0.3609375
8 0.15078125 0.41875 0.3015625 0.18125
8 0.63828125 0.3109375 0.3984375 0.396875
9 0.72265625 0.0234375 0.1046875 0.046875
9 0.8589011906429102 0.0544350534691592 0.10205339600572678 0.04277837334017516
9 0.9249325339354121 0.3556208244482022 0.044404528007635946 0.056504530054229285
6 0.9530842585932762 0.4206327460911751 0.009665901336727244 0.025054542154477666
6 0.9445814152610034 0.4127702491162372 0.009611357336090975 0.020367042154477665
6 0.9516944812619578 0.40577990573209544 0.009720445337363515 0.029742042154477843
8 0.21953125 0.7546875 0.4390625 0.490625
7 0.8870330919398665 0.6678627909761273 0.04960110534690827 0.1002818011314682
7 0.9201723086012302 0.7071207336963392 0.07968859468490841 0.13482951795398074
7 0.8453904846037756 0.6879343964605175 0.06860564401654479 0.12226588544042354
7 0.8009683226050482 0.6783003212267483 0.04802042401336308 0.09871021077238851
7 0.7653029952657759 0.7218457881474569 0.08791926535645338 0.17081246974937905
7 0.735062059277548 0.6349452309658645 0.05265338001272681 0.09404998184962743
7 0.6904666272676849 0.7073469509116352 0.07957950668363552 0.1254545179539809
7 0.669173429941139 0.6572196858845206 0.03526588534372692 0.07676248789975162
7 0.6100160586012302 0.705316297419035 0.11628062269254436 0.19128859621281213
7 0.5709631966104571 0.6371157432625048 0.04805678668045399 0.10183521077238851
7 0.5332268392743663 0.6572100746445939 0.09211586935072642 0.1286522408266178
7 0.459375 0.6296875 0.040625 0.11875
0 0.45625 0.53203125 0.034375 0.0390625
0 0.5555023759548202 0.5557702944921687 0.034793170671545325 0.036137487899751616
0 0.5742978292886839 0.5519731288011241 0.028488626670909057 0.031413626463433174
0 0.623316584619684 0.5694469751121322 0.050581802673454135 0.05029089149054773
0 0.687051820615866 0.5979446798343965 0.020621582670272608 0.02668067466803503
0 0.7082092052832751 0.5925986496819713 0.03797271467218159 0.04084316861791084
0 0.7216813592855023 0.5762696677341481 0.020512494668999893 0.01730567466803503
0 0.749979081954184 0.5615895441975811 0.025327264003817972 0.028270445745273952
0 0.7802023839513204 0.5828605561996337 0.047438621339908685 0.048710210772388504
0 0.8026222766152296 0.6033048664062882 0.01900453866963616 0.02198408430895533
0 0.8675660239497296 0.5950883663080923 0.036355670671545326 0.03614657825883114
0 0.9277404552832749 0.5938758451326576 0.017405676002545077 0.01884999394987581
0 0.9354529579487749 0.6025150469280557 0.0378636266709087 0.03146816861791084
3 0.9217898999443207 0.6352502788758789 0.017405676002545434 0.01884999394987581
3 0.864068306612048 0.627101435589933 0.01578863200190881 0.014153403590796287
3 0.7945461472788207 0.6259156646108901 0.012663632001908898 0.014135222872636887
3 0.7687921692791388 0.6234219236860763 0.022093176002545435 0.01887726502711473
3 0.7418302272835933 0.5904503424021831 0.01580681333545435 0.01571590359079611
3 0.6900495512810478 0.6089003605525557 0.006359088001272717 0.009411361436318443
3 0.6968535346117297 0.628472517168414 0.014226132001909165 0.014144313231716587
3 0.6110251226130025 0.618597547419035 0.01904090133672707 0.02510908430895533
3 0.5457546586171387 0.587747002337691 0.017387494668999894 0.01728749394987581
3 0.4453125 0.56875 0.0125 0.0125
5 0.9390625 0.771875 0.121875 0.45625
5 0.8832262919319123 0.726438360257968 0.10189195337363444 0.2974476926220159
5 0.9070723245942306 0.7586105108237022 0.13693966271481592 0.35546018052176764
5 0.8338984539306395 0.7355270139469601 0.14293512404517977 0.333621541958086
5 0.7944546932686393 0.7009202097904299 0.07598288669636233 0.21917724687674198
5 0.7443450579249126 0.7771963634794219 0.15827031739336092 0.4430783551898026
5 0.725032531269912 0.6911406888113869 0.0940067280394528 0.2911522408266178
5 0.7200279526177751 0.5840730773750684 0.022293170671545327 0.03606476502711473
5 0.6673473006047301 0.6798668455254411 0.060103348026726164 0.19721134328594586
5 0.6856427672660941 0.7190384298343965 0.11749877204008907 0.2959760962128121
5 0.5911847899427298 0.6450464179305397 0.03221361067790873 0.0829943071815924
5 0.5961257339274578 0.7575827793668582 0.16599191072563357 0.43531130698520054
5 0.5588171852721392 0.6737663155694076 0.09073627737108918 0.2786340601084586
5 0.5193728772676849 0.7063515565924172 0.13526807471354338 0.34607609016268803
5 0.46484375 0.64375 0.0515625 0.2625