8 0.13359375 0.159375 0.2671875 0.31875
8 0.5546875 0.1484375 0.090625 0.296875
9 0.51328125 0.03515625 0.0859375 0.0703125
7 0.5446969599868217 0.012619594562492153 0.012609084308955331 0.018822722872636886
5 0.54296875 0.01171875 0.0171875 0.0234375
0 0.19027360128097764 0.19437515125310512 0.012563632513557365 0.011010222872636888
7 0.19045540846257003 0.22562515125310512 0.023673849336070064 0.040761355386194256
5 0.2007161975919856 0.2435348139190876 0.050663596212812044 0.11435339149054773
0 0.3974725020431034 0.08769738349551597 0.009420451795397966 0.007867042154477666
4 0.3976043122497579 0.11035363349551597 0.017369307181592398 0.03134999394987581
5 0.40160601102009397 0.1267371575978169 0.03489315046753809 0.08926248789975162
5 0.41486453512239485 0.12275363954564016 0.03491133118569749 0.09238748789975162
5 0.3671360831306051 0.24491044067710827 0.050672686571891744 0.1159158914905479
5 0.399167333130605 0.2447240883159762 0.05536927693097127 0.11750566256778665
5 0.4186576765147468 0.23757920882748085 0.046012457649130666 0.12057612041330898
5 0.43658097471934865 0.22966216969806527 0.05227154800821019 0.12217498184962743
5 0.4096684958947835 0.16966045580241884 0.015734084308955332 0.01884090359079611
5 0.42988554712444743 0.15313603113438382 0.02366475897699054 0.039198855386194255
0 0.4290452097904299 0.14298432631392366 0.01572499394987581 0.017278403590796288
7 0.4291497489198455 0.16095307631392367 0.01416249394987581 0.01726931323171641
0 0.44229009835411137 0.13665705826174684 0.012572722872636888 0.012572722872636888
7 0.4494895199970843 0.16552240164588863 0.025272710772388508 0.047020445745273774
5 0.4494622489198455 0.16083490164588862 0.030078385440423537 0.0673602168225127
0 0.43857020071524355 0.1687110341594459 0.015715903590796287 0.01571590359079611
7 0.44966678199913684 0.19599115164588862 0.023673849336070064 0.040761355386194256
5 0.4568525681034904 0.22251274503003032 0.04919199980360815 0.1299693011314682
7 0.42941791451269423 0.20704682631392365 0.03621930113146821 0.04864657825883114
7 0.4122622307694728 0.21261557026379946 0.029969301131468028 0.048610216822512695
7 0.39436165846257004 0.22443885939321503 0.04091589149054773 0.05023634933607006
7 0.3631298391807293 0.22774566657480735 0.03776362041330898 0.045530668617910844
0 0.36059519164005727 0.1949468021134268 0.014153403590796287 0.015706813231716587
0 0.38481848681959707 0.1955871515476927 0.014144313231716587 0.014144313231716587
0 0.40972303804926113 0.17903545580241884 0.011010222872636888 0.012563632513557365
0 0.42690144769018146 0.17737296185254303 0.01414431323171641 0.014144313231716587
0 0.4076060261454044 0.08373204616149846 0.012563632513557365 0.011010222872636888
0 0.44041398096586465 0.08275989862082653 0.014135222872636887 0.01258181323171641
0 0.4481719388113869 0.0733394468254284 0.011019313231716588 0.014126132513557366
0 0.49061851404515605 0.11762525713027872 0.01101931323171641 0.014126132513557366
0 0.46099919173825316 0.1295167239527915 0.014144313231716587 0.01414431323171641
0 0.48305599891984546 0.16063945892567677 0.01416249394987581 0.01726931323171641
0 0.49635997481754457 0.16446844087350004 0.014153403590796287 0.015706813231716587
0 0.5383520320973327 0.13062925117835036 0.015715903590796287 0.015715903590796287
0 0.585436110356164 0.16629404040596185 0.012609084308955331 0.018822722872636886
6 0.5187389688656162 0.11668038066684563 0.015806807181592396 0.03134090359079629
7 0.5859375 0.196875 0.028125 0.046875
5 0.571875 0.21328125 0.05625 0.1203125
5 0.5480133784083407 0.1797934590238727 0.04912836729005097 0.11903180113146802
5 0.5040588453290493 0.144891739078102 0.042642017953980725 0.07837043969514959
5 0.48571791148763205 0.2153133233870574 0.05542381908544911 0.12688066256778666
5 0.5060167759490126 0.21285139871902237 0.05545109016268786 0.13156816256778664
5 0.468957137483527 0.15447127215739337 0.03164088544042354 0.0673693071815924
5 0.44364806527482 0.10149171790266731 0.02532725292686635 0.056395445745273776
5 0.45376795383850155 0.0951826305686497 0.025345433645025395 0.05952044574527378
7 0.5471275892789251 0.16182925420341246 0.02840680113146803 0.048601126463433175
7 0.4985628242518104 0.14023605533488065 0.0220477168225127 0.02981476502711473
7 0.49964405610143786 0.1917940101553408 0.03152271077238851 0.0470568071815924
7 0.48169803199913697 0.19580479928475647 0.03154089149054791 0.05018180718159222
7 0.46818497784260665 0.15603831733693313 0.026826120413308986 0.04546703610435365
7 0.44446113153159866 0.10695592272312737 0.01895907825883114 0.03604658430895533
7 0.45379522491574037 0.09987013056864971 0.018931807181592396 0.03135908430895533
7 0.41165317671113844 0.10792807026379947 0.02520907825883114 0.03608294574527378
9 0.0546875 0.815625 0.109375 0.2125
0 0.08643851151107321 0.5387887474659172 0.08193177693097127 0.11766019867214013
3 0.12568736387220536 0.5705927384889268 0.03478406615858276 0.07051248789975162
0 0.1763731651018694 0.5538910518188392 0.040961343285945875 0.05804884933607006
7 0.2005788004440971 0.6857859464326449 0.09484993344863372 0.18960792154477701
7 0.16431911357761778 0.7649058198710159 0.18003397540671973 0.32916130093507645
5 0.16640625 0.68203125 0.2984375 0.6359375
5 0.2125 0.72578125 0.209375 0.5484375
0 0.9140625 0.515625 0.171875 0.159375
0 0.68984375 0.41640625 0.1796875 0.1953125
3 0.7093811078220812 0.5307449641902341 0.17115790339440445 0.1463033491396782
3 0.97109375 0.64375 0.0578125 0.08125
4 0.9109375 0.83203125 0.178125 0.3359375
4 0.7796875 0.796875 0.359375 0.40625
5 0.7796875 0.659375 0.359375 0.68125
5 0.8703125 0.71484375 0.259375 0.5703125