8 0.1578125 0.20703125 0.315625 0.4140625
7 0.0125 0.07734375 0.025 0.1109375
5 0.0265625 0.06875 0.053125 0.1375
5 0.04765625 0.2515625 0.0953125 0.25
8 0.63203125 0.190625 0.4328125 0.38125
8 0.82734375 0.309375 0.3453125 0.4
5 0.16953125 0.7546875 0.3390625 0.490625
1 0.19140625 0.7953125 0.2953125 0.203125
2 0.1828125 0.55390625 0.3125 0.0890625
5 0.66953125 0.81328125 0.6609375 0.3734375
1 0.675 0.93828125 0.446875 0.1234375
2 0.6842603287498106 0.7145367613146816 0.49920109016268793 0.13414982454639812