8 0.371875 0.3661368140515431 0.0359375 0.06604317067154515
6 0.096875 0.47890625 0.00625 0.0203125
6 0.1109375 0.4771630313494538 0.0046875 0.02036704400063627
6 0.1734375 0.4859375 0.00625 0.00625
6 0.31171875 0.42871808271004347 0.00625 0.01569772533418181
6 0.2875 0.45187377204008905 0.0046875 0.01567954400063627
6 0.09453125 0.45431587734722656 0.009375 0.02510908800127254
5 0.353125 0.4596686380489977 0.009375 0.026671588001272718
0 0.41953125 0.41981634472467916 0.0046875 0.0031795440006362695
5 0.41953125 0.42762884472467916 0.009375 0.020421588001272716
6 0.32109375 0.4405459207113161 0.00625 0.014135225334181812
6 0.27421875 0.43609423070495285 0.0046875 0.01724204400063627
7 0.321875 0.40227376137808885 0.00625 0.009447725334181811
5 0.32109375 0.4061709207113161 0.0078125 0.021965906667727353
8 0.2984375 0.38637604137490716 0.0203125 0.0392988573360908
9 0.32265625 0.3608766020448616 0.025 0.022165901336727245
9 0.34453125 0.3790998907144978 0.028125 0.025327264003817972
8 0.73984375 0.24453125 0.5203125 0.4890625
0 0.1765625 0.649914566756814 0.01875 0.03303067600254543
5 0.175 0.6600526354232686 0.0390625 0.07545453333863605
4 0.18046875 0.6429287700906776 0.0203125 0.0392988573360908