8 0.36875 0.42421875 0.31875 0.3703125
8 0.46484375 0.35390625 0.3484375 0.5109375
0 0.36364240270703335 0.45390625 0.004723861436318444 0.00625
7 0.35984523701598886 0.47265625 0.009511355386194253 0.0234375
5 0.35911398399092676 0.48125 0.017551114363184794 0.0625
9 0.35359523701598883 0.47265625 0.04563975292686635 0.05625
8 0.30887308947531683 0.43984375 0.04558521077238851 0.046875
8 0.24961171896381207 0.459375 0.056595433645025485 0.059375
8 0.19170377019347606 0.44296875 0.03787270472226432 0.0640625
8 0.16905206537301593 0.44375 0.04570338544042354 0.0671875
8 0.13932365875715763 0.43671875 0.048892017953980904 0.078125
8 0.10416740875715762 0.43671875 0.05982951795398091 0.078125
8 0.0501520744482022 0.41796875 0.05059996369925477 0.103125
8 0.030689002141299326 0.4296875 0.04738406010845857 0.0875
8 0.0109375 0.42890625 0.021875 0.0765625
1 0.29453125 0.74296875 0.4546875 0.2671875
5 0.31953125 0.8046875 0.6390625 0.390625
4 0.31953125 0.89140625 0.6390625 0.2171875
8 0.81953125 0.8046875 0.3609375 0.390625