8 0.3631834420353165 0.23228217142740476 0.08726473734881743 0.11506247334499946
6 0.90546875 0.078125 0.1890625 0.15625
3 0.6992974961011772 0.31613626670908895 0.08537497334499947 0.08691929201145392
2 0.7161020934118145 0.14916694271163422 0.10608746268299925 0.1215306493475449
5 0.76796875 0.18984375 0.4640625 0.3796875
4 0.38046875 0.5671875 0.0984375 0.303125
5 0.2859375 0.68984375 0.2875 0.6203125
1 0.41796875 0.41484375 0.0234375 0.0515625
8 0.675 0.56640625 0.490625 0.3734375
3 0.9859375 0.43515625 0.028125 0.0515625
7 0.94765625 0.59296875 0.1046875 0.3046875
5 0.90859375 0.625 0.1828125 0.490625