0 0.32431978571157005 0.28318850139240637 0.056795421544777014 0.09440452800763595
0 0.3890625 0.14375 0.08125 0.11875
7 0.3484375 0.4109375 0.1625 0.290625
5 0.288101005460949 0.3686987400540884 0.11715218032537571 0.263845418682363
4 0.28513054156530254 0.3952248773869975 0.0773806323171656 0.14151588534372675
5 0.3015625 0.35859375 0.25625 0.5609375
6 0.6813838937300429 0.3385219860757237 0.05354315651766228 0.07249316534054522
6 0.5773640142415477 0.31778167739495167 0.031495439695149584 0.04255112667090888
6 0.4710140202916719 0.2993578467138615 0.022074987899751618 0.03462953866963616
1 0.86328125 0.73125 0.2734375 0.184375
4 0.72890625 0.85546875 0.5421875 0.2890625
5 0.71484375 0.81953125 0.5703125 0.3609375