7 0.16503621018321332 0.16227974785870067 0.16094763212077384 0.271239716626121
1 0.221875 0.01015625 0.053125 0.0203125
5 0.16015625 0.2 0.2984375 0.4
6 0.14765625 0.440625 0.0515625 0.08125
6 0.375 0.453125 0.028125 0.0625
9 0.19453125 0.7 0.3890625 0.6
5 0.9277765838179761 0.49707588691336146 0.04574883723582168 0.07526362041330899
5 0.8222260205862595 0.4836269861512357 0.04730224687674216 0.07371021077238851
3 0.8151220477136226 0.47116789276709403 0.01572499394987581 0.017278403590796288
3 0.9261504513044188 0.4861474772724412 0.021993174668035208 0.020439765027114733
2 0.9361885266363839 0.46577588993842356 0.023528403590795933 0.015761355386194255
2 0.8197140989432865 0.4547343716898551 0.021974993949875808 0.01731476502711473
4 0.8168481741770558 0.4992838024080144 0.029887487899751618 0.034547716822512696
4 0.9255146470496927 0.511152022451981 0.03302157825883114 0.03612839754067192
2 0.39140625 0.5078125 0.0046875 0.021875
3 0.39140625 0.47734375 0.0046875 0.0203125
4 0.3921875 0.5390625 0.00625 0.040625
4 0.4125 0.484375 0.046875 0.065625
5 0.41640625 0.534375 0.0546875 0.178125
5 0.39609375 0.55625 0.0140625 0.125