8 0.26875 0.11822602538190682 0.1421875 0.1485295013526354
6 0.4796875 0.7140625 0.21875 0.571875
6 0.2328125 0.7 0.465625 0.6
5 0.90703125 0.6059014847628592 0.0765625 0.32432838534372693
5 0.96484375 0.56484375 0.0703125 0.2984375
5 0.8046875 0.71796875 0.375 0.5640625
5 0.64140625 0.728125 0.1046875 0.54375
2 0.60859375 0.5515625 0.0390625 0.171875
2 0.7875 0.5201356127466327 0.15 0.15799540802036258
2 0.8875 0.45723671809354116 0.015625 0.023619313335454528
2 0.95546875 0.42990260610276804 0.0171875 0.02207499466899989
4 0.96171875 0.49872533143694975 0.0421875 0.09424089600572697
4 0.89609375 0.5534304654280411 0.040625 0.1176602146721816
4 0.81484375 0.93515625 0.2359375 0.1296875
1 0.62109375 0.82890625 0.0640625 0.2453125
1 0.83359375 0.7628594620862232 0.1265625 0.20459768801718098