8 0.1640625 0.26953125 0.328125 0.5390625
0 0.7497898799794745 0.24065018755385034 0.10355224687674207 0.07403746369925476
0 0.9359375 0.23046875 0.128125 0.0921875
0 0.60859375 0.3046875 0.0984375 0.084375
4 0.62421875 0.4578125 0.1296875 0.1625
4 0.7895331151487517 0.3919763382177803 0.15407948770335977 0.1649533551898026
4 0.940625 0.3796875 0.11875 0.16875
3 0.9369717174116878 0.2942468444642962 0.061164758976990544 0.03941702400410509
3 0.7533370607958296 0.3023462116561513 0.05023634933607006 0.04091589149054773
3 0.6272149223303439 0.36167173556206056 0.05021816861791084 0.03779089149054773
5 0.91875 0.35625 0.1625 0.365625
5 0.946875 0.28828125 0.10625 0.5015625
5 0.76171875 0.36484375 0.3046875 0.3484375
5 0.653125 0.396875 0.1875 0.284375