8 0.2984375 0.3046875 0.596875 0.609375
2 0.529727364854164 0.07833147385459557 0.04725679508134384 0.06589771077238851
2 0.3236859222321481 0.1779643560735653 0.039226126463433174 0.028352258976990452
2 0.29246215154769273 0.44219957289607803 0.05804884933607006 0.040961343285945875
3 0.33213422648687424 0.2029143590986274 0.021974993949875808 0.017314765027114643
3 0.3039036455957643 0.4897876452029809 0.01730567466803503 0.02041249394987581
4 0.27081843482337586 0.5368535427436528 0.0787522347764936 0.10826701795398072
4 0.3286410669441497 0.2662137898167867 0.05526019262201594 0.09875566256778665
4 0.47578125 0.0265625 0.0609375 0.053125
4 0.557447843875121 0.14769909739116244 0.0931692587805987 0.16928633118569741
5 0.578125 0.2328125 0.221875 0.409375
5 0.4765625 0.1046875 0.128125 0.209375
5 0.35022063027406214 0.31686777478967204 0.17690897540671974 0.32914312021691716
5 0.31171875 0.51015625 0.2046875 0.1984375
8 0.84453125 0.3046875 0.3109375 0.609375
8 0.34453125 0.8046875 0.6890625 0.390625
2 0.39500693120913855 0.898871232831586 0.012581813231716588 0.014135222872636887
3 0.3933353469001831 0.9176303231906656 0.0063136325135573655 0.010973861436318445
4 0.4002484222321481 0.9379019165748073 0.02054884933607006 0.04074317466803521
5 0.3916455818730684 0.9395144135497453 0.04901928298109546 0.10028180113146803
5 0.7359375 0.8046875 0.09375 0.390625