6 0.09369107725973067 0.20381586729005097 0.03512043467536321 0.06426248789975161
6 0.2572808625875491 0.24539535499341075 0.049673830681090256 0.10653180113146803
6 0.25958879726291234 0.18134194535249043 0.027289753341817758 0.06265453610435348
6 0.36684731393223036 0.1624333849494443 0.030451116008908662 0.0657977168225127
6 0.45134958326704844 0.15198676433974362 0.030396572008272216 0.0611102168225127
4 0.29540811859486693 0.1917072736113216 0.038136346674090583 0.054905668617910665
2 0.2951723086012302 0.14482772843178182 0.019022720003181705 0.023546584308955332
5 0.30166720926163965 0.19096238504764013 0.07491018801718105 0.12698974687674197
8 0.7350069679344575 0.22395669222923242 0.394715800047725 0.35383508976990435
5 0.7261495885980487 0.2465629452542945 0.011301126670908879 0.031313632513557364
5 0.7796875 0.61640625 0.43125 0.2140625
4 0.784375 0.54765625 0.259375 0.0765625
4 0.8234375 0.94375 0.284375 0.1125
5 0.73984375 0.7546875 0.5203125 0.490625