3 0.4265625 0.29609375 0.390625 0.2078125
5 0.31953125 0.2 0.6390625 0.4
3 0.653125 0.15390625 0.028125 0.0671875
7 0.7375 0.24921875 0.196875 0.3015625
5 0.76171875 0.2 0.2453125 0.4
5 0.59140625 0.7 0.0953125 0.6
5 0.471875 0.7 0.253125 0.6
5 0.2703125 0.7 0.21875 0.6
5 0.1421875 0.7 0.20625 0.6
3 0.1484375 0.4390625 0.0484375 0.04375
3 0.2984375 0.41328125 0.034375 0.0265625
3 0.45625 0.42578125 0.0546875 0.0515625
3 0.61953125 0.41171875 0.0390625 0.0234375
4 0.14921875 0.64921875 0.1265625 0.371875
4 0.26328125 0.65234375 0.153125 0.4703125
4 0.475 0.63828125 0.178125 0.390625
4 0.60703125 0.57578125 0.0640625 0.3078125
7 0.95703125 0.7984375 0.0859375 0.29375
0 0.94921875 0.5671875 0.04375 0.04375
5 0.93359375 0.7140625 0.1328125 0.571875
9 0.9375 0.83125 0.125 0.159375
9 0.83828125 0.82890625 0.103125 0.090625