3 0.21168887451852553 0.4921875 0.39069876463433123 0.28125
2 0.2078125 0.13125 0.415625 0.2625
4 0.2796875 0.56875 0.559375 0.1625
5 0.2796875 0.325 0.559375 0.65
3 0.6875 0.3875 0.25625 0.328125
2 0.66015625 0.084375 0.2015625 0.16875
4 0.7796875 0.459375 0.440625 0.38125
5 0.7796875 0.325 0.440625 0.65
3 0.38036771428842997 0.7140625 0.01894089754067192 0.0328125
7 0.52578125 0.78984375 0.0671875 0.2796875
0 0.3828125 0.67109375 0.06875 0.0421875
7 0.3664637746914762 0.82109375 0.15016466822512733 0.296875
5 0.38828125 0.825 0.2328125 0.35
8 0.63046875 0.825 0.1421875 0.35
8 0.775 0.87109375 0.43125 0.2578125