3 0.3140625 0.3203125 0.209375 0.25
4 0.209375 0.45 0.41875 0.178125
5 0.209375 0.26953125 0.41875 0.5390625
1 0.7516058682720097 0.08360127771653829 0.16306360226293642 0.09782039734428025
1 0.50078125 0.03046875 0.0828125 0.0609375
5 0.484375 0.07890625 0.13125 0.1578125
5 0.6859375 0.14375 0.534375 0.2875
5 0.884375 0.1515625 0.23125 0.303125
6 0.28827462129707165 0.6265098986208265 0.03340337334017516 0.1017533975406721
4 0.90546875 0.58125 0.1703125 0.084375
5 0.84609375 0.7359375 0.3078125 0.39375