1 0.42578125 0.34609375 0.3671875 0.3140625
2 0.31953125 0.12265625 0.5796875 0.2453125
4 0.3046875 0.57265625 0.609375 0.2734375
5 0.3046875 0.3546875 0.609375 0.709375
3 0.7932714787157705 0.23293716062287903 0.0852840666772721 0.07861587939029935
3 0.9152822913749071 0.17675481743512905 0.1079408640197265 0.145930644417414
0 0.8921875 0.05546875 0.215625 0.1109375
0 0.7652908346992258 0.11121669672723256 0.14871131468808993 0.15866699375348414
4 0.8375 0.46640625 0.275 0.4859375
4 0.94296875 0.37734375 0.1140625 0.4640625
5 0.8828125 0.46953125 0.234375 0.4796875
5 0.8046875 0.3546875 0.390625 0.709375
5 0.8265625 0.36328125 0.346875 0.6921875
3 0.4276459313733163 0.8457416876520462 0.044240896005727136 0.04244203005422946
2 0.16640625 0.96953125 0.0734375 0.0609375
2 0.4223311753659985 0.7918627087292851 0.0504727146721816 0.04091589149054764
4 0.425 0.92890625 0.14375 0.1421875
5 0.2515625 0.959375 0.246875 0.08125
5 0.44140625 0.88359375 0.2015625 0.2328125
3 0.78515625 0.82734375 0.3515625 0.2234375
4 0.8046875 0.940625 0.390625 0.11875
5 0.8046875 0.8546875 0.390625 0.290625