1 0.225 0.37421875 0.45 0.2890625
2 0.225 0.2078125 0.45 0.23125
5 0.225 0.26484375 0.45 0.5078125
5 0.725 0.334375 0.55 0.36875
1 0.6296875 0.48203125 0.359375 0.0734375
2 0.68515625 0.31953125 0.4703125 0.2546875
3 0.22860068120913857 0.7433007259309578 0.08477497579950324 0.0697317920114541
2 0.25579950634471177 0.6336166432606852 0.1696499455488821 0.156651084022908
4 0.20078125 0.878125 0.2171875 0.24375
5 0.228125 0.771875 0.44375 0.45625
9 0.69375 0.7734375 0.4875 0.453125
5 0.909375 0.796875 0.18125 0.40625