1 0.1453125 0.24453125 0.290625 0.2984375
2 0.16328125 0.1125 0.3265625 0.115625
5 0.259375 0.225 0.51875 0.45
9 0.759375 0.225 0.48125 0.45
5 0.91484375 0.225 0.1703125 0.45
4 0.4245161274453917 0.8699457603517325 0.15597833098930564 0.22277494554888227
4 0.269256455704223 0.8349127510801544 0.15122719847574828 0.21181017447164335
4 0.08821553396305415 0.8000297327333902 0.1308510659621911 0.20075449980360816
2 0.12454444028432485 0.5982626996540988 0.08486587939029935 0.08486587939029935
3 0.45524447356000797 0.6908667935292199 0.051853391490547907 0.05029998184962743
3 0.10682515427816722 0.6897689436039747 0.05656816256778665 0.05501475292686635
5 0.15234375 0.76796875 0.3046875 0.4640625
5 0.2796875 0.84375 0.321875 0.3125
5 0.40546875 0.8203125 0.2265625 0.359375
1 0.66171875 0.890625 0.2859375 0.21875
2 0.73046875 0.71015625 0.4234375 0.1859375
4 0.7203125 0.95078125 0.403125 0.0984375
5 0.759375 0.78203125 0.48125 0.4359375