1 0.26328125 0.19765625 0.4328125 0.2609375
4 0.23984375 0.440625 0.4796875 0.196875
5 0.23984375 0.26953125 0.4796875 0.5390625
6 0.728399362030544 0.19231126160926912 0.011446577339272502 0.04381363251355737
9 0.50234375 0.1328125 0.0453125 0.06875
9 0.97265625 0.1875 0.0546875 0.2625
7 0.6503016340308623 0.19420049365528821 0.08475790268936265 0.16766928903121975
0 0.6574408773472266 0.0692504906302261 0.041479522676635835 0.07367384933607006
3 0.6556607486871354 0.11767435509160666 0.025218176002545258 0.018895445745273864
5 0.6458055853755436 0.27776242739850954 0.13708620806808777 0.5023260901626878
3 0.70390625 0.5671875 0.1046875 0.05625
4 0.64765625 0.80859375 0.2296875 0.3828125
5 0.64765625 0.76953125 0.3359375 0.4609375