1 0.3140625 0.21875 0.15 0.246875
4 0.19453125 0.3609375 0.3890625 0.278125
5 0.19453125 0.25 0.3890625 0.5
4 0.79921875 0.17421875 0.3328125 0.3484375
5 0.74453125 0.25 0.5109375 0.5
8 0.075 0.75 0.15 0.5
8 0.3734375 0.8296875 0.03125 0.340625
2 0.15625 0.591291688574186 0.040625 0.0629727146721816
4 0.11953125 0.5265625 0.0515625 0.053125
4 0.16875 0.6638024879058225 0.0765625 0.16339088534372675
5 0.175 0.7527922625716408 0.1859375 0.3959135786919079
5 0.109375 0.60390625 0.096875 0.2078125
8 0.69453125 0.75 0.6109375 0.5
8 0.5359375 0.6421875 0.29375 0.284375
5 0.89453125 0.51640625 0.0390625 0.0328125