7 0.74921875 0.26171875 0.0421875 0.0984375
7 0.778125 0.2890625 0.04375 0.13125
7 0.7140625 0.29140625 0.0609375 0.1203125
7 0.66953125 0.2953125 0.040625 0.096875
7 0.646875 0.346875 0.075 0.1671875
7 0.59453125 0.271875 0.0453125 0.0921875
7 0.571875 0.35390625 0.0703125 0.121875
7 0.5375 0.3125 0.0296875 0.075
7 0.49453125 0.37421875 0.103125 0.1875
7 0.4359375 0.3203125 0.040625 0.1015625
7 0.40625 0.35 0.084375 0.125
7 0.315625 0.34921875 0.059375 0.1171875
7 0.2734375 0.384375 0.0875 0.1375
7 0.21875 0.359375 0.065625 0.1078125
0 0.196875 0.28359375 0.03125 0.034375
0 0.26796875 0.27265625 0.04375 0.0453125
0 0.296875 0.253125 0.0328125 0.0375
0 0.39921875 0.246875 0.0328125 0.034375
0 0.415625 0.2375 0.0265625 0.0296875
0 0.46796875 0.240625 0.046875 0.0484375
0 0.5359375 0.25 0.01875 0.0265625
0 0.55625 0.2390625 0.0359375 0.0390625
0 0.5640625 0.21953125 0.0203125 0.015625
0 0.5875 0.19765625 0.025 0.0265625
0 0.621875 0.209375 0.0453125 0.046875
0 0.64921875 0.22265625 0.0171875 0.0203125
0 0.70859375 0.19609375 0.0328125 0.034375
0 0.765625 0.17890625 0.015625 0.01875
0 0.7765625 0.184375 0.0359375 0.0296875
3 0.77265625 0.21953125 0.015625 0.0171875
3 0.715625 0.228125 0.015625 0.0140625
3 0.6484375 0.246875 0.0109375 0.0140625
3 0.621875 0.25234375 0.0203125 0.01875
3 0.58828125 0.228125 0.0140625 0.0140625
3 0.54375 0.259375 0.00625 0.009375
3 0.55546875 0.2765625 0.0140625 0.0125
3 0.4703125 0.29140625 0.0171875 0.0234375
3 0.3984375 0.28125 0.0171875 0.015625
3 0.29609375 0.29140625 0.015625 0.0125
3 0.26875 0.31640625 0.0171875 0.01875
3 0.20078125 0.31171875 0.0140625 0.0140625
5 0.7609375 0.31796875 0.078125 0.2953125
5 0.76953125 0.3421875 0.0609375 0.353125
5 0.71796875 0.340625 0.1171875 0.3296875
5 0.66953125 0.31875 0.0578125 0.21875
5 0.6421875 0.38203125 0.125 0.3953125
5 0.59921875 0.32890625 0.0703125 0.290625
5 0.565625 0.22734375 0.0203125 0.034375
5 0.5421875 0.334375 0.04375 0.196875
5 0.56953125 0.36640625 0.0953125 0.29375
5 0.45859375 0.321875 0.0265625 0.0828125
5 0.49609375 0.39609375 0.1328125 0.3671875
5 0.4359375 0.35859375 0.06875 0.278125
5 0.4078125 0.40078125 0.1078125 0.34375
5 0.31640625 0.36328125 0.0765625 0.2609375
5 0.25390625 0.41328125 0.1609375 0.3328125
5 0.22109375 0.396875 0.084375 0.2703125
8 0.9 0.28984375 0.2 0.5796875
4 0.04140625 0.6359375 0.0828125 0.1125
5 0.0796875 0.78984375 0.159375 0.4203125
5 0.93046875 0.77734375 0.1390625 0.3953125
5 0.9 0.6296875 0.2 0.1