3 0.24375 0.09375 0.45 0.1875
4 0.234375 0.28515625 0.46875 0.2296875
5 0.234375 0.2 0.46875 0.4
3 0.6453125 0.396875 0.00625 0.00625
0 0.6517140535673551 0.37745946301188377 0.023610216822512697 0.029823855386194253
5 0.625 0.3765625 0.0875 0.046875
8 0.734375 0.2109375 0.53125 0.378125
0 0.16007145423128505 0.6304708335233885 0.21171018052176754 0.13403969847574845
0 0.38671875 0.5 0.1640625 0.175
3 0.3811197524358869 0.6239446193331544 0.15229881908544912 0.12744426483072288
3 0.11860663777811462 0.7544441438282388 0.10508747579950324 0.06935905405833438
4 0.15234375 0.8890625 0.2828125 0.221875
4 0.33125 0.84765625 0.275 0.3046875
5 0.33046875 0.70234375 0.2765625 0.5953125
5 0.17421875 0.778125 0.3484375 0.44375
5 0.821875 0.51796875 0.35625 0.2359375
4 0.85078125 0.44921875 0.2515625 0.0984375
3 0.7430491433372595 0.963741354895215 0.11436248184962743 0.052226096212812226
4 0.8015625 0.89453125 0.278125 0.2109375
5 0.734375 0.7078125 0.53125 0.584375