1 0.2828125 0.37734375 0.434375 0.1234375
2 0.303125 0.19296875 0.39375 0.2296875
5 0.25 0.24609375 0.5 0.3859375
8 0.75 0.21953125 0.5 0.4390625
8 0.77578125 0.21953125 0.4484375 0.4390625
4 0.51796875 0.10703125 0.0359375 0.0984375
2 0.5138251089022356 0.0203125 0.02667158430895551 0.01875
3 0.5078125 0.059375 0.015625 0.021875
5 0.53203125 0.13203125 0.0640625 0.2578125
4 0.25 0.9421875 0.5 0.115625
1 0.16171875 0.759375 0.3234375 0.38125
2 0.16875 0.49609375 0.3375 0.1140625
5 0.25 0.71953125 0.5 0.5609375
8 0.87734375 0.9609375 0.1265625 0.078125
8 0.66796875 0.98046875 0.0984375 0.0390625
8 0.559375 0.9578125 0.05625 0.084375
9 0.5854905097625573 0.9125 0.026744307181592396 0.03125
9 0.5254115278147341 0.89921875 0.0298693071815924 0.03125