1 0.38359375 0.1 0.3515625 0.2
4 0.2796875 0.25 0.559375 0.21875
5 0.2796875 0.1796875 0.559375 0.359375
6 0.29453125 0.745768437848438 0.0578125 0.11283634328594597
6 0.06953125 0.6619211995559029 0.03125 0.0642443071815924
6 0.19140625 0.6049621515476927 0.0109375 0.028188632513557365
6 0.2671875 0.6013962691323312 0.0109375 0.028188632513557365
6 0.32890625 0.5963496999486864 0.009375 0.026617042154477667
6 0.1484375 0.5942746364223822 0.0109375 0.025063632513557366
9 0.24765625 0.8515625 0.4953125 0.296875
5 0.7796875 0.6265625 0.440625 0.534375