2 0.234375 0.11640625 0.46875 0.1859375
5 0.234375 0.1046875 0.46875 0.209375
0 0.26953125 0.46218950789683594 0.190625 0.1307965238077134
0 0.12578125 0.3433844448615111 0.125 0.08353972872636942
2 0.375 0.68780310713471 0.175 0.09008062021691714
2 0.0625 0.5375 0.125 0.078125
9 0.115625 0.5921875 0.23125 0.765625
3 0.11953125 0.41053558342519264 0.084375 0.04892837939029935
3 0.27109375 0.5536048482559155 0.121875 0.0803965480082102
3 0.03671875 0.6390625 0.0734375 0.075
3 0.3421875 0.7891747095940381 0.11875 0.07881586729005088
4 0.271875 0.88203125 0.34375 0.2359375
4 0.0734375 0.7890625 0.146875 0.33125
7 0.2734375 0.674712233794535 0.33125 0.29255215612487906
4 0.11796875 0.46833899306611304 0.1984375 0.17302947560311138
5 0.12109375 0.42265625 0.2421875 0.2734375
5 0.10078125 0.73046875 0.2015625 0.5390625
5 0.234375 0.79921875 0.46875 0.4015625
5 0.25859375 0.6171875 0.4203125 0.478125
4 0.921875 0.271875 0.15625 0.125
5 0.9 0.3734375 0.2 0.328125