0 0.01796875 0.01328125 0.0359375 0.0265625
0 0.0265625 0.0578125 0.053125 0.08125
0 0.08017487597245374 0.06839962858054945 0.022020445745273776 0.025254538669636162
0 0.09884306274073724 0.0541189525780041 0.012563632513557365 0.011082950668363623
7 0.10131862294739165 0.07674793057768592 0.017360216822512698 0.02988749466899989
0 0.11365954166349841 0.04925872990932234 0.028288626463433175 0.02845226400381797
0 0.1486567103796051 0.02150589990454983 0.032994307181592394 0.03163180800445433
0 0.20882659591822444 0.02314966856305025 0.025154536104353652 0.02685340133672707
0 0.2525675055591449 0.02107809122377775 0.023582945745273774 0.025272720003181703
0 0.30078125 0.01015625 0.0390625 0.0203125
0 0.33671875 0.0140625 0.0421875 0.028125
7 0.36337371623333753 0.1315150572088239 0.10089994554888193 0.15585110534690844
7 0.3170118006404888 0.08595765654841454 0.07723518657189174 0.11651588534372674
7 0.2694191831540461 0.09744968722155063 0.07244769262201593 0.09927384134309047
7 0.2280447494108248 0.10340024256050491 0.04903746369925486 0.10368862133990878
7 0.17182202048806366 0.1087422705681409 0.07411018657189175 0.11647952267663593
7 0.13280042710392195 0.116228053906777 0.06151019262201594 0.0991465720082724
7 0.09926121925839962 0.1259939525780041 0.04735678903121965 0.0833579400063634
7 0.00703125 0.1078125 0.0140625 0.084375
7 0.05772770423128506 0.10460075791695837 0.06952268052176755 0.13361247867599957
7 0.05703125 0.24296875 0.1140625 0.2484375
3 0.0046875 0.11171875 0.009375 0.0265625
3 0.08419930064048878 0.08866667524668577 0.009438632513557366 0.011046588001272718
3 0.11927373740877227 0.0741950952419133 0.014144313231716587 0.014226132001908986
3 0.15507488202257794 0.050339424570368066 0.018840903590796286 0.015843176002545346
1 0.21676181576579934 0.04415251189532299 0.011055674668035032 0.02043976933481808
3 0.25817715612487896 0.04523320655636871 0.017278403590796288 0.015824994668999892
3 0.302658409149941 0.036121288550323524 0.01572499394987581 0.01736931333545444
3 0.3378510205862595 0.041962208545551015 0.01731476502711473 0.02207499466899989
5 0.35703125 0.14609375 0.1484375 0.2921875
5 0.328125 0.13984375 0.1125 0.2796875
5 0.2758782614128773 0.1333144618873688 0.10931240924813679 0.2590670120146356
5 0.24778507766965596 0.1391104758911868 0.12191240319801296 0.27639996268299927
5 0.17675496018321332 0.15087522656750457 0.12048625858420703 0.2998192813494537
5 0.10204987597245374 0.0681450899109132 0.025245439695149585 0.04247840133672707
5 0.13770155054229294 0.15289225990614072 0.09829309601642038 0.24487724267981753
5 0.10411234572183278 0.15406440857736775 0.07620901775758923 0.20868520401018137
5 0.07421875 0.20625 0.1484375 0.4125
5 0.01015625 0.096875 0.0203125 0.153125
5 0.025 0.20625 0.05 0.321875
5 0.0890625 0.23984375 0.178125 0.4578125
4 0.70625 0.234375 0.44375 0.46875
5 0.71953125 0.234375 0.5609375 0.46875
8 0.21953125 0.734375 0.4390625 0.53125
6 0.446875 0.7484375 0.015625 0.05
6 0.48416800526455733 0.6901853639401846 0.015770445745273774 0.02518181333545435
6 0.49811687577606206 0.6704904819382755 0.011037493949875809 0.01731476933481808
6 0.5066333577238853 0.6571092346037757 0.009456813231716588 0.01417158800127254
6 0.5105077914671067 0.651595031269912 0.0063136325135573655 0.011010225334181811
6 0.5143867703898678 0.6468620779360484 0.006304542154477666 0.009447725334181811
6 0.5182521137740095 0.6397853746021849 0.007894313231716587 0.014153406667727353
6 0.9481572615110732 0.5379014172104147 0.004732951795397966 0.007867044000636269
6 0.6801299450579028 0.6652473565802313 0.02520907825883114 0.036228401336727244
6 0.6308202914671066 0.6501950685869128 0.015761355386194255 0.023619313335454528
6 0.6104668848512483 0.6434001759230036 0.012609084308955331 0.018895450668363623
6 0.5846356378763105 0.6351064179265034 0.007894313231716587 0.014153406667727176
6 0.577590752337691 0.6328444839274578 0.0063136325135573655 0.011010225334181811
6 0.5736754119786115 0.6313274372613215 0.004732951795397966 0.007867044000636269
6 0.5705276860809124 0.6274575499284124 0.006331813231716587 0.014135225334181812
6 0.9239885084860111 0.5467769778803692 0.0063045421544778435 0.009447725334181811
6 0.874819755460949 0.5559434398870506 0.004732951795397966 0.007867044000636269
6 0.5213816589535494 0.6405302619350939 0.004732951795397966 0.007867044000636269
6 0.5237072282353901 0.6373779899347758 0.004723861436318444 0.006304544000636269
6 0.5322827975172308 0.6341529926002758 0.004723861436318444 0.006304544000636269
6 0.547099276439992 0.6292927699315941 0.004723861436318444 0.006304544000636269
6 0.562701550542293 0.6252047065961396 0.004723861436318444 0.006304544000636269
6 0.5736435957218328 0.6258586872613214 0.0031704517953981435 0.007848862667090905
6 0.5767595053627531 0.6242598245942306 0.004732951795397966 0.007867044000636269
6 0.5845538246445938 0.6210439179265034 0.004723861436318444 0.006304544000636269
6 0.5954731439264347 0.6177916485916853 0.004723861436318444 0.006304544000636269
6 0.615753827669656 0.6120865412555945 0.004723861436318444 0.006304544000636269
6 0.6485254210537977 0.6046734832511401 0.004732951795398144 0.007867044000636269
6 0.6758328096174793 0.5981053099140949 0.004732951795397966 0.007867044000636269
6 0.7039214481811609 0.591528045910277 0.004732951795397966 0.007867044000636269
6 0.7491703156676035 0.5800632872374589 0.004723861436318444 0.006304544000636269
6 0.7320146319243822 0.5857320319064588 0.004723861436318444 0.006304544000636269
6 0.7577640656676035 0.579963289902959 0.004732951795397966 0.007867044000636269
6 0.7835089542312851 0.5734132978994592 0.004723861436318444 0.006304544000636269
6 0.7999015686926656 0.570878643897232 0.004732951795397966 0.007867044000636269
6 0.8264231620768072 0.5635383112269594 0.004732951795398321 0.007867044000636269
6 0.8397044120768072 0.5633837698918231 0.004732951795398321 0.007867044000636269
6 0.865444755460949 0.5560525278883233 0.004732951795397966 0.007867044000636269
6 0.9146044181269314 0.5453235658816418 0.004732951795398321 0.007867044000636269
9 0.71953125 0.82421875 0.5609375 0.3515625