3 0.18671875 0.04296875 0.3734375 0.0859375
4 0.284375 0.34296875 0.56875 0.4140625
5 0.284375 0.275 0.56875 0.55
6 0.9234146067393147 0.13555026072550636 0.039971566677272106 0.07835225897699054
6 0.6731322487269062 0.042694098452307296 0.03201361600890866 0.0658068071815924
9 0.7109375 0.29921875 0.284375 0.5015625
3 0.1140625 0.571875 0.090625 0.04375
3 0.03203125 0.596875 0.0546875 0.09375
4 0.06328125 0.8328125 0.1265625 0.334375
4 0.109375 0.803125 0.196875 0.39375
4 0.39140625 0.775 0.2734375 0.45
5 0.3875 0.775 0.3625 0.45
5 0.13046875 0.775 0.2546875 0.45
5 0.06953125 0.775 0.1390625 0.45
8 0.66953125 0.9 0.2015625 0.2