1 0.29609375 0.26640625 0.2265625 0.3265625
4 0.2046875 0.3546875 0.409375 0.15
5 0.2046875 0.21484375 0.409375 0.4296875
0 0.4484375 0.0390625 0.078125 0.078125
1 0.45637167808588064 0.13166433927436633 0.07862496974937905 0.08684656667727228
7 0.5015625 0.28515625 0.184375 0.2734375
5 0.58046875 0.21484375 0.3421875 0.4296875
6 0.19507406714054146 0.6044274879058225 0.11501698770335977 0.16538973734881743
6 0.03125 0.76171875 0.0625 0.1265625
6 0.15302188076504136 0.8502127025780041 0.04735678903121965 0.0833579400063634
6 0.1433696248131131 0.8979780405792768 0.041079517953980904 0.0785977146721816
6 0.16732073010111154 0.8094240705760951 0.05209883118569749 0.09278748400699968
6 0.16970486583612274 0.9367314579090043 0.04426815046753809 0.08957157733927232
6 0.03494404645608604 0.8703353932606852 0.05359769867214013 0.08186816534054486
6 0.1700917269778536 0.7359592985757769 0.07883404800821019 0.12278406667727229
6 0.021875 0.6453125 0.04375 0.171875
6 0.0573912181972549 0.906009263924276 0.03946247579950324 0.06920453333863605
6 0.08135998332256537 0.9486962032543218 0.0379636083130606 0.08012385200509087
6 0.08984375 0.965625 0.0359375 0.06875
8 0.61484375 0.6484375 0.4109375 0.4375