3 0.05513591013189974 0.06484375 0.026717036104353477 0.0265625
3 0.27333139822804303 0.16015625 0.03926248789975162 0.034375
3 0.21644104879377704 0.1359375 0.028270445745273775 0.025
3 0.15931889520298093 0.1515625 0.029851126463433176 0.028125
3 0.09233138310273255 0.1171875 0.031404536104353654 0.0265625
3 0.0078125 0.121875 0.015625 0.028125
0 0.2845825156162899 0.10625 0.06126475292686635 0.05625
0 0.22841887402754626 0.09140625 0.04714771077238851 0.046875
0 0.17208706079582967 0.10546875 0.05342498184962743 0.0515625
0 0.10195636797742207 0.07421875 0.04557612041330898 0.0453125
0 0.060841009467969796 0.02421875 0.03773634933607006 0.040625
0 0.01640625 0.07265625 0.0328125 0.0453125
7 0.2649052989901689 0.265625 0.16535333098930566 0.221875
7 0.2043905006873711 0.19296875 0.07862496974937905 0.0859375
7 0.1447018832991242 0.246875 0.1402351563212708 0.2015625
7 0.07701038925105257 0.19921875 0.1259817587805987 0.16875
7 0.05175638007767045 0.10859375 0.06915906615858276 0.0703125
7 0.0265625 0.2078125 0.053125 0.184375
5 0.2453125 0.2234375 0.246875 0.3125
5 0.190625 0.221875 0.13125 0.315625
5 0.1328125 0.22578125 0.20625 0.3078125
5 0.07578125 0.21171875 0.1515625 0.3359375
5 0.04765625 0.19140625 0.0953125 0.3765625
5 0.03359375 0.2109375 0.0671875 0.3375
1 0.59453125 0.07890625 0.3046875 0.1578125
1 0.8765625 0.16328125 0.246875 0.3265625
8 0.21484375 0.68984375 0.4296875 0.6203125
3 0.49765625 0.8390625 0.1359375 0.1375
3 0.7112677354638647 0.60546875 0.02512726502711473 0.021875
2 0.8944438498270493 0.54296875 0.034556807181592576 0.03125
2 0.7208745396203949 0.565625 0.04081589754067192 0.0328125
2 0.5500944070086418 0.51171875 0.22292039129415606 0.1796875
5 0.4421875 0.534375 0.025 0.121875
5 0.6935620849963264 0.69453125 0.17994307181592362 0.3125
5 0.865568895202981 0.671875 0.13307716217500315 0.3140625
5 0.96796875 0.78671875 0.0640625 0.2890625
5 0.64140625 0.69296875 0.4234375 0.6140625
4 0.54375 0.91484375 0.228125 0.1703125
4 0.9875 0.82890625 0.025 0.1171875
4 0.8678262867917246 0.68671875 0.09007152985783762 0.1734375
4 0.7033597866935286 0.621875 0.07225679508134383 0.065625
1 0.8918819312091385 0.58046875 0.028261355386194252 0.0234375