1 0.2296875 0.1703125 0.459375 0.340625
4 0.2296875 0.4015625 0.459375 0.15625
5 0.2296875 0.23984375 0.459375 0.4796875
5 0.82734375 0.35078125 0.3453125 0.2578125
0 0.97890625 0.16953125 0.0421875 0.2203125
0 0.8852535106222292 0.3251560987468949 0.16144767202418073 0.17905221662612103
3 0.9125 0.45390625 0.053125 0.0515625
8 0.2296875 0.73984375 0.459375 0.5203125
1 0.7623234459341394 0.777731132022578 0.21555446403563466 0.26373628883482797
2 0.6037762439529113 0.6385181202169171 0.19073627737108917 0.27921584308955405
4 0.853125 0.88046875 0.29375 0.2390625
5 0.7296875 0.73984375 0.540625 0.5203125