2 0.17265625 0.19609375 0.3453125 0.2671875
5 0.2 0.26015625 0.4 0.4390625
1 0.5205998880727022 0.19040526873954783 0.11224651170746487 0.22564541549465283
8 0.91171875 0.23984375 0.1765625 0.4796875
0 0.57421875 0.08828125 0.2046875 0.1765625
0 0.71640625 0.35546875 0.1890625 0.2484375
7 0.70078125 0.40703125 0.4578125 0.1453125
7 0.47265625 0.23984375 0.1453125 0.4796875
5 0.540625 0.23984375 0.28125 0.4796875
5 0.7125 0.3453125 0.5 0.26875
3 0.03125 0.86484375 0.0625 0.2703125
0 0.19609375 0.73984375 0.3703125 0.5203125
5 0.1890625 0.73984375 0.378125 0.5203125
3 0.45390625 0.92109375 0.1078125 0.1578125
0 0.64140625 0.73984375 0.3703125 0.5203125
5 0.61171875 0.73984375 0.4234375 0.5203125