7 0.31640625 0.05 0.0890625 0.1
5 0.35 0.0796875 0.071875 0.159375
5 0.259375 0.04375 0.078125 0.0875
5 0.16953125 0.0890625 0.0890625 0.178125
5 0.3171875 0.159375 0.096875 0.31875
5 0.44609375 0.24453125 0.0734375 0.1484375
5 0.59375 0.23984375 0.071875 0.1578125
4 0.43359375 0.22890625 0.0265625 0.0453125
4 0.60546875 0.2265625 0.03125 0.059375
0 0.4375 0.184375 0.01875 0.025
3 0.440625 0.203125 0.00625 0.0078125
3 0.59921875 0.1953125 0.0046875 0.0078125
0 0.6046875 0.175 0.0203125 0.021875
4 0.2046875 0.91328125 0.409375 0.1734375
1 0.04609375 0.709375 0.0921875 0.21875
2 0.06015625 0.47890625 0.1203125 0.1421875
5 0.2046875 0.70078125 0.409375 0.5984375
2 0.56484375 0.83984375 0.0078125 0.0109375
2 0.57734375 0.83828125 0.0109375 0.0109375
3 0.90703125 0.87734375 0.00625 0.015625
2 0.89296875 0.8546875 0.0125 0.0171875
2 0.9046875 0.86640625 0.009375 0.015625
4 0.5625 0.890625 0.0109375 0.059375
4 0.5765625 0.8890625 0.0234375 0.053125
3 0.571875 0.85 0.0078125 0.0109375
3 0.56484375 0.8515625 0.00625 0.009375
4 0.89921875 0.92421875 0.01875 0.0734375
4 0.88984375 0.9171875 0.0109375 0.0671875
4 0.884375 0.90546875 0.0125 0.075
2 0.896875 0.86875 0.0078125 0.0140625
5 0.88359375 0.921875 0.0359375 0.15625
5 0.89140625 0.93046875 0.0453125 0.1390625
5 0.9078125 0.93046875 0.04375 0.1390625
5 0.56875 0.9078125 0.028125 0.1515625
5 0.5765625 0.91484375 0.0484375 0.1625
5 0.4140625 0.89140625 0.009375 0.1484375