1 0.2296875 0.0734375 0.459375 0.146875
4 0.2296875 0.33125 0.459375 0.15625
5 0.2296875 0.2046875 0.459375 0.409375
8 0.784375 0.27421875 0.3125 0.2703125
8 0.59921875 0.309375 0.2796875 0.2
8 0.21171875 0.7046875 0.4234375 0.590625
8 0.37578125 0.75390625 0.1671875 0.4828125
8 0.7734375 0.75 0.453125 0.5
2 0.6024902953532718 0.4991794060266831 0.025254538669636162 0.022020445745273953
2 0.5528095633752254 0.6605981741770557 0.039771572008272395 0.06116475897699036
2 0.7645652233847704 0.7321378726528041 0.036210220003181706 0.023646578258831142
2 0.82734375 0.98359375 0.0546875 0.0328125
3 0.7601777153882703 0.7578918515755653 0.018913632001909163 0.014171584308955331
4 0.7718333780633152 0.8196742340891225 0.04327838001272681 0.09399543969514959
4 0.5947783400302259 0.5749106590517452 0.049673830681090256 0.1065318011314682
4 0.5356498827179976 0.7300248850476401 0.07371131468808993 0.15823065651766247
5 0.53515625 0.8125 0.1515625 0.375
5 0.6017010493714073 0.6327595204880636 0.09402490937299816 0.2927147408266178
5 0.75625 0.8578125 0.140625 0.284375