4 0.23984375 0.4703125 0.4796875 0.11875
1 0.21640625 0.2265625 0.4328125 0.315625
2 0.18515625 0.03984375 0.3703125 0.0671875
5 0.23984375 0.26484375 0.4796875 0.5296875
9 0.77421875 0.16382473076947288 0.071875 0.028543156517662416
9 0.9125 0.15525422754801904 0.075 0.030123837235821682
9 0.7328125 0.5140625 0.040625 0.03125
9 0.57421875 0.4579736648072818 0.0375 0.053343168617910844
9 0.69921875 0.49609375 0.1140625 0.0671875
6 0.61640625 0.5160316045024315 0.00625 0.025036361436318443
6 0.60625 0.510503767168414 0.00625 0.018786361436318445
6 0.61171875 0.5019418334251926 0.00625 0.028161361436318443
8 0.23984375 0.6609375 0.4796875 0.2625