1 0.1484375 0.42578125 0.296875 0.1265625
2 0.1421875 0.25625 0.284375 0.21875
5 0.259375 0.30234375 0.51875 0.3734375
2 0.58046875 0.0125 0.1234375 0.025
9 0.759375 0.21171875 0.48125 0.4234375
3 0.57421875 0.08984375 0.1109375 0.0703125
4 0.6578125 0.24296875 0.278125 0.3171875
4 0.928125 0.18203125 0.14375 0.3640625
5 0.884375 0.24453125 0.23125 0.4890625
5 0.703125 0.24453125 0.36875 0.4890625
8 0.2265625 0.6015625 0.453125 0.225
7 0.32271550592777604 0.5675651434197688 0.019022720003181705 0.023655676002545433
5 0.32185243992682155 0.574587302752996 0.03186816534054522 0.05348862667090888
8 0.47421875 0.684375 0.0890625 0.20625
3 0.6390625 0.4984375 0.040625 0.01875
4 0.759375 0.5609375 0.203125 0.14375
5 0.71640625 0.653125 0.3515625 0.328125