1 0.2328125 0.44921875 0.465625 0.2390625
2 0.290625 0.221875 0.58125 0.246875
5 0.3046875 0.31015625 0.609375 0.5171875
7 0.8046875 0.284375 0.390625 0.56875
5 0.8046875 0.284375 0.390625 0.56875
4 0.2484375 0.6203125 0.20625 0.103125
5 0.25546875 0.775 0.4234375 0.4125
3 0.625 0.59921875 0.03125 0.0609375
3 0.828125 0.58671875 0.071875 0.0359375
4 0.86328125 0.784375 0.2453125 0.43125
4 0.6703125 0.8078125 0.121875 0.384375
5 0.69609375 0.784375 0.1734375 0.43125
5 0.8375 0.784375 0.325 0.43125