1 0.17109375 0.28828125 0.3421875 0.2828125
0 0.1625 0.07265625 0.325 0.1453125
4 0.26484375 0.41015625 0.5296875 0.2171875
5 0.26484375 0.259375 0.5296875 0.51875
8 0.6703125 0.21796875 0.28125 0.4359375
0 0.61328125 0.47109375 0.08125 0.04375
0 0.5546875 0.4609375 0.05 0.034375
3 0.55390625 0.48515625 0.0375 0.0171875
3 0.59921875 0.4984375 0.0265625 0.0171875
7 0.56796875 0.50546875 0.0765625 0.0265625
7 0.64765625 0.50234375 0.1328125 0.0328125
5 0.63046875 0.48046875 0.2015625 0.0765625
0 0.5890625 0.315625 0.009375 0.0046875
7 0.590625 0.325 0.0171875 0.0140625
5 0.59296875 0.328125 0.0265625 0.0359375
0 0.5890625 0.34296875 0.009375 0.0046875
7 0.59453125 0.35234375 0.01875 0.0171875
5 0.59296875 0.35625 0.0265625 0.0359375
8 0.20390625 0.796875 0.4078125 0.40625
3 0.553125 0.565625 0.025 0.025
3 0.62265625 0.5625 0.028125 0.0265625
3 0.66484375 0.528125 0.0265625 0.01875
3 0.86796875 0.528125 0.0296875 0.01875
3 0.78984375 0.521875 0.0328125 0.00625
3 0.7046875 0.54609375 0.028125 0.0296875
0 0.61640625 0.528125 0.0453125 0.01875
0 0.5484375 0.53359375 0.0375 0.0296875
7 0.96171875 0.61796875 0.0765625 0.1984375
7 0.925 0.55625 0.08125 0.075
7 0.884375 0.621875 0.14375 0.20625
7 0.8015625 0.60078125 0.128125 0.1640625
7 0.746875 0.53515625 0.071875 0.0328125
7 0.7203125 0.6328125 0.1296875 0.190625
7 0.63203125 0.65078125 0.1015625 0.1640625
7 0.665625 0.55625 0.0546875 0.071875
7 0.61875 0.54375 0.075 0.05
7 0.56640625 0.5578125 0.0734375 0.078125
7 0.56953125 0.66640625 0.0796875 0.1765625
5 0.94453125 0.7421875 0.1109375 0.446875
5 0.9390625 0.69765625 0.121875 0.3578125
5 0.896875 0.74140625 0.20625 0.4453125
5 0.8140625 0.71328125 0.178125 0.3890625
5 0.76328125 0.68203125 0.1296875 0.3265625
5 0.73359375 0.73984375 0.1796875 0.4421875
5 0.68515625 0.7078125 0.1296875 0.378125
5 0.65234375 0.6875 0.1078125 0.3375
5 0.64609375 0.7359375 0.1671875 0.434375
5 0.58984375 0.69296875 0.1203125 0.3484375
5 0.5890625 0.73984375 0.11875 0.4421875
5 0.5609375 0.7265625 0.0625 0.415625