1 0.32734375 0.3234375 0.5390625 0.253125
2 0.4234839935570923 0.1953125 0.41151019262201594 0.0984375
5 0.334375 0.275 0.66875 0.35
5 0.834375 0.30859375 0.33125 0.2828125
3 0.724925857232906 0.35390625 0.049064734776493604 0.1078125
2 0.83828125 0.3296875 0.2140625 0.240625
7 0.61640625 0.80546875 0.1046875 0.3890625
5 0.59375 0.725 0.15 0.55
0 0.85 0.521875 0.184375 0.14375
3 0.8179470658639951 0.65703125 0.06761474687674215 0.0734375
7 0.83203125 0.79453125 0.3265625 0.4109375
5 0.834375 0.725 0.33125 0.55