5 0.2125 0.46875 0.36875 0.240625
1 0.2078125 0.00546875 0.028125 0.0109375
1 0.31715270120622285 0.09177284690018314 0.037718168617910844 0.037718168617910844
2 0.3203125 0.03125 0.09375 0.0625
4 0.5171875 0.08359375 0.025 0.1453125
4 0.375 0.03828125 0.084375 0.0765625
4 0.2598992582896194 0.18820294018612901 0.11992265632127071 0.20225336729005097
4 0.17578125 0.06953125 0.0796875 0.1390625
4 0.11015625 0.01640625 0.0703125 0.0328125
4 0.0546875 0.02578125 0.071875 0.0515625
5 0.06796875 0.16640625 0.1359375 0.3328125
5 0.1046875 0.1515625 0.14375 0.303125
5 0.15703125 0.184375 0.1640625 0.36875
5 0.2890625 0.196875 0.23125 0.39375
5 0.38203125 0.06796875 0.1671875 0.1359375
5 0.50078125 0.109375 0.0578125 0.21875
4 0.6140625 0.19921875 0.16875 0.3453125
3 0.6455180748409857 0.052187130372257994 0.04406816256778665 0.054942030054229284
5 0.66328125 0.29453125 0.2671875 0.5890625
1 0.2053208425985748 0.6224506751590143 0.08315793364502548 0.059856789031219645
4 0.1078125 0.68984375 0.215625 0.2015625
5 0.2125 0.79453125 0.425 0.4109375
5 0.365625 0.79453125 0.328125 0.4109375