4 0.09453125 0.334375 0.1890625 0.26875
5 0.09453125 0.234375 0.1890625 0.46875
8 0.15234375 0.734375 0.0734375 0.53125
3 0.534375 0.6258191740788599 0.0265625 0.05015453610435348
3 0.69140625 0.6947015051663614 0.0171875 0.03447499394987581
7 0.4953125 0.8005919151018694 0.1328125 0.33671018052176754
0 0.671875 0.6141191256778662 0.0625 0.11286361436318479
0 0.5234375 0.5351305415653025 0.0734375 0.09573974687674199
7 0.728125 0.8081963786047325 0.1296875 0.32262949980360817
5 0.509375 0.740625 0.165625 0.51875
5 0.72890625 0.77734375 0.1609375 0.4453125