1 0.21484375 0.04921875 0.4296875 0.0984375
4 0.21484375 0.19453125 0.4296875 0.3890625
5 0.21484375 0.19453125 0.4296875 0.3890625
1 0.778125 0.096875 0.44375 0.19375
4 0.71484375 0.26171875 0.5703125 0.2546875
5 0.71484375 0.19453125 0.5703125 0.3890625
1 0.23671875 0.65390625 0.3859375 0.4015625
4 0.21484375 0.91328125 0.4296875 0.1734375
5 0.21484375 0.69453125 0.4296875 0.6109375
4 0.51953125 0.52890625 0.1796875 0.2546875
2 0.746875 0.559375 0.1953125 0.275
3 0.61015625 0.61015625 0.0515625 0.10625
5 0.66171875 0.59609375 0.4640625 0.4140625