4 0.18984375 0.1953125 0.3796875 0.2875
1 0.11875 0.06953125 0.2375 0.1390625
5 0.18984375 0.16953125 0.3796875 0.3390625
8 0.68984375 0.16953125 0.6203125 0.3390625
8 0.14375 0.78203125 0.2875 0.4359375
1 0.9275114007621259 0.39765625 0.07070338544042372 0.0671875
1 0.6968653887600732 0.428125 0.0721477107723885 0.046875
1 0.9341421540817756 0.60078125 0.07229315651766229 0.071875
1 0.6882574823406067 0.56484375 0.07850679508134384 0.065625
1 0.6388882205349459 0.725 0.07071247579950324 0.06875
1 0.881166103244895 0.84375 0.06293633723582168 0.075
1 0.4714780067374953 0.76328125 0.058157933645025396 0.059375
1 0.49627906059943794 0.52890625 0.07073974687674198 0.0734375
1 0.4078125 0.5109375 0.05625 0.084375
2 0.4171875 0.42109375 0.075 0.0671875
2 0.5108278948101975 0.4453125 0.08318520472226432 0.0640625
2 0.4946614975641131 0.67265625 0.09432269262201594 0.0984375
2 0.5782314799047198 0.9453125 0.10055451190385671 0.0953125
2 0.49453125 0.98359375 0.1140625 0.0328125
2 0.696875 0.3671875 0.09375 0.05625
2 0.934375 0.34375 0.06875 0.009375
2 0.9502853045493136 0.51171875 0.08166815651766228 0.071875
2 0.97265625 0.98515625 0.0546875 0.0296875
2 0.8716189073032293 0.7390625 0.10202610831306061 0.0796875
2 0.6604910306434044 0.6375 0.08323065651766245 0.071875
2 0.6903381328081449 0.47578125 0.09892837939029935 0.084375
4 0.8922955425472612 0.5421875 0.19067149355709248 0.2765625
4 0.6293006388582691 0.49296875 0.07272949375348396 0.146875
4 0.85 0.38125 0.096875 0.084375
4 0.68046875 0.3828125 0.1546875 0.0875
4 0.52890625 0.3890625 0.1515625 0.1
4 0.425 0.71875 0.090625 0.365625
4 0.5168592053114395 0.6171875 0.11326359016268786 0.13125
4 0.4546875 0.88984375 0.15 0.2203125
4 0.80078125 0.9296875 0.1828125 0.140625
5 0.83828125 0.421875 0.1234375 0.165625
5 0.97265625 0.4125 0.0546875 0.140625
5 0.875 0.53125 0.25 0.384375
5 0.92421875 0.85 0.1515625 0.3
5 0.8890625 0.68671875 0.221875 0.4578125
5 0.81953125 0.8390625 0.3328125 0.321875
5 0.5828125 0.9484375 0.2125 0.103125
5 0.6453125 0.79609375 0.28125 0.4078125
5 0.6758887716664139 0.6765625 0.31394640885535335 0.5171875
5 0.6828125 0.49453125 0.246875 0.3109375
5 0.6890625 0.4203125 0.234375 0.1625
5 0.51953125 0.434375 0.2390625 0.190625
5 0.4959881691088902 0.57890625 0.2222760175611974 0.3375
5 0.48671875 0.8015625 0.2140625 0.396875
5 0.4421875 0.68515625 0.125 0.6296875
5 0.41796875 0.359375 0.0765625 0.040625
5 0.40859375 0.409375 0.0578125 0.140625