1 0.30859375 0.23203125 0.5015625 0.3171875
0 0.32734375 0.04140625 0.4453125 0.0828125
4 0.2796875 0.52890625 0.559375 0.2796875
5 0.2796875 0.334375 0.559375 0.66875
8 0.94609375 0.34140625 0.1078125 0.2484375
8 0.81328125 0.40234375 0.3734375 0.5328125
1 0.190625 0.9765625 0.196875 0.046875
2 0.20703125 0.74765625 0.2046875 0.1578125
5 0.2796875 0.834375 0.559375 0.33125
3 0.9389930587205431 0.753125 0.06806020401018138 0.075
5 0.92890625 0.796875 0.1421875 0.25625
9 0.7890625 0.834375 0.421875 0.33125
6 0.5921875 0.90234375 0.0375 0.1953125