1 0.234375 0.38203125 0.46875 0.1734375
2 0.203125 0.20546875 0.40625 0.2734375
5 0.31953125 0.240625 0.6390625 0.45625
8 0.81953125 0.234375 0.3609375 0.46875
7 0.7124702054423586 0.31508174936345307 0.025363626670908877 0.031540901336727246
2 0.7074463507717679 0.2861209553628168 0.012627269334818081 0.011082950668363623
2 0.8326019867918124 0.43521353071290714 0.014207950668363622 0.01266363200190881
2 0.9000071154519036 0.3875669187221337 0.015824994668999892 0.017369313335454706
3 0.9017423381205854 0.4024288500556793 0.009465906667726998 0.00792158800127254
3 0.835936072127585 0.45321864337999784 0.009484088001272895 0.00948408800127254
5 0.7226446367759041 0.31676242803149857 0.052471566677272284 0.07872498400699968
5 0.83515625 0.446875 0.0703125 0.04375
7 0.90546875 0.4359375 0.0390625 0.065625
7 0.82890625 0.45859375 0.0453125 0.0203125
5 0.91484375 0.4203125 0.0671875 0.096875
1 0.27890625 0.63125 0.5578125 0.325
4 0.31953125 0.82421875 0.6390625 0.3515625
5 0.31953125 0.734375 0.6390625 0.53125
3 0.9109375 0.853125 0.178125 0.29375
5 0.81953125 0.734375 0.3609375 0.53125