1 0.4359375 0.46796875 0.30625 0.2015625
2 0.3875 0.271875 0.403125 0.25
5 0.29453125 0.33046875 0.5890625 0.4765625
5 0.79453125 0.284375 0.4109375 0.56875
2 0.4546875 0.65703125 0.171875 0.1765625
3 0.3769372882456528 0.7963604492361863 0.07739881303532492 0.14464088534372693
3 0.259375 0.5890625 0.078125 0.040625
4 0.06484375 0.784375 0.1296875 0.43125
4 0.234375 0.79609375 0.225 0.4078125
4 0.403125 0.91484375 0.328125 0.1703125
5 0.4109375 0.784375 0.35625 0.43125
5 0.24375 0.784375 0.365625 0.43125
5 0.0984375 0.784375 0.196875 0.43125
8 0.84453125 0.784375 0.3109375 0.43125