4 0.175 0.08984375 0.35 0.1796875
5 0.175 0.08984375 0.35 0.1796875
8 0.675 0.08984375 0.65 0.1796875
8 0.175 0.5796875 0.35 0.8
8 0.02265625 0.378125 0.0453125 0.125
8 0.0421875 0.42734375 0.084375 0.2171875
8 0.071875 0.415625 0.14375 0.24375
8 0.11413820540963542 0.4295451192314138 0.13411242134838516 0.22498291335136286
8 0.2608813952029809 0.4504923238781419 0.1729567527304745 0.18793744668999893
8 0.29921875 0.45078125 0.1015625 0.1671875
8 0.32109375 0.44921875 0.0578125 0.1703125
8 0.34375 0.46171875 0.0125 0.1421875
3 0.8244671722321482 0.3920745806015485 0.09245112041330898 0.04638519867918127
2 0.8638341992613153 0.3392762972629123 0.12221134328594588 0.059230644016544695
4 0.8137518651487516 0.4882865092695939 0.24813855991206682 0.2200601507001803
5 0.74609375 0.63046875 0.5078125 0.7078125