7 0.08671875 0.04609375 0.0390625 0.0921875
7 0.04453125 0.07253971335931694 0.0671875 0.13203179734245402
7 0.12421875 0.07346696137013468 0.0578125 0.12098520934118148
7 0.16953125 0.07633797004295265 0.0390625 0.09889203333863605
7 0.19453125 0.1281913713796797 0.0703125 0.16956816000954494
7 0.24609375 0.05144760538667934 0.04375 0.09425907733927241
7 0.2703125 0.13376066605663367 0.0671875 0.12265679734245402
7 0.3046875 0.09041065539463355 0.028125 0.07532726400381798
7 0.35078125 0.1526657547342241 0.0984375 0.1886454240133631
7 0.4078125 0.0962981234086329 0.0375 0.10199885200509069
7 0.42421875 0.12578125 0.0515625 0.1265625
0 0.43828125 0.0203125 0.0234375 0.034375
0 0.425 0.0125 0.025 0.025
0 0.371875 0.01953125 0.046875 0.0390625
0 0.303125 0.027111224061088103 0.01875 0.025218176002545344
0 0.2828125 0.0171875 0.034375 0.034375
0 0.2140625 0.0046875 0.04375 0.009375
0 0.18671875 0.00625 0.0171875 0.0125
3 0.0609375 0.00546875 0.015625 0.0109375
3 0.12109375 0.00858684870304378 0.015625 0.01424431333545444
3 0.190625 0.026583418045816078 0.0109375 0.012627269334818081
3 0.21640625 0.03157091004931591 0.0203125 0.0174238573360908
3 0.25 0.00625 0.015625 0.0125
3 0.296875 0.03719474872690629 0.00625 0.009447725334181811
3 0.2859375 0.05425497939208821 0.0140625 0.012663632001908986
3 0.371875 0.06697370273708766 0.0171875 0.023637494668999892
3 0.44296875 0.0546875 0.0140625 0.015625
5 0.07578125 0.125 0.0703125 0.25
5 0.046875 0.15234375 0.09375 0.3046875
5 0.12265625 0.1453125 0.1078125 0.290625
5 0.16953125 0.10546875 0.0515625 0.2109375
5 0.2 0.2046875 0.1125 0.409375
5 0.2421875 0.128125 0.0625 0.25625
5 0.2734375 0.01015625 0.01875 0.0203125
5 0.30078125 0.11302145206076997 0.0390625 0.20045453333863605
5 0.27265625 0.14765625 0.0859375 0.2953125
5 0.38515625 0.09915949407222398 0.025 0.08466590133672706
5 0.35078125 0.2140625 0.1203125 0.428125
5 0.40859375 0.13828125 0.0609375 0.2765625
5 0.4203125 0.17734375 0.059375 0.3484375
9 0.725 0.2296875 0.55 0.459375
4 0.40234375 0.7609375 0.0953125 0.453125
5 0.38828125 0.7296875 0.1234375 0.540625