0 0.35177262002052545 0.109375 0.08637383723582168 0.075
7 0.12317141793053973 0.29609375 0.07113063231716552 0.140625
1 0.10318564997655884 0.21796875 0.02208407825883114 0.0359375
1 0.36319645423128505 0.19296875 0.03153180113146803 0.0484375
1 0.00703125 0.1046875 0.0140625 0.03125
2 0.01953125 0.04765625 0.0390625 0.0546875
4 0.0234375 0.175 0.046875 0.128125
5 0.04140625 0.1578125 0.0828125 0.278125
5 0.12960322511213213 0.32734375 0.10203624043383427 0.35
5 0.3234375 0.28515625 0.190625 0.4578125
0 0.11697089402463057 0.1703125 0.04248748184962743 0.0515625
7 0.3226265172666098 0.33671875 0.1374828610435351 0.265625
1 0.7873101442210222 0.1375 0.14591246369925487 0.103125
2 0.78125 0.02578125 0.196875 0.0515625
4 0.7830276860809124 0.34140625 0.32887145120622296 0.396875
5 0.709375 0.36484375 0.58125 0.7296875
8 0.35 0.8359375 0.1375 0.2125
4 0.859375 0.83515625 0.28125 0.2109375
5 0.709375 0.86484375 0.58125 0.2703125