7 0.03515625 0.159375 0.0703125 0.315625
7 0.24296875 0.02890625 0.0484375 0.0578125
7 0.19765625 0.05078125 0.0796875 0.1015625
7 0.27734375 0.0515625 0.0703125 0.103125
7 0.3234375 0.04765625 0.046875 0.0953125
7 0.34472371018321335 0.09946262705260836 0.08695562021691713 0.17549996974937904
7 0.40234375 0.03671875 0.0515625 0.0734375
7 0.40546875 0.11015625 0.0484375 0.1296875
3 0.3484375 0.0015625 0.0125 0.003125
3 0.3734375 0.00703125 0.021875 0.0140625
5 0.08125 0.209375 0.1625 0.41875
5 0.2265625 0.10859375 0.1 0.2171875
5 0.1921875 0.1359375 0.134375 0.271875
5 0.27109375 0.13125 0.1390625 0.2625
5 0.321875 0.09140625 0.071875 0.1828125
5 0.3453125 0.19375 0.153125 0.3875
5 0.38984375 0.11640625 0.0796875 0.2328125
5 0.39765625 0.13828125 0.0640625 0.2765625
8 0.884375 0.1796875 0.23125 0.359375
8 0.71484375 0.209375 0.5703125 0.41875
8 0.21484375 0.7640625 0.4296875 0.471875
9 0.9515625 0.82421875 0.096875 0.2015625
0 0.9058197705862595 0.5560337721573934 0.07722609621281222 0.11450792759490121
3 0.8685106681269315 0.5890644407753042 0.03165906615858276 0.0704943071815924
0 0.8168754452542946 0.5768644226249316 0.03782725292686635 0.05646816861791084
7 0.8012373305965224 0.7089911213952675 0.08546584308955403 0.18799087939029935
7 0.8430844630118838 0.7845314768796576 0.164381704329481 0.3243828973442803
5 0.8359375 0.709375 0.259375 0.58125
5 0.79296875 0.73828125 0.1796875 0.5234375