1 0.16875 0.11015625 0.3375 0.2203125
4 0.2046875 0.27109375 0.409375 0.3359375
5 0.2046875 0.21953125 0.409375 0.4390625
8 0.6421875 0.21953125 0.465625 0.4390625
7 0.54140625 0.2925935836215844 0.034375 0.05801248789975162
5 0.55859375 0.30753732757146013 0.075 0.13949883723582168
4 0.15078125 0.51953125 0.3015625 0.1609375
5 0.1765625 0.66328125 0.353125 0.4484375
3 0.8734375 0.8089680173648057 0.009375 0.017242042154477843
2 0.67109375 0.8085720658639952 0.0125 0.015697722872636887
2 0.64453125 0.8131050297596417 0.0125 0.012572722872636888
2 0.884375 0.782469149878363 0.0171875 0.02041249394987581
2 0.87421875 0.7964725625443455 0.0125 0.01726022287263689
3 0.6734375 0.8210857014026146 0.009375 0.010992042154477844
3 0.64765625 0.829529460477801 0.0078125 0.007857951795397966
4 0.8890625 0.8582776709556018 0.0328125 0.0814408975406721
4 0.89921875 0.8505242582896194 0.021875 0.07356476502711473
4 0.90234375 0.8364799390077785 0.0265625 0.08140453610435339
2 0.88359375 0.7980896046988232 0.0109375 0.015688632513557364
5 0.90546875 0.8560293697259379 0.065625 0.17538179508134383
5 0.89921875 0.8700555082896194 0.0734375 0.1660522468767418
5 0.8828125 0.8793350595192834 0.0734375 0.18011474687674217
5 0.65546875 0.8905124122731991 0.0578125 0.17689884328594588
5 0.67890625 0.8953362676593933 0.0640625 0.19099770472226432