1 0.26484375 0.32890625 0.5296875 0.3796875
2 0.25078125 0.0984375 0.5015625 0.196875
4 0.26484375 0.37421875 0.5296875 0.2890625
5 0.26484375 0.259375 0.5296875 0.51875
1 0.67109375 0.15234375 0.2828125 0.2578125
4 0.76484375 0.396875 0.4703125 0.24375
5 0.76484375 0.259375 0.4703125 0.51875
2 0.03671875 0.54609375 0.0578125 0.0546875
2 0.2435702763417961 0.6426740172660941 0.05503293364502539 0.06001134667409058
3 0.28833735479701905 0.5483967585932761 0.045621572208706954 0.053652258672817865
3 0.1425344962875669 0.6000967132797752 0.03777271077238851 0.04731135200509069
3 0.057673682957654425 0.651868845958002 0.04876475292686626 0.05681362133990877
4 0.02734375 0.87734375 0.0546875 0.2453125
4 0.08608555014950951 0.8351444226209566 0.1549885236113216 0.3220942706874538
4 0.17641056829988208 0.7825274052753208 0.1502373910977642 0.3111022266868172
4 0.3015625 0.86171875 0.171875 0.2765625
7 0.3221452491162372 0.7191087005888217 0.1754101079202771 0.34108062802354444
7 0.47109375 0.678125 0.1171875 0.31875
5 0.05390625 0.78515625 0.1078125 0.4296875
5 0.10859375 0.759375 0.2171875 0.48125
5 0.1859375 0.759375 0.2625 0.48125
5 0.29296875 0.79609375 0.2421875 0.4078125
5 0.3421875 0.759375 0.284375 0.48125
5 0.4515625 0.759375 0.15625 0.48125
8 0.8890625 0.95234375 0.221875 0.0953125
9 0.753125 0.62890625 0.178125 0.2203125
0 0.6255873699223296 0.7942905139242762 0.01884999394987581 0.017405676002545258
5 0.6408401860809123 0.8644302912555946 0.06345448770335978 0.16478975334181775