1 0.209375 0.38125 0.41875 0.15625
2 0.209375 0.12421875 0.41875 0.2484375
5 0.209375 0.2296875 0.41875 0.459375
1 0.84453125 0.28203125 0.3109375 0.2703125
2 0.8296875 0.15 0.340625 0.096875
5 0.709375 0.25625 0.58125 0.40625
3 0.20757965408177553 0.73515625 0.07690793364502539 0.059375
2 0.1878580274219507 0.63359375 0.15078177088084707 0.134375
4 0.221875 0.8765625 0.1875 0.246875
5 0.1890625 0.77890625 0.378125 0.4421875
8 0.70703125 0.7578125 0.5765625 0.484375
5 0.5149467264868741 0.68671875 0.014307939695149586 0.0421875