4 0.0953125 0.29375 0.190625 0.475
1 0.1953125 0.2359375 0.390625 0.3375
2 0.17265625 0.06171875 0.3453125 0.1234375
5 0.2046875 0.359375 0.409375 0.71875
4 0.8484375 0.5125 0.303125 0.4125
5 0.7046875 0.359375 0.590625 0.71875
1 0.8766231499765589 0.2835003847530525 0.2249555899662962 0.26223742134838535
2 0.796875 0.0671875 0.259375 0.134375
7 0.0625 0.8125 0.125 0.1875
5 0.2046875 0.859375 0.409375 0.28125
4 0.796875 0.8109375 0.178125 0.184375
7 0.94453125 0.79609375 0.1109375 0.1546875
5 0.92421875 0.859375 0.1515625 0.28125
5 0.78046875 0.859375 0.3484375 0.28125