1 0.2390625 0.11328125 0.478125 0.2265625
4 0.33984375 0.26796875 0.6796875 0.1015625
5 0.33984375 0.159375 0.6796875 0.31875
5 0.83984375 0.159375 0.3203125 0.31875
1 0.796875 0.2578125 0.1875 0.121875
2 0.8109375 0.0375 0.209375 0.075
6 0.58828125 0.640625 0.1828125 0.64375
6 0.33046875 0.634375 0.3546875 0.63125
6 0.071875 0.68125 0.14375 0.453125
2 0.83515625 0.5157508451326576 0.1125 0.13034200585373235
1 0.81328125 0.591404830105543 0.04375 0.056504530054229285
4 0.81015625 0.36875 0.0921875 0.1
4 0.83125 0.81640625 0.171875 0.3671875
5 0.78046875 0.4421875 0.2015625 0.246875
5 0.809375 0.725 0.246875 0.55