1 0.38203125 0.134375 0.4359375 0.26875
4 0.3 0.309375 0.6 0.140625
5 0.3 0.18984375 0.6 0.3796875
8 0.35625 0.64921875 0.4875 0.5390625
0 0.48458161660267984 0.6599502970262515 0.029851126463433176 0.028297716822512697
0 0.213342420857406 0.6333731197259379 0.04242384933607006 0.040870439695149585
0 0.17578333352338849 0.622998701108027 0.029887487899751618 0.034547716822512696
0 0.14122652634179617 0.5915487132082754 0.042442030054229286 0.04399543969514959
0 0.03820606547121175 0.6089174995090206 0.02675339754067201 0.032967036104353475
0 0.021595282391920368 0.5736658007386847 0.029878397540671918 0.032985216822512695
3 0.1265736738824681 0.624274854797019 0.012581813231716588 0.014135222872636887
3 0.17829980034590118 0.6526998366466465 0.01729658430895533 0.01884999394987581
3 0.20341342983439645 0.6723765323919203 0.01886817466803503 0.020421584308955333
1 0.4808480834251926 0.6896150711285525 0.020421584308955333 0.01886817466803503
7 0.48122078814745695 0.7536775711285525 0.056877234776493604 0.10813975292686635
7 0.2334509086589617 0.7327054992144332 0.07426472267624522 0.14261474687674217
7 0.1770600080932277 0.7081594962875668 0.050654505853732525 0.11279089149054791
7 0.13244239968197125 0.6930566710537978 0.06946813836728971 0.12383747579950324
7 0.04755886045435984 0.7394362464839586 0.033257927594901204 0.07675339754067192
7 0.025 0.68671875 0.05 0.1453125
5 0.03046875 0.75078125 0.0609375 0.4015625
5 0.03984375 0.7578125 0.0796875 0.33125
5 0.12503442066101425 0.7625424692583996 0.10071918012898404 0.39276019262201595
5 0.1743486194313503 0.7792350655694076 0.07081351151107321 0.3550874757995032
5 0.22133270374030573 0.7982577763417961 0.10997600546094902 0.3725022347764938
5 0.4673764567653677 0.791095757896836 0.10331693930236625 0.30215337334017534
8 0.6953125 0.7328125 0.190625 0.44375
5 0.615625 0.7265625 0.03125 0.140625
5 0.7059652163315334 0.5692288064942213 0.033267017953980904 0.07831589754067192