1 0.196875 0.22265625 0.184375 0.3203125
4 0.14453125 0.42265625 0.2890625 0.3140625
5 0.14453125 0.28984375 0.2890625 0.5796875
8 0.396875 0.365625 0.215625 0.428125
7 0.5629492740690423 0.23278139660250297 0.01587953866963616 0.02205681333545435
5 0.5644299580680878 0.22573196526895742 0.019277258672817866 0.045530676002545435
8 0.66875 0.28984375 0.6625 0.5796875
8 0.66484375 0.240625 0.4203125 0.48125
1 0.17734375 0.884375 0.2234375 0.23125
2 0.22109375 0.68359375 0.1359375 0.2078125
5 0.14453125 0.78984375 0.2890625 0.4203125
8 0.56015625 0.80546875 0.5421875 0.3890625
8 0.55625 0.69453125 0.534375 0.2296875