1 0.29453125 0.33984375 0.3484375 0.3578125
2 0.284375 0.08984375 0.36875 0.1796875
4 0.234375 0.471875 0.46875 0.134375
5 0.234375 0.26953125 0.46875 0.5390625
8 0.90078125 0.16640625 0.1984375 0.3328125
6 0.3629029583365016 0.66328125 0.023710210772388506 0.046875
6 0.3105955697728201 0.65703125 0.01739657825883123 0.0359375
6 0.21186665740142518 0.84140625 0.060065867290050964 0.11875
6 0.21318423858712263 0.74921875 0.04262383723582168 0.075
6 0.17902740720503346 0.71171875 0.022102258976990453 0.0390625
6 0.16818990115490925 0.69453125 0.01422612646343313 0.028125
6 0.02190070843469748 0.728125 0.014226126463433108 0.028125
6 0.03997399756411309 0.71015625 0.009493174668035032 0.0203125
6 0.2793546601318997 0.65546875 0.012636355386194254 0.0234375
9 0.2859375 0.840625 0.365625 0.31875
5 0.72890625 0.76953125 0.5203125 0.4609375
4 0.69296875 0.76953125 0.4484375 0.4609375
1 0.6515625 0.58671875 0.203125 0.0953125