1 0.39921875 0.1859375 0.5390625 0.321875
2 0.35390625 0.01875 0.5703125 0.0375
4 0.334375 0.4765625 0.66875 0.346875
5 0.334375 0.325 0.66875 0.65
1 0.834375 0.2265625 0.33125 0.240625
2 0.8421875 0.03984375 0.315625 0.0796875
5 0.834375 0.325 0.33125 0.65
4 0.834375 0.46640625 0.33125 0.3671875
7 0.359375 0.79375 0.1125 0.2875
7 0.20924247139558805 0.7778583970496926 0.08037948535963509 0.1942045179539808
0 0.20703125 0.659375 0.0421875 0.01875
5 0.20546875 0.825 0.1484375 0.35
5 0.3375 0.825 0.2875 0.35
9 0.3714884800684059 0.824111749214433 0.17058631468808994 0.1587942587805987
9 0.4899839413987698 0.8029276165044841 0.10261701734563573 0.09121587334017525
5 0.92109375 0.825 0.1578125 0.35