1 0.25625 0.39296875 0.446875 0.3453125
2 0.353125 0.1796875 0.253125 0.215625
4 0.23984375 0.50625 0.4796875 0.165625
5 0.23984375 0.29453125 0.4796875 0.5890625
4 0.8582822161351416 0.23384686015977216 0.2509191680287358 0.4280078670936593
3 0.8390625 0.02734375 0.071875 0.0546875
5 0.790625 0.29453125 0.41875 0.5890625
6 0.25625 0.79453125 0.446875 0.4109375
0 0.5359375 0.78515625 0.1125 0.0921875
3 0.5015625 0.8359375 0.04375 0.05
4 0.665625 0.90390625 0.303125 0.1921875
5 0.73984375 0.865625 0.5203125 0.26875