1 0.353125 0.328125 0.4625 0.2625
0 0.39453125 0.1 0.5171875 0.2
4 0.334375 0.3984375 0.66875 0.121875
5 0.334375 0.2296875 0.66875 0.459375
2 0.07265625 0.5160370486955812 0.05625 0.05813975292686617
2 0.16953125 0.5006296964326449 0.065625 0.05663179508134384
2 0.23515625 0.678372901351301 0.0546875 0.05969316256778647
0 0.321875 0.5075558864223823 0.0828125 0.08641928903121965
0 0.5125 0.5189468626146688 0.065625 0.08319429508134384
0 0.628125 0.5659304260427771 0.0734375 0.08011474687674199
3 0.6140625 0.6706997392744937 0.05 0.06122839149054791
3 0.49296875 0.6206229921031641 0.0453125 0.04713862041330898
3 0.309375 0.6037223592950192 0.046875 0.05496021077238851
3 0.153125 0.6046313952029809 0.0375 0.04865566861791084
3 0.05546875 0.6255120426454571 0.0484375 0.05496930113146803
4 0.04765625 0.809375 0.0953125 0.325
4 0.125 0.7899512716664139 0.1453125 0.31490790339440433
4 0.2078125 0.884375 0.165625 0.23125
7 0.284375 0.779649055040293 0.1703125 0.34161584913967824
7 0.46875 0.7957638926688981 0.16875 0.3291067587805987
7 0.58671875 0.840625 0.1640625 0.31875
5 0.07265625 0.73828125 0.1453125 0.5234375
5 0.12578125 0.73125 0.2484375 0.5375
5 0.2109375 0.81640625 0.23125 0.3671875
5 0.2921875 0.7296875 0.26875 0.540625
5 0.45859375 0.73046875 0.2484375 0.5390625
5 0.56484375 0.75390625 0.2078125 0.4921875
9 0.6578125 0.78671875 0.021875 0.1609375
8 0.8953125 0.84765625 0.209375 0.3046875
8 0.72890625 0.8546875 0.1203125 0.23125