1 0.1296875 0.3140625 0.259375 0.190625
2 0.06953125 0.16875 0.1390625 0.1875
5 0.1296875 0.215625 0.259375 0.3875
8 0.6296875 0.17265625 0.740625 0.3453125
2 0.0109375 0.96953125 0.021875 0.0609375
3 0.7173993220480432 0.5276310340944956 0.04251476400381797 0.02861589600572696
4 0.36484375 0.44375 0.2109375 0.06875
4 0.7627669133911337 0.6000242021005409 0.15321700135263558 0.14395108935390813
0 0.7560891047103617 0.4960543174331318 0.11945907200827222 0.06231928134945388
5 0.42890625 0.53515625 0.3390625 0.2515625
5 0.6784742767345422 0.6732520694223141 0.39557032272436105 0.42954533338636125