1 0.121875 0.153125 0.24375 0.30625
4 0.209375 0.340625 0.41875 0.25625
5 0.209375 0.234375 0.41875 0.46875
5 0.9671875 0.1515625 0.065625 0.303125
5 0.53046875 0.234375 0.2234375 0.46875
0 0.02890625 0.66640625 0.0578125 0.1046875
0 0.0740748668972675 0.7265887293155446 0.06130111436318471 0.0628545240041051
0 0.2381237313586481 0.7232904916121847 0.08800906010845858 0.08800906010845858
0 0.3062697433607006 0.7533638109922214 0.06447156615858277 0.07068520472226432
3 0.01171875 0.74609375 0.0234375 0.0515625
3 0.07675041500367356 0.7836063437769252 0.022038626463433176 0.028252265027114733
3 0.2517958667990716 0.790400723560008 0.018922716822512696 0.02979658430895533
3 0.29485552038986784 0.8057757386853185 0.03456589754067192 0.03301248789975162
4 0.3859375 0.93671875 0.065625 0.1265625
4 0.26796875 0.91171875 0.1421875 0.1765625
4 0.17109375 0.896875 0.1546875 0.20625
4 0.0515625 0.9 0.103125 0.2
5 0.0734375 0.84296875 0.146875 0.3140625
5 0.16875 0.83359375 0.265625 0.3328125
5 0.2578125 0.85390625 0.25 0.2921875
5 0.3484375 0.87890625 0.140625 0.2421875
6 0.4765625 0.51953125 0.115625 0.1015625
6 0.54140625 0.58046875 0.2078125 0.2234375
6 0.9390625 0.778125 0.121875 0.44375
5 0.80703125 0.58046875 0.3171875 0.2234375