1 0.23203125 0.3125 0.2953125 0.38125
2 0.26484375 0.08359375 0.2296875 0.1671875
4 0.18984375 0.46796875 0.3796875 0.2234375
5 0.18984375 0.28984375 0.3796875 0.5796875
2 0.7993727652235064 0.07664639675510507 0.10821247579950324 0.0693772347764936
4 0.8113864310127468 0.160312869627742 0.1790340359079618 0.15728630093507645
3 0.8014256237329587 0.1266600322937245 0.0720658975406721 0.03323065651766242
5 0.8062807744950844 0.23216059855050317 0.30539758976990433 0.3923885296614459
2 0.04742586573792682 0.8595907069617595 0.048719301131468204 0.04871930113146803
4 0.05703125 0.9515625 0.1140625 0.096875
5 0.08046875 0.890625 0.1609375 0.21875
9 0.68984375 0.78984375 0.6203125 0.4203125