1 0.30300019662903666 0.24535638915285674 0.6049248910977643 0.3128838786047325
2 0.325 0.02421875 0.65 0.0484375
4 0.325 0.4109375 0.65 0.215625
5 0.325 0.259375 0.65 0.51875
3 0.07824109114464654 0.5597921147559681 0.09421360831306051 0.08023292154477701
3 0.34765625 0.54453125 0.1046875 0.0515625
3 0.58671875 0.59140625 0.1265625 0.1453125
4 0.60546875 0.8171875 0.0890625 0.365625
4 0.36796875 0.8 0.2671875 0.4
4 0.1113252601553408 0.7814671268562166 0.21308282474278978 0.36997719847574845
5 0.1359375 0.759375 0.271875 0.48125
5 0.340625 0.759375 0.340625 0.48125
5 0.5390625 0.759375 0.221875 0.48125
1 0.8328125 0.6265625 0.334375 0.215625
4 0.825 0.8484375 0.35 0.303125
5 0.825 0.759375 0.35 0.48125