1 0.3015625 0.4234375 0.5 0.271875
0 0.28923417506081844 0.24511688407063312 0.4302238311856975 0.09718736672499731
5 0.31484375 0.3703125 0.6296875 0.378125
1 0.915625 0.2 0.16875 0.253125
2 0.8734375 0.02578125 0.253125 0.0515625
4 0.81484375 0.43125 0.3703125 0.25625
5 0.81484375 0.2796875 0.3703125 0.559375
8 0.31484375 0.7796875 0.6296875 0.440625
5 0.384375 0.6890625 0.140625 0.259375
7 0.39140625 0.628125 0.1140625 0.1375
7 0.05625 0.88046875 0.1125 0.2390625
0 0.057875090751863124 0.7168089760502705 0.07392837939029935 0.08522952267663583
5 0.134375 0.83359375 0.26875 0.3328125
5 0.6433939133533535 0.7244327614178598 0.02064884328594587 0.05804885733609062