0 0.01015625 0.3 0.0203125 0.028125
0 0.05916293920417033 0.2967598078689634 0.05184430113146821 0.04873748184962743
0 0.10524759884509072 0.29492914227611466 0.01886817466803503 0.020421584308955333
0 0.11851521330647134 0.2925081242239379 0.020430674668035033 0.020430674668035033
0 0.1473441952542945 0.279058702580965 0.036137487899751616 0.03458407825883114
0 0.18230500253408274 0.2452604195016736 0.028279536104353475 0.026726126463433086
0 0.21570330981387098 0.21147122678146185 0.04402271077238851 0.047129530054229284
0 0.21759306274073725 0.26771213642238223 0.07703519867214012 0.0816954275949012
0 0.28405840007475475 0.27748204616149846 0.023592036104353474 0.026698855386194254
0 0.30350783684303817 0.2633059166730033 0.012563632513557365 0.011010222872636888
7 0.3059833970496927 0.2859485311343838 0.017360216822512698 0.029787493949875808
0 0.3183197705862595 0.25775080826174684 0.028288626463433175 0.028288626463433175
0 0.35332148448190603 0.23098377518245544 0.034556807181592396 0.03144998789975162
0 0.4166118248409857 0.23217811563973095 0.026726126463433177 0.028279536104353475
0 0.460352734481906 0.23036108558550167 0.0251545361043533 0.026707945745273864
0 0.51103853571157 0.21365939891541408 0.04082498789975162 0.03461134933607006
0 0.5469896712501896 0.2157940706565829 0.04400453005422946 0.04400453005422929
7 0.55546875 0.32578125 0.0671875 0.1265625
7 0.5263686199223298 0.29716679050415773 0.0803783672900508 0.11921360831306052
7 0.4779947524358869 0.3083860916356259 0.07402837334017498 0.10198974687674198
7 0.4358390686926656 0.31410028133077555 0.0506181444174139 0.10654089149054773
7 0.37805838494944427 0.3199053746167214 0.07725336729005079 0.11919542759490129
7 0.3374742915653025 0.32717297395279143 0.06309087334017516 0.1019261143631847
7 0.30315383371978016 0.336747961852543 0.04893746974937905 0.08621930113146821
7 0.1928884994108248 0.3186388321676561 0.04892837939029935 0.0846568011314682
7 0.13203125 0.35234375 0.0515625 0.0734375
7 0.11651235177195698 0.3511155097625574 0.01906816256778665 0.05479658430895533
7 0.04864814090137255 0.3694796903825207 0.022020445745273776 0.02512726502711473
7 0.0296875 0.35625 0.059375 0.065625
7 0.0875 0.3578125 0.1125 0.0625
7 0.16953125 0.3453125 0.0859375 0.0875
7 0.2608390686926656 0.3151184015476927 0.07266586123992677 0.13635565651766246
7 0.25078125 0.3578125 0.1359375 0.0625
3 0.013246451206222875 0.32749672346181213 0.01571590359079611 0.01571590359079611
3 0.05785496925839961 0.34051889822804304 0.011055674668035032 0.020376132513557365
3 0.1092674783335859 0.31443766637841564 0.009438632513557366 0.010992042154477666
3 0.12253509279496652 0.3120166483262389 0.012563632513557365 0.011010222872636888
3 0.15219986689726744 0.30793768150372614 0.020421584308955333 0.01886817466803503
0 0.14123509582002863 0.3033138140172834 0.00947499394987581 0.017242042154477666
3 0.18713340309981685 0.2694518984244348 0.014144313231716587 0.014144313231716587
3 0.20618793012898404 0.32168656411547936 0.012663626463433175 0.028197722872636888
3 0.28808736992232953 0.2985530702637994 0.011001132513557365 0.011001132513557365
3 0.3239430566906131 0.2842814920049682 0.014144313231716587 0.014144313231716587
3 0.35973965612487896 0.259853663746137 0.02041249394987581 0.01730567466803503
1 0.42455158986810027 0.2540076638443328 0.011064765027114731 0.021938632513557366
3 0.46596238504764004 0.25454801932872295 0.01727840359079593 0.01572499394987581
3 0.511229433252242 0.24647189891541407 0.015734084308955332 0.0188409035907962
3 0.5487612495090207 0.2517224802975032 0.01731476502711473 0.021974993949875808
5 0.5390625 0.28828125 0.1 0.2015625
5 0.534375 0.29140625 0.109375 0.1953125
5 0.484375 0.30078125 0.1125 0.1765625
5 0.45625 0.29921875 0.125 0.1796875
5 0.38203125 0.29921875 0.1234375 0.1796875
5 0.30671919525429453 0.278131485954844 0.025254530054229462 0.04389544574527386
5 0.3421875 0.3140625 0.1 0.15
5 0.3078125 0.32421875 0.078125 0.1296875
5 0.2734375 0.284375 0.159375 0.209375
5 0.1904765717177277 0.30693371770627553 0.06653403590796181 0.15663179508134392
5 0.18203125 0.32109375 0.1421875 0.1359375
5 0.13828125 0.33359375 0.0796875 0.1109375
5 0.125 0.33515625 0.059375 0.1078125
5 0.1015625 0.3265625 0.171875 0.125
5 0.0421875 0.334375 0.084375 0.109375
5 0.27265625 0.30390625 0.2234375 0.1703125
4 0.340625 0.52421875 0.328125 0.2703125
5 0.36875 0.69453125 0.440625 0.6109375
0 0.6188010387366322 0.4120904129605701 0.03774543969514976 0.04240566861791084
0 0.7497061259724538 0.486331367977422 0.029932939695149586 0.042360216822512696
0 0.8465771016737611 0.6193660608940255 0.02677157825883114 0.03609203610435348
0 0.7566651739806639 0.6081700065411035 0.029932939695149586 0.042360216822512696
3 0.6353436441228264 0.4354324641902341 0.01726931323171659 0.01416249394987581
0 0.9398145381474571 0.7992984797083281 0.02519998789975162 0.03452044574527378
0 0.996875 0.79765625 0.00625 0.0328125
7 0.98828125 0.80546875 0.0234375 0.0609375
7 0.8458776649054777 0.6334331060735654 0.04410452400410492 0.06119203005422928
7 0.7669032372123805 0.622173419207086 0.06768746974937905 0.08632838544042354
7 0.7545299813586481 0.5097415969001832 0.058276108313060425 0.08002384328594588
7 0.6479936350476401 0.4611409913175971 0.08816359621281204 0.11457156010845856
5 0.66328125 0.49453125 0.1265625 0.2109375
5 0.76722087889932 0.5424813740275463 0.09471357806243948 0.16617042154477701
5 0.7857623215213361 0.6408143348981306 0.10546927088084716 0.13498405405833439
5 0.8561384540348932 0.6513427687395478 0.07562723477649343 0.10824883723582168
5 0.9422628272768726 0.8172535941697087 0.04893746974937905 0.08621930113146829
5 0.98828125 0.81953125 0.0234375 0.0890625