4 0.1046875 0.43671875 0.209375 0.1640625
5 0.11484375 0.2609375 0.2296875 0.515625
8 0.8375 0.384375 0.2 0.26875
0 0.6042211392823205 0.10840531411547935 0.01736931333545435 0.01572499394987581
5 0.6119967292727756 0.17866781714054145 0.050328358688726385 0.1627818011314682
7 0.3331262945974123 0.24434840105671346 0.03037839067472694 0.0595477168225127
7 0.24296875 0.36953125 0.0265625 0.0421875
7 0.2390625 0.43515625 0.01875 0.0640625
0 0.23994791191918555 0.33004098224241074 0.019022720003181705 0.023546584308955332
0 0.3305740066040938 0.19514783177487266 0.017442038669636162 0.021974993949875808
5 0.335933121260367 0.2716739703385541 0.04898403469127164 0.18152271077238852
5 0.24921875 0.4046875 0.0390625 0.175
5 0.24921875 0.44765625 0.0390625 0.1421875
0 0.24375 0.83515625 0.028125 0.1671875
3 0.240625 0.90546875 0.021875 0.0265625
7 0.31328125 0.9 0.1671875 0.2
5 0.359375 0.86484375 0.259375 0.2703125