1 0.2015625 0.28046875 0.403125 0.3796875
2 0.1921875 0.09453125 0.384375 0.1296875
4 0.31484375 0.553125 0.6296875 0.29375
5 0.31484375 0.35 0.6296875 0.7
3 0.93984375 0.00703125 0.0265625 0.0140625
5 0.87578125 0.35 0.2484375 0.7
5 0.31484375 0.834375 0.6296875 0.26875
6 0.79765625 0.98359375 0.0234375 0.0328125
6 0.7831515913828614 0.96796875 0.020767033338636054 0.0390625
6 0.7595140967138615 0.95078125 0.017587489337999786 0.034375
6 0.7382658053787252 0.9375 0.012790901336727067 0.025
6 0.7530550113780888 0.9328125 0.014353401336727068 0.025
6 0.9314163687141797 0.953125 0.014335220003181704 0.0234375
6 0.8625754620464523 0.9453125 0.009574994668999892 0.0171875
6 0.8328125 0.99140625 0.025 0.0171875
6 0.8117123960454979 0.93828125 0.011210220003181703 0.0234375
6 0.6730947913749071 0.909375 0.012772720003181703 0.0234375
6 0.7434981980426344 0.9171875 0.012754538669636162 0.021875
6 0.7990942173774525 0.928125 0.011192038669636074 0.021875
6 0.8961237587125888 0.94140625 0.011192038669636162 0.021875
6 0.9743760280474069 0.95234375 0.009593176002545434 0.01875
6 0.84609375 0.978125 0.0359375 0.04375
6 0.8296875 0.9765625 0.03125 0.046875