4 0.25 0.16953125 0.5 0.3390625
5 0.25 0.16953125 0.5 0.3390625
0 0.7288643016224474 0.12246781411547936 0.05519656010845857 0.08781816256778666
3 0.7083109071068376 0.16399223878351438 0.03479315651766228 0.07207498789975161
7 0.653400693309387 0.202591651351301 0.1071499455488821 0.15530564441741398
5 0.6793364794137405 0.17587916042648732 0.1575226502711466 0.21965903590796182
7 0.43203125 0.7375 0.1359375 0.525
5 0.40859375 0.66953125 0.1828125 0.6609375
8 0.6046875 0.6046875 0.209375 0.328125
8 0.559375 0.6390625 0.11875 0.6
0 0.5731354346269841 0.6330467658126816 0.004714771077238921 0.004714771077238921
7 0.5738076003180288 0.6517922206331418 0.007939765027114732 0.021920451795397967
5 0.5729854437021704 0.6588280158126816 0.012836343285945873 0.057885222872636886
9 0.5800576003180288 0.6517558591968233 0.03935339149054791 0.05022725897699036
8 0.6255019105246833 0.6288359887835144 0.039307939695149584 0.04241475897699054
8 0.6769053292407898 0.655879756933887 0.05029998184962743 0.051853391490547907
8 0.7324058954975685 0.6500882991865605 0.031586343285945874 0.057994307181592396
8 0.7526911244203296 0.6546576245185255 0.03784543364502539 0.05959316861791084
8 0.7808252147794092 0.6529314980550924 0.04103406615858276 0.07054884933607006
8 0.8128246485226306 0.6582138956939602 0.051962475799503235 0.06904998184962743
8 0.8644371454975686 0.6493201638443329 0.041170421544777014 0.09398634933607006
8 0.8799848774453917 0.6625105102535367 0.03951701795398108 0.07835225897699054
8 0.905738856368153 0.6670480193287229 0.03321247579950324 0.06894089754067209
9 0.971875 0.6875 0.05625 0.1