4 0.3296875 0.21484375 0.659375 0.4296875
5 0.3296875 0.21484375 0.659375 0.4296875
0 0.73828125 0.33828125 0.1578125 0.1828125
7 0.903125 0.08984375 0.19375 0.1796875
3 0.7203125 0.0375 0.121875 0.075
3 0.80234375 0.39296875 0.1234375 0.0734375
0 0.709375 0.10234375 0.1 0.2046875
5 0.8296875 0.12265625 0.340625 0.2453125
5 0.8296875 0.2765625 0.340625 0.30625
0 0.19609375 0.6569643312778661 0.190625 0.17565562269254437
3 0.27734375 0.6935189019335031 0.090625 0.07605451734563573
4 0.32890625 0.82734375 0.3015625 0.3453125
5 0.2796875 0.71484375 0.503125 0.5703125
8 0.8296875 0.628125 0.340625 0.396875
8 0.75234375 0.7625 0.1859375 0.475