2 0.16484375 0.21796875 0.3296875 0.2328125
5 0.16484375 0.28125 0.3296875 0.415625
1 0.74375 0.35234375 0.5125 0.2734375
2 0.66484375 0.08984375 0.6703125 0.1796875
4 0.66484375 0.4203125 0.6703125 0.1375
5 0.66484375 0.24453125 0.6703125 0.4890625
1 0.16484375 0.89453125 0.3296875 0.2109375
2 0.16484375 0.6984375 0.3296875 0.234375
5 0.16484375 0.78125 0.3296875 0.4375
6 0.7789268923743105 0.9450014870159889 0.033076120413308985 0.0455033975406721
9 0.58203125 0.78515625 0.5046875 0.4296875
3 0.8132802082383058 0.6803486345566607 0.05198065651766237 0.07217498184962742
0 0.8186540303488169 0.5624071556338996 0.13044199980360816 0.13044199980360816
7 0.88203125 0.83359375 0.2359375 0.3328125
5 0.86875 0.74453125 0.2625 0.5109375