3 0.055544455409635374 0.12814265983731216 0.032948855386194256 0.02362839754067192
3 0.10499046438662582 0.08879381352630418 0.02198408430895542 0.01887726502711473
3 0.17444444633444908 0.10167054254726118 0.028252265027114642 0.022038626463433176
3 0.21015625 0.09609375 0.0171875 0.0203125
0 0.20703125 0.05 0.0234375 0.0375
0 0.1739313619272978 0.05558133772680098 0.0455761204133089 0.0455761204133089
0 0.10759783479993475 0.043467677987684715 0.04402271077238855 0.047129530054229284
0 0.05588988905466086 0.06876765983731215 0.05498748184962739 0.05188066256778665
7 0.2015625 0.13984375 0.034375 0.0796875
7 0.1640625 0.1890625 0.109375 0.1625
7 0.1107223139190876 0.17781995208998563 0.08218630698520064 0.16141019867214013
7 0.05546875 0.22265625 0.1109375 0.2109375
5 0.20078125 0.22578125 0.0359375 0.3984375
5 0.16015625 0.265625 0.1171875 0.46875
5 0.11419222668326597 0.2527972261922867 0.09806687880112416 0.4739920119038567
5 0.065625 0.2703125 0.13125 0.459375
7 0.6645422055078313 0.2908047236582038 0.09389648750696811 0.29428633118569747
7 0.8193751512531051 0.2649047781093217 0.0683419756031114 0.19882838544042353
0 0.6682540545493137 0.05563483811958445 0.04242384933607006 0.040870439695149675
0 0.8092875998270493 0.11887466062287903 0.03789088544042363 0.06740566861791084
5 0.825 0.25 0.10625 0.5
5 0.69140625 0.25 0.2296875 0.5
9 0.6549763079671592 0.3236717658126816 0.16495335518980242 0.15407948770335977
9 0.5324018711988758 0.31032285900043155 0.10050906010845857 0.08808178298109545
3 0.9397144014494968 0.6393548113850048 0.05866699375348396 0.14721134328594587
4 0.54375 0.7125 0.175 0.425
4 0.7921875 0.70546875 0.165625 0.4109375
4 0.934375 0.84375 0.13125 0.3125
5 0.9328125 0.75 0.134375 0.5
5 0.79921875 0.75 0.2390625 0.5
5 0.53359375 0.75 0.2734375 0.5