2 0.3296875 0.1984375 0.540625 0.240625
5 0.3 0.22109375 0.6 0.2953125
8 0.06875 0.484375 0.1375 0.128125
8 0.26773396330647137 0.5359375 0.22151242739850954 0.20625
8 0.3 0.684375 0.6 0.63125
2 0.2698777254067197 0.5015625 0.01416249394987581 0.0171875
3 0.270772604895215 0.52109375 0.01101931323171641 0.0140625
5 0.27794021028140925 0.54453125 0.04281473477649378 0.1078125
4 0.2709544120768073 0.55234375 0.017442030054229285 0.04375
4 0.86015625 0.415625 0.2796875 0.09375
5 0.8328125 0.684375 0.334375 0.63125