1 0.0796875 0.2703125 0.159375 0.28125
4 0.0796875 0.571875 0.159375 0.375
5 0.0796875 0.3796875 0.159375 0.759375
0 0.51875 0.0703125 0.184375 0.140625
3 0.4859375 0.20686009582002862 0.0671875 0.07382838544042354
7 0.45703125 0.44921875 0.4078125 0.6203125
5 0.49453125 0.3796875 0.4859375 0.759375
0 0.79765625 0.95703125 0.0515625 0.0859375
0 0.7515625 0.8046875 0.128125 0.090625
7 0.70078125 0.96484375 0.2078125 0.0703125
5 0.80703125 0.96171875 0.0984375 0.0765625
5 0.6875 0.8796875 0.275 0.240625