5 0.25 0.325 0.5 0.65
4 0.25 0.478125 0.5 0.34375
1 0.346875 0.22265625 0.30625 0.2640625
1 0.5922743792921035 0.10431095126513949 0.10703177088084707 0.13561133068109027
1 0.9375 0.19140625 0.125 0.1453125
2 0.9327675690854491 0.07769117055223254 0.11765110831306061 0.08105110001590839
2 0.63359375 0.00625 0.1515625 0.0125
4 0.6375 0.434375 0.275 0.43125
4 0.88828125 0.45859375 0.2234375 0.3828125
5 0.69765625 0.325 0.3953125 0.65
5 0.87265625 0.33125 0.2546875 0.6375
7 0.31875 0.6859375 0.13125 0.071875
5 0.3421875 0.825 0.228125 0.35
8 0.75 0.825 0.5 0.35