1 0.159375 0.47265625 0.31875 0.3328125
2 0.159375 0.2015625 0.31875 0.215625
5 0.159375 0.35078125 0.31875 0.5765625
0 0.3859375 0.1171875 0.134375 0.125
0 0.91796875 0.23203125 0.1640625 0.1328125
0 0.5373631237329586 0.044835073400678715 0.1285795179539809 0.07961586935072647
2 0.5672950216664141 0.2717612000715876 0.18789997579950324 0.07093176002545346
9 0.678125 0.31953125 0.64375 0.6390625
3 0.5221103075743758 0.11497485073199698 0.08776362041330898 0.046330654678544914
3 0.93984375 0.34296875 0.1203125 0.0890625
3 0.35234375 0.20859375 0.0671875 0.0765625
3 0.5580649465308408 0.38103620273708766 0.12696247579950323 0.07022268801718105
4 0.56328125 0.51328125 0.3828125 0.2515625
4 0.91796875 0.5015625 0.1640625 0.275
7 0.384375 0.33125 0.13125 0.2875
4 0.5069211239293503 0.17417712806331526 0.2009817587805987 0.1710772106938169
5 0.53515625 0.134375 0.2796875 0.26875
5 0.878125 0.403125 0.24375 0.471875
5 0.57890625 0.43125 0.5109375 0.415625
5 0.3953125 0.45078125 0.153125 0.3765625
5 0.421875 0.26796875 0.20625 0.4765625
8 0.24296875 0.81953125 0.1515625 0.3609375
8 0.59296875 0.81953125 0.5484375 0.3609375
5 0.40546875 0.68359375 0.0828125 0.0890625