2 0.1046875 0.2421875 0.209375 0.159375
3 0.1625 0.4296875 0.325 0.178125
5 0.19453125 0.3203125 0.3890625 0.396875
1 0.72421875 0.340625 0.5515625 0.35625
2 0.709307864068597 0.14720381556940762 0.4317863311856974 0.0946964391059745
5 0.69453125 0.29375 0.6109375 0.45
2 0.0453125 0.7015625 0.090625 0.128125
3 0.057727183350437805 0.76168447208707 0.07237496974937904 0.08635565651766255
7 0.1078125 0.86640625 0.165625 0.2671875
5 0.1234375 0.55078125 0.06875 0.0640625
5 0.15703125 0.80859375 0.3140625 0.3828125
7 0.7921875 0.59296875 0.165625 0.1484375
5 0.8046875 0.759375 0.3875 0.48125