4 0.23984375 0.26875 0.4796875 0.221875
5 0.23984375 0.18984375 0.4796875 0.3796875
6 0.91328125 0.20438367659932127 0.1390625 0.30161813868554466
6 0.784375 0.12853988661682045 0.0828125 0.24158861067790854
6 0.5640625 0.0265625 0.05 0.053125
6 0.60625 0.04921875 0.0625 0.0984375
6 0.6921875 0.0828125 0.075 0.165625
1 0.19375 0.8171875 0.3875 0.271875
2 0.1890625 0.54921875 0.378125 0.1234375
5 0.23984375 0.73828125 0.4796875 0.5234375
4 0.6703125 0.4671875 0.2625 0.175
5 0.6484375 0.68984375 0.3375 0.6203125