5 0.2796875 0.2796875 0.559375 0.559375
4 0.2796875 0.46328125 0.559375 0.1921875
1 0.15234375 0.29765625 0.3046875 0.2421875
2 0.178125 0.046875 0.35625 0.09375
0 0.65390625 0.0296875 0.1546875 0.059375
3 0.9280641020448617 0.07658375123332277 0.027144302673454135 0.050309082670272606
4 0.896875 0.3234375 0.20625 0.471875
4 0.64140625 0.3640625 0.1640625 0.390625
0 0.69140625 0.2796875 0.2640625 0.559375
0 0.8578125 0.2796875 0.284375 0.559375
9 0.7796875 0.2796875 0.440625 0.559375
8 0.1078125 0.7796875 0.215625 0.440625
0 0.7004583647358149 0.6060536225732316 0.09135225334181776 0.06355451734563573
0 0.8085435847389967 0.6282366105585959 0.13737382535009032 0.12501927601845358
3 0.6515625 0.99296875 0.05625 0.0140625
3 0.70546875 0.990625 0.0734375 0.01875
3 0.7290924420750875 0.6494763585694135 0.04122498400699968 0.0520352146721816
3 0.6847611867440874 0.6671820265754587 0.05041817067154515 0.036519302673454136
4 0.7518134214274047 0.78907466056655 0.16757040268936266 0.16911472135581712
4 0.7437202054423586 0.8993399985678228 0.1831772213558171 0.16773403469127146
5 0.64296875 0.91328125 0.1671875 0.1734375
5 0.70390625 0.90546875 0.2890625 0.1890625
5 0.7171875 0.6921875 0.315625 0.265625
5 0.65234375 0.68046875 0.1859375 0.2421875