7 0.03359375 0.0296875 0.0515625 0.059375
7 0.01484375 0.05 0.0296875 0.1
7 0.06640625 0.05234375 0.0703125 0.1046875
7 0.11008680872054297 0.0512023890546609 0.04800224267981754 0.09714771077238851
7 0.1286646333943154 0.10344159992524524 0.08946358402290802 0.16925906010845856
7 0.1859375 0.03984375 0.053125 0.0796875
7 0.20147542472945162 0.11630014822804302 0.07956132535009015 0.1238920179539809
7 0.23853907272436103 0.07858197961013218 0.03681020401018138 0.07520907825883114
7 0.27601234806649694 0.1432121061717612 0.11782494135899882 0.18973518657189176
7 0.33795781739336095 0.09519224180857648 0.048038605346908625 0.1002727107723885
7 0.3648839440642698 0.126287705704223 0.0921158693507266 0.12865224082661797
7 0.4540282600652243 0.13280080523668475 0.06855110001590833 0.11757838544042354
7 0.465625 0.16953125 0.046875 0.1421875
0 0.475 0.03828125 0.028125 0.0390625
0 0.3801174980505886 0.02541100693388696 0.034793170671545325 0.036137487899751616
0 0.3640625 0.01484375 0.028125 0.0296875
0 0.3125 0.01953125 0.05 0.0390625
0 0.24485216004931587 0.01682232299427393 0.02062158267027243 0.02668067466803503
0 0.225 0.0125 0.0375 0.025
3 0.134375 0.00546875 0.0125 0.0109375
3 0.1604317067154523 0.01340695238457328 0.020548857336090798 0.020430674668035033
3 0.23715783871736135 0.02702402478967203 0.006359088001272539 0.009411361436318443
3 0.22404931138604303 0.041945042841848766 0.014226132001908986 0.014144313231716587
3 0.30633510005567927 0.06334279899016888 0.019040901336727246 0.02510908430895533
3 0.3781646467218156 0.05901839247250642 0.01894999466899989 0.01729658430895533
3 0.47682032272436103 0.07719569985049049 0.015770450668363623 0.01259090359079611
5 0.03515625 0.10546875 0.0703125 0.2109375
5 0.0265625 0.13046875 0.053125 0.2609375
5 0.065625 0.128125 0.13125 0.25625
5 0.1078125 0.090625 0.078125 0.18125
5 0.12734375 0.18984375 0.1640625 0.3796875
5 0.175 0.11640625 0.096875 0.2328125
5 0.2171875 0.0046875 0.021875 0.009375
5 0.23331577072722443 0.09970754586691086 0.06319198535963508 0.1941045240041051
5 0.2015625 0.1375 0.121875 0.275
5 0.31529247672658817 0.09454280201523098 0.03375792934436319 0.0814408975406721
5 0.2703125 0.20546875 0.171875 0.4109375
5 0.33515625 0.13515625 0.0953125 0.2703125
5 0.359996996737724 0.1763195219610017 0.13833853071290694 0.3414067708808471
5 0.4453125 0.14609375 0.0875 0.2578125
5 0.4484375 0.23828125 0.08125 0.4109375
8 0.5953125 0.1984375 0.2125 0.184375
4 0.06171875 0.86484375 0.1234375 0.2140625
3 0.11502775270527099 0.7859410034178456 0.07236589600572696 0.04260565651766246
3 0.42807155068427194 0.6294217960633025 0.02843408267027243 0.026726126463433177
0 0.09242549936345315 0.7235682684449601 0.1728931546785449 0.08849993949875792
5 0.209375 0.8296875 0.41875 0.340625
5 0.40625 0.79140625 0.165625 0.3640625
1 0.73046875 0.8828125 0.4515625 0.234375
2 0.7796875 0.72578125 0.440625 0.1796875
5 0.74453125 0.8046875 0.5109375 0.390625