1 0.28984375 0.121875 0.5796875 0.24375
4 0.28984375 0.2875 0.5796875 0.284375
5 0.28984375 0.21484375 0.5796875 0.4296875
8 0.65859375 0.1734375 0.1578125 0.346875
8 0.89765625 0.15234375 0.2046875 0.3046875
9 0.5573265300763601 0.6656577454248594 0.03155908267027243 0.026926126670909056
9 0.57421875 0.67890625 0.0109375 0.0234375
8 0.31322199407222395 0.6323527073917701 0.02848862667090888 0.031577264003817974
9 0.33993903540736026 0.6459430400620426 0.031577264003817974 0.02848862667090888
3 0.2787657254137236 0.6920998773869975 0.00793976933481808 0.011028406667727175
0 0.27854754941117826 0.6733498773869975 0.019131808004454243 0.03303067600254543
5 0.2811827480903594 0.7655555587205429 0.050946524029271426 0.21618862133990877
4 0.4160111867440873 0.6718248347389967 0.02719884667409058 0.05499658267027261
0 0.41944472207190575 0.6312452880728603 0.015861357336090797 0.020494313335454352
5 0.41492140141626893 0.7124316534054513 0.04905676002545327 0.18804544000636342
5 0.7265625 0.7453125 0.29375 0.509375