1 0.2640399399268215 0.4224669151018694 0.44667719470081657 0.25414416197861145
2 0.27265625 0.18671875 0.4921875 0.2109375
4 0.259375 0.515625 0.51875 0.146875
5 0.259375 0.3171875 0.51875 0.54375
0 0.76953125 0.13125 0.2140625 0.2625
3 0.765657531269912 0.2798476230455876 0.05893974267981754 0.09721134328594587
7 0.6828125 0.35 0.328125 0.478125
5 0.7328125 0.29453125 0.428125 0.5890625
1 0.2375 0.67890625 0.475 0.1796875
4 0.259375 0.8484375 0.51875 0.303125
5 0.259375 0.79453125 0.51875 0.4109375
8 0.8265625 0.74140625 0.346875 0.3046875
5 0.8877143446053666 0.6768054780389983 0.06400905068427179 0.13005111436318478