0 0.24387179591027683 0.1308725707351787 0.02067612667090888 0.0314863573360908
0 0.18127179857577688 0.13873906739336084 0.017551126670908877 0.03144999466899989
7 0.1850871419080497 0.14659702072722441 0.039698846674090585 0.05514203333863606
5 0.30625 0.0125 0.0625 0.025
5 0.24366271057450425 0.1488413207351787 0.03688292934436319 0.08166817067154533
5 0.18414225990614064 0.16065043006045174 0.04473179201145392 0.0848840773392725
2 0.75703125 0.25703125 0.4859375 0.1734375
5 0.684375 0.2515625 0.63125 0.215625
1 0.31015625 0.7578125 0.1171875 0.3625
2 0.31484375 0.44453125 0.1078125 0.1703125
4 0.221875 0.9109375 0.29375 0.178125
5 0.184375 0.6796875 0.36875 0.640625
9 0.7617529232972744 0.5735964200747693 0.1456783160407255 0.3016545013526354
2 0.66328125 0.4640625 0.1984375 0.209375
2 0.4765625 0.5015625 0.215625 0.284375
3 0.75078125 0.37109375 0.0234375 0.0234375
3 0.6128881619589565 0.608587943387952 0.10125451201463562 0.10897610534690845
3 0.4171875 0.7875 0.096875 0.165625
4 0.5546875 0.42578125 0.084375 0.1328125
4 0.7544136853119101 0.4656839227402694 0.07979768268618095 0.1446590666772723
4 0.58203125 0.8 0.2953125 0.4
4 0.9078125 0.82578125 0.184375 0.3484375
3 0.98828125 0.6359375 0.0234375 0.065625
5 0.88984375 0.71953125 0.2203125 0.5609375
5 0.47421875 0.6796875 0.2109375 0.640625
5 0.55546875 0.44453125 0.0984375 0.1703125
5 0.74296875 0.5484375 0.1515625 0.378125
5 0.56484375 0.6796875 0.3921875 0.640625