0 0.24847605203690737 0.0834895880808145 0.028615896005727136 0.04251476400381797
0 0.20661691072563357 0.245480510741542 0.025418170671545327 0.03622840133672707
0 0.2873578333863612 0.20267594008590514 0.030178396005727137 0.042532945337363424
7 0.21224020206076996 0.25882539540895105 0.041334072008272216 0.06141021467218159
7 0.2844328280553611 0.2198270774188142 0.06506247334499946 0.0866829346753633
7 0.2526732033736345 0.1085350414146781 0.05561474801081765 0.08032384667409058
7 0.31484375 0.03984375 0.0484375 0.0796875
5 0.3046875 0.0828125 0.06875 0.165625
5 0.253082283378407 0.1436912914146781 0.08942722135581711 0.16664315467854482
5 0.27298679805854276 0.24312821741722335 0.10310791335136286 0.13399428668045382
5 0.210123718730088 0.27832937340863284 0.07154883068109026 0.10706816000954511
8 0.66953125 0.2 0.6609375 0.4
8 0.16953125 0.83125 0.3390625 0.3375
2 0.2629038207351787 0.8371327560868597 0.017442038669636162 0.02207499466899989
3 0.2607873374044967 0.8566367340865415 0.012609088001272717 0.009520450668363623
4 0.259379378739633 0.869899802752996 0.030142033338636055 0.03940794533736351
5 0.26456686541213276 0.9129230967536323 0.06762494668999892 0.17263861600890848
4 0.7945714440642698 0.6308191214194505 0.14636811203054415 0.22667268268618096
4 0.38984375 0.92265625 0.1015625 0.1546875
4 0.4104986254375861 0.9208414007001803 0.10632382001909005 0.14184314934754488
4 0.59921875 0.91640625 0.2640625 0.1671875
4 0.570063434754905 0.8047453280553611 0.05234429734245403 0.06778748400699967
4 0.70390625 0.83828125 0.1859375 0.3234375
4 0.38828125 0.4796875 0.0984375 0.14375
4 0.396875 0.44140625 0.115625 0.0828125
5 0.9734375 0.5 0.053125 0.078125
5 0.85703125 0.728125 0.2859375 0.54375
0 0.72562144939527 0.612831642743451 0.03515679734245403 0.06758748933799978
0 0.709052114735815 0.6657566480744511 0.04578521467218159 0.04115225867281787
0 0.6751856447326333 0.641928249403224 0.0255090773392725 0.044040901336727244
0 0.596124306055043 0.5605504327259518 0.11815111067790855 0.08417610001590833
0 0.5621316614019514 0.6601413527211794 0.0835942973424542 0.06815111067790855
0 0.5330895987428146 0.7152646573838158 0.04909202800763594 0.05681362133990895
0 0.45478278540736017 0.6987305907065436 0.12316587468172653 0.1123556440165446
0 0.365625 0.759375 0.053125 0.065625
5 0.8296875 0.453125 0.340625 0.10625
5 0.58671875 0.46640625 0.2703125 0.1328125
5 0.40703125 0.49375 0.1359375 0.1875
3 0.37353388009226846 0.8321419800286349 0.048910214672181596 0.041188621339908596
3 0.4983429760900413 0.8171902367122706 0.07091248400699968 0.05238066000954511
3 0.5586895827498143 0.767118058720543 0.029960220003181704 0.023782945337363515
3 0.5809731154121327 0.7353504380569519 0.03786362667090888 0.03168635200509069
3 0.6293100707351786 0.6601419000636334 0.0678965720082724 0.06171929734245403
5 0.7220515540658606 0.6416924394095874 0.04832950668363552 0.12554544000636342
5 0.7044100680696787 0.6696083540738147 0.036628390674726855 0.059793170671545326
5 0.6921875 0.75546875 0.246875 0.4890625
5 0.568073126074133 0.7008299873885884 0.08143290802036277 0.15092724801081764
5 0.5586441294159508 0.7632118087205431 0.08929995202099902 0.155705654678545
5 0.58359375 0.80390625 0.3640625 0.3921875
5 0.41171875 0.85078125 0.1453125 0.2671875
5 0.4315912807526779 0.7867300300365893 0.06244655068427196 0.13039657200827248
5 0.43359375 0.7765625 0.1890625 0.446875