1 0.2046875 0.328125 0.409375 0.103125
2 0.2046875 0.146875 0.409375 0.29375
5 0.2046875 0.18984375 0.409375 0.3796875
7 0.7671875 0.36484375 0.053125 0.0296875
7 0.92734375 0.36328125 0.0484375 0.0328125
0 0.943629084619684 0.319592420857406 0.03323067067154532 0.03612839754067192
0 0.9257148786203203 0.3148003817279904 0.0284886266709087 0.031413626463433174
0 0.8778495432845477 0.3324918757760621 0.050581802673454135 0.05029089149054773
0 0.8157944386139568 0.36103905659241714 0.02062158267027243 0.02668067466803503
0 0.7939739826145933 0.3562242915653025 0.03797271467218159 0.04084316861791084
0 0.7816648866168204 0.3397453186926656 0.020512494668999893 0.01730567466803503
0 0.7537035186187294 0.3255191922292325 0.02687158267027261 0.026717036104353477
0 0.7237614799490932 0.3472214754067197 0.04743862133990877 0.048710210772388504
0 0.7016592132797752 0.3666254603796051 0.01900453866963616 0.02198408430895533
0 0.6384597792807296 0.35922605083688053 0.034793170671545325 0.036137487899751616
0 0.5798751199475024 0.3581039123713949 0.017405676002545434 0.01884999394987581
0 0.57109375 0.365625 0.0359375 0.028125
0 0.4296875 0.353125 0.040625 0.053125
3 0.7611796639481387 0.35447089402463056 0.015788632001908987 0.01415340359079611
3 0.8109796692791388 0.3719492855151783 0.006359088001272539 0.009411361436318443
3 0.88828125 0.3734375 0.0203125 0.0125
3 0.953421707948775 0.3509015081914235 0.01894999466899989 0.01729658430895542
5 0.77734375 0.34453125 0.0953125 0.0703125
5 0.7831364799490933 0.3475669090517452 0.022274989337999783 0.03450226502711464
5 0.940625 0.33828125 0.09375 0.0828125
8 0.2046875 0.671875 0.409375 0.465625
0 0.6915056999920458 0.44223555619963373 0.025399989337999786 0.03452044574527395
0 0.6078846779917276 0.4440929719888741 0.028488626670909057 0.031413626463433174
7 0.6972284413192279 0.48758441763595217 0.035102253341817755 0.06269998789975162
7 0.6320119739815463 0.519238417734148 0.06686133068109026 0.10663179508134384
5 0.6547585833068194 0.5787497731203424 0.14117262937617986 0.3164249515990063
5 0.695465946650228 0.5047628272768725 0.07690904002227157 0.16449883723582168