1 0.18984375 0.24765625 0.3796875 0.2046875
2 0.18984375 0.09140625 0.3796875 0.1828125
5 0.18984375 0.175 0.3796875 0.35
5 0.63828125 0.09609375 0.4296875 0.1921875
5 0.21796875 0.675 0.3234375 0.65
2 0.9897570079169583 0.70859375 0.015806813335454705 0.015625
2 0.818999065245095 0.746875 0.011082950668363623 0.0125
2 0.8057087245783222 0.74765625 0.012645450668363622 0.0125
3 0.4593507978994592 0.8375 0.009574994668999892 0.0171875
2 0.47136953990295904 0.81171875 0.0174238573360908 0.0203125
2 0.46104965790105 0.82578125 0.012699994668999893 0.0171875
4 0.9890625 0.75703125 0.021875 0.0609375
4 0.8285189685710044 0.8015625 0.021076116008908484 0.065625
4 0.8128939685710044 0.8015625 0.03350339067472703 0.059375
3 0.8126036145767314 0.759375 0.009520450668363623 0.0125
3 0.8204070239099586 0.76015625 0.00793976933481808 0.0109375
4 0.4736218358927776 0.88671875 0.03217724801081765 0.0796875
4 0.4838689925605049 0.87890625 0.02272952267663584 0.0734375
4 0.4871576245624139 0.86484375 0.02594542934436319 0.08125
2 0.46963431723427734 0.8265625 0.009556813335454351 0.015625
5 0.4900462672263231 0.88515625 0.06453630935708983 0.175
5 0.48365081655795955 0.89765625 0.07222154002227174 0.1640625
5 0.4671445692234596 0.90625 0.07394767202418073 0.178125
5 0.8236132925684589 0.8203125 0.053471540022271655 0.1640625
5 0.815700795233959 0.82890625 0.07867153469127156 0.18125
5 0.98359375 0.77890625 0.0328125 0.1640625
5 0.9875 0.8046875 0.025 0.190625