1 0.37421875 0.29296875 0.3109375 0.3640625
2 0.41171875 0.10390625 0.2359375 0.1234375
4 0.26484375 0.43671875 0.5296875 0.1265625
5 0.26484375 0.25 0.5296875 0.5
8 0.76484375 0.29296875 0.4703125 0.4140625
8 0.26484375 0.75 0.5296875 0.5
8 0.41796875 0.6859375 0.2234375 0.371875
2 0.7621201456939602 0.81796875 0.03146816861791084 0.0375
4 0.74837074220136 0.8984375 0.052126102262936416 0.096875
5 0.7555519831261737 0.87265625 0.11186471662612103 0.159375
5 0.56015625 0.8953125 0.0609375 0.209375