1 0.259375 0.27109375 0.51875 0.2671875
2 0.26953125 0.0375 0.4984375 0.075
4 0.259375 0.5296875 0.51875 0.21875
5 0.259375 0.31953125 0.51875 0.6390625
6 0.67734375 0.32453340914994105 0.0328125 0.10487839754067192
6 0.52265625 0.29765625 0.0078125 0.0765625
6 0.8109375 0.16359188485124837 0.0140625 0.040706813231716585
6 0.928125 0.14239866178221972 0.0125 0.03601022287263689
6 0.5734375 0.18721015027114643 0.0109375 0.03443863251355737
6 0.66015625 0.18146466520006524 0.0125 0.03601022287263689
6 0.665625 0.16509023145684393 0.00625 0.026598861436318445
6 0.74296875 0.15538395423128498 0.009375 0.031304542154477664
6 0.86875 0.13970947813719423 0.009375 0.028179542154477665
6 0.9671875 0.12075092075921016 0.0109375 0.032876132513557366
6 0.6359375 0.16413626463433123 0.009375 0.028179542154477665
6 0.9828125 0.10521682435000632 0.0078125 0.015670451795398055
6 0.95859375 0.11757592378427226 0.0078125 0.021920451795398144
6 0.95 0.11908842680933436 0.0078125 0.020357951795398056
6 0.8953125 0.1258015142415477 0.0078125 0.020357951795398142
6 0.87578125 0.12959413475305254 0.00625 0.020348861436318443
6 0.81875 0.13629358664664645 0.00625 0.021911361436318444
6 0.771875 0.1422708758742579 0.0078125 0.017232951795398143
6 0.76171875 0.1414305385402404 0.0078125 0.017232951795398143
6 0.77890625 0.1290305324901162 0.0046875 0.014089771077238833
6 0.7515625 0.13277770120622287 0.0046875 0.012527271077238921
6 0.7203125 0.14822089402463057 0.00625 0.020348861436318443
6 0.70703125 0.14736237597245383 0.00625 0.018786361436318445
6 0.6703125 0.14871125253408274 0.00625 0.017223861436318443
6 0.6859375 0.13942715612487894 0.0046875 0.012527271077238833
6 0.659375 0.15333512002052546 0.00625 0.020348861436318443
6 0.61640625 0.16167888514583595 0.0078125 0.023482951795398145
6 0.60546875 0.16083400263227868 0.0078125 0.021920451795398144
6 0.73046875 0.1326549813586481 0.00625 0.012536361436318444
6 0.58828125 0.16073400868240287 0.0078125 0.025045451795398143
6 0.5828125 0.15679594242562417 0.00625 0.020348861436318443
6 0.55390625 0.16522152078265123 0.0078125 0.020357951795398142
6 0.52578125 0.18771414431921815 0.009375 0.028179542154477665
8 0.1859375 0.81953125 0.371875 0.3609375
2 0.36015625 0.7421037459929792 0.040625 0.06273634933607006
2 0.14453125 0.816630526439992 0.0375 0.025218168617910663
3 0.15 0.8424435926967707 0.0203125 0.01574317466803521
4 0.140625 0.9048890505422931 0.0453125 0.09557612041330898
4 0.31328125 0.6734375 0.0515625 0.06875
4 0.38046875 0.8133156706610143 0.0765625 0.16294542759490122
5 0.39453125 0.8515625 0.1859375 0.296875
5 0.309375 0.75078125 0.096875 0.2234375
5 0.1578125 0.8984375 0.14375 0.203125
0 0.61953125 0.91953125 0.1515625 0.1609375
0 0.85703125 0.69453125 0.1453125 0.1109375
7 0.8640625 0.9171875 0.271875 0.165625
3 0.86171875 0.8404493006404887 0.0859375 0.08799996974937904
5 0.7140625 0.9171875 0.390625 0.165625
5 0.8296875 0.81953125 0.340625 0.3609375