1 0.225 0.228125 0.45 0.340625
2 0.25625 0.0484375 0.5125 0.096875
4 0.26484375 0.45546875 0.5296875 0.2671875
5 0.26484375 0.29453125 0.5296875 0.5890625
8 0.76484375 0.29453125 0.4703125 0.5890625
8 0.625 0.20390625 0.190625 0.4078125
4 0.8651765898681003 0.08106402207985997 0.019040891490547905 0.05021817600254534
5 0.8449549934588966 0.09645266474376916 0.06161018657189175 0.11633407200827231
1 0.20078125 0.925 0.4015625 0.15
2 0.178125 0.72109375 0.35625 0.2640625
5 0.26484375 0.79453125 0.5296875 0.4109375