4 0.26953125 0.25625 0.5390625 0.246875
1 0.2484375 0.13359375 0.4875 0.2671875
5 0.26953125 0.18984375 0.5390625 0.3796875
9 0.871875 0.27890625 0.21875 0.2015625
3 0.7122696634309046 0.8631873638722054 0.008012494668999892 0.017232951795397966
2 0.7315827374283593 0.8445509933607006 0.01742385733609062 0.02041249394987581
2 0.7168389847628592 0.8530583849494443 0.012699994668999893 0.01726022287263689
4 0.7105077161043589 0.9131737283335859 0.03372156667727211 0.0783158975406721
4 0.7213997627704952 0.9093311108471432 0.02269316000954511 0.07043976502711473
4 0.7298480621021317 0.8968811078220812 0.027471566677272286 0.07827953610435365
2 0.7254872787634955 0.8577958819243822 0.009556813335454351 0.015679542154477845
5 0.72421875 0.915625 0.0671875 0.16875
5 0.71484375 0.9234375 0.0734375 0.153125
5 0.696875 0.92109375 0.075 0.1578125