3 0.43984375 0.1953125 0.1796875 0.271875
4 0.2875 0.38828125 0.484375 0.3609375
5 0.26484375 0.284375 0.5296875 0.56875
8 0.9328125 0.396875 0.134375 0.265625
8 0.94453125 0.496875 0.1109375 0.14375
0 0.22265625 0.646845788147457 0.0546875 0.04875566256778665
5 0.2359375 0.7937980561996337 0.1796875 0.35729539129415605
5 0.38046875 0.6547951644144984 0.0203125 0.037618174668035034
5 0.43046875 0.6457110559050461 0.025 0.04389544574527395
5 0.49609375 0.6351553509863901 0.03125 0.0517443071815924
3 0.21328125 0.6788224959929792 0.028125 0.023601126463433174
4 0.24609375 0.7430758935336512 0.096875 0.12556360226293622
4 0.61875 0.81328125 0.178125 0.3734375
5 0.68203125 0.784375 0.3046875 0.43125