7 0.02890625 0.26328125 0.0578125 0.1296875
7 0.047668624721497466 0.21341432594686607 0.03215906667727229 0.07848862667090888
7 0.10610838072881527 0.2666478666056847 0.11008516669318062 0.1965670120146356
7 0.15298283338636115 0.19890583593254857 0.04342383068109026 0.10674089600572696
7 0.19075555338954286 0.2219069839274579 0.08902723201781733 0.13226815467854483
7 0.2834788553866794 0.19973144458150394 0.06391814401654479 0.12260225334181776
7 0.3337970287237247 0.2264933919080497 0.09386018268618095 0.14482269867918127
7 0.38492317671863396 0.18839340790105003 0.07005905601527207 0.11329997867599957
0 0.3886379753739527 0.10474511390041367 0.034793170671545325 0.03633748933799978
0 0.3129203600413617 0.11109565857736774 0.045876121339908774 0.04896475867281787
0 0.2791629780394528 0.09742405724859479 0.03482953333863605 0.039462489337999784
0 0.17387604137490714 0.11427629726291233 0.034793170671545325 0.03633748933799978
0 0.1550624067074981 0.10902572326545767 0.02692612667090888 0.03155908267027261
0 0.10289137937617987 0.12447854793923008 0.04901930267345413 0.05056362133990877
0 0.034423190046134255 0.14949727661522966 0.020621582670272608 0.026798857336090796
0 0.015625 0.1421875 0.03125 0.040625
0 0.00390625 0.12421875 0.0078125 0.0171875
3 0.02909080004772511 0.16127966128263874 0.006359088001272717 0.009447725334181811
3 0.021505566717043133 0.18090181795036592 0.014226132001908986 0.014226132001908986
3 0.11131295404995223 0.17673139127150286 0.01904090133672707 0.025218176002545344
3 0.18286978071290694 0.14855129992841237 0.017387494668999894 0.017387494668999894
3 0.28899251137808885 0.13637746924732214 0.015770450668363623 0.012681813335454439
3 0.32282261871417967 0.15629907057609507 0.017405676002545434 0.01894999466899989
3 0.39055501137808885 0.13519568256686823 0.015788632001908987 0.01424431333545444
5 0.01328125 0.24375 0.0265625 0.30625
5 0.0046875 0.13203125 0.009375 0.0359375
5 0.04872259472467917 0.2368427352800934 0.049274936027998706 0.2067954400063634
5 0.0390625 0.2765625 0.078125 0.309375
5 0.13039930872054298 0.20541946526895752 0.02912497334499946 0.08626476400381797
5 0.1171875 0.27734375 0.14375 0.3640625
5 0.1628123667249973 0.23785924793127594 0.07683740937299817 0.2930420226766358
5 0.201529968730088 0.2749138052594125 0.11668170671545237 0.3606840560152721
5 0.28521407805536103 0.21455701324795848 0.08288741470399827 0.27592724801081764
5 0.36953125 0.26796875 0.1734375 0.3828125
5 0.39006521005727013 0.22740136390041368 0.09079082137172563 0.28383065467854485
8 0.08046875 0.7296875 0.1609375 0.540625