1 0.215625 0.40625 0.43125 0.275
2 0.203125 0.14921875 0.40625 0.1328125
5 0.24453125 0.328125 0.4890625 0.521875
5 0.967726919239368 0.5054496702682308 0.00803067600254508 0.018795451795398144
0 0.8054809105665501 0.5498213181034904 0.0047238626670910834 0.0031522710772389217
7 0.8061712538988228 0.5576383632830302 0.004796588001272539 0.009402271077238922
5 0.8053445505649591 0.5615400681034904 0.006577264003817973 0.028161361436318443
8 0.8513939419160039 0.4313303933372595 0.014226132001908809 0.01414431323171641
7 0.7038275038988229 0.5570429447633153 0.00793976933481808 0.010982951795397966
5 0.7029553472310957 0.5648508995837755 0.012936352005090513 0.03757272287263689
7 0.6418633058959593 0.5777776255796703 0.006377269334818081 0.010973861436318445
5 0.640625 0.57890625 0.009375 0.0203125
7 0.5699428525620958 0.581265719062008 0.004796588001272539 0.009402271077238922
5 0.56875 0.58046875 0.00625 0.0171875
5 0.416591680577686 0.7968821495837753 0.017532945337363513 0.02978749394987572
7 0.41968940857736775 0.7992440803019347 0.009611357336090798 0.020367042154477842
8 0.39996725457514054 0.8155367008134394 0.17532945337363443 0.2978749394987581
8 0.2515625 0.671875 0.45 0.165625
2 0.58984375 0.703125 0.2015625 0.228125
5 0.7078125 0.79453125 0.4375 0.4109375