1 0.184375 0.44296875 0.36875 0.1921875
2 0.184375 0.21640625 0.36875 0.2421875
5 0.184375 0.30234375 0.36875 0.4734375
0 0.600483729806524 0.21120722823539007 0.16931360226293624 0.0978567587805987
0 0.5546875 0.03828125 0.13125 0.0765625
3 0.5662546964326449 0.051627695156098684 0.04864657825883114 0.03621930113146821
3 0.636084886520578 0.2692288064942213 0.03302157825883114 0.03612839754067192
4 0.489119503810629 0.14961976756119738 0.2278169695529872 0.21694310206654457
4 0.5760371999486864 0.3845083728491959 0.2513726442210224 0.23739195745273883
5 0.3796875 0.1265625 0.021875 0.140625
5 0.515625 0.178125 0.28125 0.35625
5 0.621875 0.34921875 0.4 0.3796875
8 0.17890625 0.73828125 0.3578125 0.3984375