1 0.2609375 0.29375 0.515625 0.290625
2 0.2625 0.06171875 0.525 0.1234375
5 0.31484375 0.21953125 0.6296875 0.4390625
8 0.81484375 0.21953125 0.3703125 0.4390625
8 0.74296875 0.18671875 0.2265625 0.3734375
5 0.25625 0.71953125 0.5125 0.5609375
4 0.23828125 0.93359375 0.4015625 0.1328125
2 0.09609375 0.565625 0.1921875 0.240625
1 0.17002771633153344 0.7582913064942213 0.18779193325224205 0.3198317527304745
0 0.8 0.46484375 0.075 0.0515625
1 0.8019993581166688 0.5320293092246958 0.04875566256778674 0.05496930113146821
4 0.812319755460949 0.6945838513791736 0.11582602966144577 0.30378859621281207
5 0.77890625 0.71953125 0.2609375 0.5609375