1 0.196009744629229 0.24453125 0.025272720003181703 0.0234375
1 0.07099101595322943 0.31328125 0.02369203866963625 0.021875
1 0.18505296861077528 0.38046875 0.031613626670908876 0.03125
1 0.3848449779599109 0.2640625 0.034720445337363515 0.0296875
2 0.35930117998090993 0.109375 0.01887726933481808 0.0109375
2 0.25520402597868286 0.12578125 0.015752269334818082 0.0109375
2 0.062025095958001944 0.278125 0.056759077339272455 0.04375
2 0.05105178063336515 0.2140625 0.02369203866963625 0.021875
2 0.08475461863463782 0.2046875 0.031540901336727156 0.025
2 0.19581938796945594 0.19375 0.05043635200509069 0.0375
2 0.17795863128582035 0.31875 0.0803965720082724 0.0609375
2 0.38628984663431964 0.20703125 0.07091248400699968 0.0515625
4 0.39967908995068413 0.33203125 0.07647268801718106 0.1265625
4 0.36051823464354643 0.1390625 0.023782945337363515 0.0296875
4 0.25871937730745576 0.159375 0.026944308004454333 0.0328125
4 0.226605216621593 0.30078125 0.06686133068109026 0.10625
4 0.147979135264185 0.478125 0.09115335335772619 0.1796875
4 0.10264100529122921 0.27890625 0.0493829293443631 0.08125
4 0.05224046861077532 0.38046875 0.057795413351362776 0.1328125
4 0.06310633796150178 0.25234375 0.03306703866963625 0.021875
5 0.01640625 0.40078125 0.0328125 0.3765625
5 0.05 0.4234375 0.1 0.33125
5 0.05555746729791071 0.2296875 0.055287484006999676 0.0515625
5 0.11078076929504724 0.25078125 0.08586586935072642 0.128125
5 0.1734375 0.4359375 0.175 0.30625
5 0.2306478266231838 0.2890625 0.13087038136536214 0.2359375
5 0.25925517930459224 0.18046875 0.037392006683635515 0.125
5 0.36667732797581926 0.146875 0.03232269867918127 0.0921875
5 0.38671875 0.3140625 0.1046875 0.271875
7 0.51796875 0.42109375 0.1578125 0.2828125
5 0.5484375 0.35 0.21875 0.478125
1 0.47578125 0.240625 0.0734375 0.075
0 0.4765625 0.15625 0.075 0.078125
7 0.18515625 0.68828125 0.0953125 0.1984375
7 0.0390625 0.6546875 0.06875 0.13125
5 0.04453125 0.78984375 0.0890625 0.4015625
5 0.159375 0.79453125 0.2375 0.4109375
9 0.1942183359325485 0.678125 0.15952154535327168 0.146875
9 0.3107882179344575 0.6640625 0.09629429201145392 0.084375
1 0.62734375 0.69140625 0.3765625 0.2046875
4 0.71953125 0.91171875 0.5609375 0.1765625
5 0.71953125 0.79453125 0.5609375 0.4109375