1 0.109375 0.3265625 0.21875 0.303125
2 0.109375 0.06953125 0.21875 0.1390625
4 0.109375 0.490625 0.21875 0.15625
5 0.109375 0.284375 0.21875 0.56875
6 0.3852587056060271 0.37196888612779466 0.026835210772388506 0.047029536104353474
6 0.44571039227611475 0.32083765730322933 0.012645445745273775 0.02507272287263689
6 0.46534163622599045 0.3035365278147341 0.00947499394987581 0.017242042154477666
6 0.47712401873954774 0.292530850121637 0.00633181323171641 0.014098861436318444
6 0.48262458499632643 0.2870302838648583 0.004760222872636888 0.012527271077238921
6 0.4888973108940255 0.28308767242853977 0.004751132513557366 0.010964771077238922
6 0.49440242233034404 0.2768058561717612 0.006340903590796287 0.015661361436318445
6 0.9670450367917246 0.2763997725501769 0.004732951795397966 0.007839771077238922
6 0.6565069917103805 0.3438292088274809 0.020521578258831143 0.03605567466803503
6 0.6082376633533535 0.31520475995894903 0.012636355386194254 0.023510222872636887
6 0.5895558410464506 0.30359509426790454 0.009484084308955332 0.018804542154477844
6 0.5646467446372468 0.28811554001317835 0.006331813231716587 0.014098861436318444
6 0.5576382205349459 0.2842501966290367 0.004751132513557366 0.010964771077238922
6 0.5537456060735654 0.2819291725267357 0.004742042154477844 0.009402271077238922
6 0.5514291271508042 0.27725530806535514 0.0032068132317165875 0.014080680718159221
6 0.9404643560735654 0.27967930865453033 0.004742042154477844 0.009402271077238922
6 0.8865717416121847 0.27764917604277706 0.004732951795398321 0.007839771077238922
6 0.49674162715080417 0.27757347063314175 0.003179542154477666 0.009393180718159222
6 0.5006569675098838 0.27598824473544276 0.0031613614363184437 0.006268180718159222
6 0.5100410578689634 0.274371202580965 0.004723861436318444 0.006277271077238922
6 0.5264518530485033 0.273494503810629 0.0031613614363184437 0.006268180718159222
6 0.543643898228043 0.27261325986075324 0.0031613614363184437 0.006268180718159222
6 0.5561257175098838 0.27566553698811624 0.0031704517953981435 0.007830680718159223
6 0.5584740126894235 0.27487065144949685 0.003170451795397966 0.007830680718159223
6 0.5670768530485033 0.273258154474559 0.0031613614363184437 0.006268180718159222
6 0.5795768530485033 0.273185431601922 0.0031613614363184437 0.006268180718159222
6 0.6030234434075827 0.27148657621572775 0.0031613614363184437 0.006268180718159222
6 0.638175148228043 0.27206329313643635 0.0031704517953981435 0.007830680718159223
6 0.6686393530485033 0.2726672811343838 0.003170451795397966 0.007830680718159223
6 0.6998893530485033 0.27248547395279143 0.003170451795397966 0.007830680718159223
6 0.7498893530485032 0.2721945824622437 0.0031613614363184437 0.006268180718159222
6 0.7295723078689634 0.2730940071302787 0.004723861436318444 0.006277271077238922
6 0.7584740126894236 0.27370708548730577 0.003170451795397966 0.007830680718159223
6 0.7866035578689634 0.2727622090238727 0.0031613614363184437 0.006268180718159222
6 0.8045586723303441 0.27500141989445714 0.004732951795398321 0.007839771077238922
6 0.8334740126894236 0.2732707482514842 0.0031704517953983213 0.0078306807181594
6 0.8475183319712644 0.2763139350197676 0.004732951795397966 0.007839771077238922
6 0.8764336723303441 0.2745832633767947 0.0031704517953983213 0.007830680718159223
6 0.9303262867917244 0.2766133959885478 0.004742042154477844 0.009402271077238922
6 0.38512287110068 0.2610359313073344 0.0031613614363184437 0.006268180718159222
6 0.38827059699837896 0.2571115005891752 0.0031704517953981435 0.007830680718159223
9 0.58984375 0.47578125 0.7421875 0.1859375
2 0.3219007084346975 0.25124784085005897 0.006277271077238833 0.004723861436318444
2 0.3469643409482548 0.24016489510478506 0.0031522710772389217 0.004705680718159222
2 0.3585921873574586 0.255721717411688 0.003152271077238833 0.004705680718159222
2 0.3640245759211401 0.2619399011549093 0.003152271077238833 0.004705680718159222
2 0.3946796782822723 0.22973138915285674 0.006286361436318444 0.006286361436318444
4 0.39536093433239655 0.24691434397331688 0.007921584308955421 0.018795451795398144
4 0.3469007084346975 0.25110239510478505 0.004769313231716588 0.014089771077238833
4 0.31949332592114016 0.2621989763886784 0.0063136325135573655 0.010973861436318445
4 0.3483950307416004 0.26281205474570546 0.0063136325135573655 0.010973861436318445
5 0.3233677596643615 0.26764500049097933 0.014289758976990452 0.03914431323171659
5 0.3453563891528567 0.24798648546386465 0.007930674668035032 0.020357951795398056
5 0.35305525966436146 0.26747228366846654 0.01894089754067192 0.03292158430895533
5 0.3585694614597596 0.25962796741168787 0.007885222872636887 0.012545451795397965
5 0.3647694644848217 0.2681853559753694 0.009484084308955332 0.018804542154477667
5 0.3843052596643615 0.26729047648687415 0.004823855386194254 0.023464771077238922
5 0.3945069614597596 0.2594188891528567 0.014453385440423539 0.06726931323171659
5 0.109375 0.784375 0.21875 0.43125
4 0.61953125 0.671875 0.3453125 0.20625
5 0.65859375 0.784375 0.4421875 0.43125