4 0.04453125 0.1765625 0.0890625 0.271875
4 0.09363741227319902 0.18688347668681726 0.11702491529826116 0.24197041868236288
4 0.15939422247985352 0.21030334269572593 0.09496810811666875 0.21046588001272673
4 0.22263456586399522 0.20400843670431645 0.11191925878059869 0.17004087468172663
4 0.31906465914994103 0.2629390887173613 0.14024424668035032 0.20474313868554458
4 0.5270816922292324 0.30051345607890545 0.201881704329481 0.32576471069381696
7 0.07734375 0.4234375 0.1546875 0.171875
7 0.25078125 0.45234375 0.2359375 0.1140625
0 0.37890625 0.4796875 0.0546875 0.059375
0 0.52578125 0.47890625 0.0890625 0.0609375
5 0.19140625 0.440625 0.3453125 0.1375
5 0.07890625 0.425 0.1578125 0.16875
5 0.32046807786604775 0.23561352005090677 0.16728853571157004 0.2878647213558172
5 0.6265625 0.2796875 0.065625 0.459375
5 0.5203125 0.2359375 0.278125 0.471875
1 0.62421875 0.1890625 0.0703125 0.084375
1 0.06617496672431686 0.03188689401654469 0.06437157220870704 0.05387043467536323
1 0.13592893052176752 0.07097721335931699 0.05031816256778665 0.05526930267345422
1 0.1657846021647404 0.10022890869668041 0.029978391490547728 0.050345445337363424
1 0.2010272105759968 0.11548173870145292 0.039307939695149674 0.04264203333863614
1 0.24949198165323566 0.12073286004136172 0.04241475897699045 0.03955339600572701
1 0.3466260568870048 0.16639135272117933 0.04400453005422929 0.0442590773392725
2 0.3705630057555366 0.11823566339113371 0.0439318071815924 0.03175907733927241
2 0.26168290944452866 0.06775331070972528 0.050181807181592396 0.03183180267345422
2 0.2100749576491306 0.0593408267027256 0.048619307181592394 0.03181362133990877
2 0.1484375 0.01171875 0.059375 0.0234375
3 0.7598487404338343 0.05047599872690629 0.07853406615858276 0.07122156667727228
3 0.9671875 0.10546875 0.065625 0.0578125
4 0.90234375 0.28828125 0.1953125 0.4421875
4 0.734375 0.284375 0.15 0.45
5 0.76796875 0.2546875 0.2171875 0.509375
5 0.86953125 0.2546875 0.2609375 0.509375
8 0.3296875 0.7546875 0.659375 0.490625