1 0.2046875 0.18046875 0.409375 0.3609375
4 0.2046875 0.38828125 0.409375 0.2828125
5 0.2046875 0.26484375 0.409375 0.5296875
1 0.3171875 0.8296875 0.184375 0.340625
4 0.20859375 0.9375 0.4015625 0.125
5 0.2046875 0.76484375 0.409375 0.4703125
0 0.6152822913749072 0.5803554974140417 0.08978975334181775 0.06353633601209037
0 0.7344044613701347 0.5465901194302683 0.03937158267027261 0.027017033338636053
0 0.6682709313733163 0.5692549127545868 0.048764764003817976 0.028688621339908772
0 0.8882925300365893 0.5468184807844946 0.04251476400381797 0.02861589600572696
0 0.89921875 0.53359375 0.0390625 0.0078125
0 0.6844317333704528 0.548352066756814 0.0314863573360908 0.02067612667090888
3 0.8830419560391345 0.5655048461170855 0.012627269334818437 0.011082950668363623
1 0.7424169560391345 0.5638685260979954 0.01893181333545435 0.015843176002545256
3 0.6755567200429526 0.5912117287555414 0.01580681333545435 0.015806813335454528
3 0.6056805720480433 0.6278935687459963 0.044095445337363516 0.0301965773392725
7 0.6591333833943154 0.7238151434197688 0.18999084269572605 0.21624426002545327
7 0.735731151376498 0.5934742100970409 0.05706816000954511 0.07096702800763595
7 0.9242936647039983 0.5527054014560397 0.03470226400381797 0.028524989337999785
7 0.96484375 0.56875 0.0640625 0.078125
4 0.9178533080442254 0.6034048354550853 0.07136701734563573 0.09144316000954511
4 0.699793651376498 0.5930560394254958 0.027017033338636053 0.03937158267027261
4 0.6877118220480433 0.6288480887571322 0.07594542934436319 0.08212270401018137
5 0.95703125 0.61484375 0.0859375 0.1703125
5 0.9234375 0.61875 0.090625 0.178125
5 0.91640625 0.6296875 0.0984375 0.2
5 0.7515625 0.628125 0.1125 0.196875
5 0.7018470473822249 0.6352617207590412 0.08668402936027135 0.19941929201145409
5 0.6795356953771343 0.5975071820894049 0.06664315467854501 0.08826361600890867
5 0.68203125 0.76640625 0.2796875 0.4671875
5 0.44453125 0.796875 0.0703125 0.40625