8 0.809375 0.259375 0.38125 0.51875
5 0.8046875 0.03359375 0.034375 0.0671875
6 0.071875 0.6740027633672712 0.015625 0.04705681333545435
9 0.43125 0.6359375 0.290625 0.234375
9 0.57109375 0.63671875 0.0953125 0.2359375
7 0.01953125 0.68828125 0.0390625 0.1796875
5 0.04375 0.759375 0.0875 0.48125
6 0.9265625 0.8391417934436312 0.03125 0.08630112667090879
6 0.96953125 0.7622980301161311 0.01875 0.05178067600254525
6 0.99609375 0.70390625 0.0078125 0.0328125
6 0.9890625 0.7250252967854491 0.0140625 0.039226132001908984
6 0.7015625 0.7458986814130872 0.009375 0.02979658800127254
6 0.98359375 0.65308666211804 0.003125 0.012536362667090906
7 0.86796875 0.6720537434356771 0.00625 0.007885225334181812
7 0.81640625 0.6831725094286775 0.00625 0.009447725334181811
7 0.80703125 0.6799384214274047 0.009375 0.018859088001272718
2 0.7109375 0.67960151941436 0.0046875 0.00942954400063627
2 0.759375 0.6754776407542687 0.0046875 0.00942954400063627
2 0.8046875 0.6658486494270865 0.0046875 0.007867044000636269
5 0.71328125 0.692910041414678 0.015625 0.04393181333545435
5 0.76015625 0.6848617314210415 0.0125 0.031395450668363446
5 0.80546875 0.6744514900938594 0.0109375 0.02668976933481808
5 0.815625 0.6808196687619047 0.00625 0.01257272533418181
5 0.8609375 0.6719719274347227 0.009375 0.017296588001272716
5 0.86875 0.6689378341024499 0.00625 0.011010225334181811
4 0.71328125 0.700722541414678 0.0109375 0.023564769334818082
4 0.76015625 0.6895492314210414 0.009375 0.020421588001272716