6 0.67890625 0.17692961778103028 0.028125 0.08610112646343308
6 0.5890625 0.0305773134281083 0.009375 0.026617042154477667
6 0.63125 0.10142562373295858 0.0171875 0.05322499394987581
6 0.5984375 0.04302277127363059 0.009375 0.03286704215447771
6 0.61015625 0.06404834358053343 0.0125 0.03913522287263693
6 0.58203125 0.019680720043966572 0.0078125 0.0234829517953981
6 0.82734375 0.36875 0.0640625 0.08125
6 0.57578125 0.011904581480285037 0.0046875 0.020339771077238833
6 0.57109375 0.0078125 0.0046875 0.015625
6 0.56796875 0.0046875 0.0046875 0.009375
6 0.56640625 0.0015625 0.0046875 0.003125
6 0.9015625 0.07250924161218472 0.0078125 0.029732951795398144
7 0.72890625 0.005544976290482495 0.0046875 0.007839771077238832
7 0.7828125 0.014606358902235694 0.0046875 0.009402271077238834
7 0.79140625 0.01065011192729779 0.0078125 0.0203579517953981
2 0.8890625 0.0053944644848217035 0.0046875 0.009402271077238834
2 0.83828125 0.00390625 0.0046875 0.0078125
5 0.88671875 0.0203125 0.0140625 0.040625
5 0.83828125 0.0140625 0.0109375 0.028125
5 0.7921875 0.00859375 0.009375 0.0171875
5 0.7828125 0.012262608902235694 0.00625 0.012536361436318444
5 0.73515625 0.00703125 0.0078125 0.0140625
5 0.728125 0.00390625 0.00625 0.0078125
4 0.88828125 0.027274009664361488 0.009375 0.02349204215447771
4 0.8390625 0.017404105975369455 0.009375 0.02036704215447771
4 0.30859375 0.6628014017440844 0.340625 0.3488566982793566
3 0.2890625 0.46135253123257963 0.1046875 0.05373405405833438
0 0.328125 0.42421875 0.203125 0.0296875
5 0.24453125 0.7046875 0.4890625 0.590625
1 0.85859375 0.896875 0.2828125 0.20625
2 0.74453125 0.6515625 0.5109375 0.290625
5 0.74453125 0.74921875 0.5109375 0.5015625