3 0.428125 0.41484375 0.01875 0.0359375
2 0.43046875 0.340625 0.0234375 0.065625
4 0.459375 0.50546875 0.08125 0.1890625
5 0.49296875 0.44921875 0.1484375 0.3015625
7 0.2875 0.62421875 0.115625 0.0484375
7 0.02890625 0.646875 0.0578125 0.09375
5 0.06640625 0.76328125 0.1328125 0.3265625
5 0.2765625 0.70546875 0.190625 0.2109375
6 0.7965248427354968 0.8014962630822071 0.043387468013999356 0.10337043969514959
6 0.9482049740610881 0.7435787030719443 0.03526588534372692 0.07676248789975162
6 0.6356589733847704 0.6742984797083281 0.017642033338636055 0.03916249394987581
6 0.5200794267186339 0.6788774162802198 0.014480670671545326 0.03601931323171659
6 0.8666453440483615 0.6502968565645446 0.014462489337999785 0.034456813231716586
6 0.7831788633831795 0.6617206907753042 0.014480670671545326 0.03601931323171659
6 0.7744214813812705 0.6477081877502421 0.009665901336727244 0.025054542154477666
6 0.6987129567154524 0.6543990701656035 0.011282945337363515 0.029751132513557366
6 0.5753754540499523 0.6637109585328933 0.012827264003817973 0.028197722872637065
6 0.963956148710998 0.6200412091220685 0.008012494668999892 0.017232951795398143
6 0.48671875 0.9328125 0.0734375 0.134375
6 0.47852772605027044 0.6666183107958297 0.012881808004454242 0.032885222872636885
6 0.803245915380316 0.6405087661072691 0.012827264003817973 0.028197722872636888
6 0.9358493300445435 0.6217673355855016 0.011228401336727246 0.025063632513557366
6 0.4302447673854067 0.6801813619272978 0.016006808004454243 0.03290340359079611
6 0.42465783871736135 0.6700569281840765 0.009629538669636162 0.021929542154477667
6 0.421875 0.6671875 0.00625 0.01875
6 0.4596413660486796 0.6550086451047851 0.009574994668999892 0.017242042154477666
6 0.4862765913828614 0.6611041090004315 0.009629538669636162 0.021929542154477667
6 0.4940890913828614 0.6610586572050334 0.009611357336090798 0.020367042154477665
6 0.5471686380489977 0.6568433349963264 0.009611357336090798 0.020367042154477665
6 0.5674811380489977 0.6567251603282914 0.008048857336090797 0.020357951795398142
6 0.6228862533815887 0.650933702580965 0.009629538669636162 0.021929542154477667
6 0.6681533000477251 0.6467638321676561 0.009574994668999892 0.017242042154477666
6 0.6775101187141797 0.6451467900131783 0.009574994668999892 0.017242042154477666
6 0.6594322807129069 0.635876329142594 0.006413632001908987 0.014098861436318444
6 0.6867487587125888 0.6333734978587007 0.006377269334818081 0.010973861436318445
6 0.7188800060470888 0.6417808954975686 0.008030676002545433 0.018795451795397967
6 0.7321248933799979 0.6385786274453917 0.008030676002545433 0.018795451795398144
6 0.7672175087125888 0.6329053443661004 0.008012494668999892 0.017232951795398143
6 0.7507476240451798 0.6275320431364364 0.006395450668363623 0.012536361436318444
6 0.7789635307129069 0.6351809166730031 0.008048857336090797 0.020357951795397965
6 0.8203697807129069 0.6349400221573933 0.009647720003181703 0.023492042154477664
6 0.8312618273790434 0.6309701396438361 0.011192038669636162 0.021938632513557366
6 0.7062345553787251 0.6293536183702054 0.006395450668363623 0.012536361436318444
6 0.8468413740451798 0.6269729860530399 0.011228401336727246 0.025063632513557366
6 0.8514743300445435 0.6222582149758009 0.00803067600254508 0.018795451795397967
6 0.8811891020448617 0.6244292481532883 0.009611357336090975 0.020367042154477665
6 0.912620915380316 0.6398724409716959 0.012827264003817973 0.028197722872636888
6 0.9709601267106798 0.6176565525062102 0.008012494668999892 0.017232951795398143
6 0.9748209233768161 0.6137275766085113 0.0064318133354547054 0.015661361436318445