3 0.84296875 0.38125 0.1765625 0.115625
7 0.90390625 0.3046875 0.1921875 0.26875
0 0.66328125 0.21953125 0.3078125 0.4390625
5 0.7546875 0.21953125 0.490625 0.4390625
8 0.2546875 0.71953125 0.509375 0.5609375
5 0.3953125 0.71953125 0.228125 0.5609375
7 0.4765625 0.5609375 0.065625 0.24375
8 0.60703125 0.73671875 0.1953125 0.4359375
0 0.58671875 0.5643558531466991 0.021875 0.017314765027114553
7 0.5953125 0.6103996061717611 0.046875 0.06589771077238851
5 0.58515625 0.6206149435057787 0.0828125 0.13641928903121964