6 0.24296875 0.00546875 0.0109375 0.0109375
6 0.15859375 0.01640625 0.0109375 0.021875
6 0.04296875 0.03828125 0.0171875 0.0265625
6 0.028125 0.05625 0.0203125 0.03125
6 0.05546875 0.0765625 0.0265625 0.0390625
6 0.1 0.12421875 0.034375 0.0609375
6 0.2125 0.24140625 0.05625 0.1125
6 0.084375 0.01953125 0.0109375 0.0171875
6 0.18984375 0.00546875 0.0078125 0.0109375
4 0.93671875 0.1125 0.1265625 0.225
5 0.77890625 0.35 0.0578125 0.7
5 0.8796875 0.35 0.240625 0.7
1 0.875 0.909375 0.25 0.18125
2 0.815625 0.81015625 0.13125 0.1453125
5 0.875 0.85859375 0.25 0.2828125