6 0.4756983393141372 0.0899958244482022 0.006431813335454351 0.015661361436318445
6 0.41000970464672815 0.09508277936685824 0.007994313335454351 0.0156704517953981
6 0.32946822931254643 0.10086462587425793 0.009574994668999892 0.01724204215447771
6 0.24736425397836462 0.106637382022578 0.009611357336090798 0.02036704215447771
6 0.13472789397677376 0.11770162616884554 0.014335220003181704 0.023519313231716587
6 0.1189301713080921 0.13245447257804935 0.019095445337363515 0.02979658430895542
6 0.14288529197168312 0.15525162314378343 0.02387385200509069 0.037636355386194253
6 0.18058473929822888 0.2054743369412341 0.03036020934118149 0.057985216822512696
6 0.2776313672820024 0.3255782795632499 0.049673830681090256 0.1065318011314682
6 0.09029664131127375 0.10884880093507643 0.011173857336090798 0.02037613251355732
6 0.1762977759786828 0.10388002068445538 0.009574994668999892 0.01724204215447771
6 0.27952277331318276 0.09588623438371018 0.00799431333545444 0.015670451795398055
6 0.3397153859802736 0.09311121320827545 0.007976132001908987 0.014107951795398099
6 0.4030420893141372 0.08957312275099998 0.004832950668363622 0.012527271077238833
6 0.43511879264800085 0.08585322511213214 0.006377269334818081 0.010973861436318445
6 0.44374890531509176 0.08277822208707004 0.004814769334818081 0.010964771077238833
6 0.4515795866486371 0.08126117388246809 0.004796588001272539 0.009402271077238834
6 0.4594557213160463 0.07583787567786619 0.0032159066677271753 0.007830680718159223
6 0.49539322131604624 0.07604695393669743 0.0032340880012727167 0.009393180718159222
6 0.49306765264959174 0.07447081839807798 0.0032340880012727167 0.009393180718159222
6 0.49074208398313707 0.07289468285945855 0.0032340880012725393 0.009393180718159222
6 0.47121083398313707 0.07278105337096333 0.0032340880012725393 0.009393180718159222
6 0.45555856198281897 0.07503389978016717 0.0016534066677273529 0.007821590359079611
8 0.75 0.2296875 0.5 0.459375
8 0.58828125 0.328125 0.1765625 0.2625
4 0.8291035079567293 0.2564611617822197 0.014644302673454134 0.050081813231716586
5 0.8109256726209566 0.27432537265280416 0.05287155601527198 0.11279998184962743
6 0.381863239258458 0.9588089360809123 0.04295111600890866 0.06587043969514958
6 0.48828125 0.96328125 0.0234375 0.0390625
6 0.9453125 0.8609375 0.109375 0.253125
4 0.7034398892823205 0.6259105985505031 0.13608404535327184 0.14765677088084708
2 0.6946290579646834 0.5102265112164857 0.07694430800445425 0.033257927594901204
5 0.7399944599379575 0.707378767168414 0.2347600920591792 0.4372737827847038