8 0.775 0.25 0.45 0.5
8 0.80703125 0.2703125 0.3859375 0.459375
5 0.575 0.296875 0.05 0.1
0 0.50234375 0.5859375 0.0953125 0.171875
0 0.5109375 0.67578125 0.078125 0.1453125
0 0.08984375 0.6015625 0.1796875 0.203125
0 0.43984375 0.8140625 0.1875 0.2046875
0 0.08515625 0.88359375 0.1546875 0.153125
0 0.3796875 0.9359375 0.215625 0.128125
4 0.3875 0.5296875 0.146875 0.059375
5 0.3921875 0.5515625 0.2375 0.103125
2 0.52265625 0.91484375 0.0546875 0.1328125
3 0.49765625 0.93515625 0.034375 0.04375
0 0.096875 0.78515625 0.159375 0.1359375
4 0.11328125 0.70859375 0.1109375 0.1265625
4 0.21953125 0.80390625 0.19375 0.2328125
2 0.240625 0.66484375 0.1078125 0.1046875
3 0.3 0.73359375 0.04375 0.046875
5 0.47421875 0.6421875 0.1515625 0.284375
4 0.471875 0.6328125 0.0921875 0.153125
4 0.52421875 0.83359375 0.0515625 0.1953125
4 0.15234375 0.946875 0.1328125 0.10625
5 0.140625 0.9015625 0.28125 0.196875
5 0.1046875 0.6734375 0.209375 0.275
5 0.24453125 0.76328125 0.35 0.3671875
5 0.49609375 0.92109375 0.1078125 0.1578125
5 0.43984375 0.81328125 0.1859375 0.209375
5 0.49375 0.77265625 0.1125 0.3453125
1 0.9265625 0.5359375 0.10625 0.071875
1 0.60703125 0.5359375 0.1140625 0.071875
4 0.81015625 0.79453125 0.3640625 0.4109375
4 0.615625 0.77109375 0.13125 0.4578125
5 0.775 0.75 0.45 0.5
5 0.64609375 0.75 0.1921875 0.5