3 0.9832367643397436 0.4756405112587762 0.03299430718159222 0.03163180800445424
3 0.829225975210328 0.45946262261300247 0.029851126463433176 0.028470445337363516
3 0.7464180203898678 0.46120748329091105 0.029842036104353476 0.026907945337363515
3 0.65078125 0.44453125 0.0203125 0.0109375
4 0.6570287883438487 0.5403779099697742 0.0681692587805987 0.16953179734245402
4 0.5884060533709634 0.5630528886457737 0.1341760538619427 0.23592041335136288
4 0.7258696919346448 0.5552029312937746 0.11032039734428026 0.16377269334818118
4 0.8096407039366975 0.5846989799490933 0.1214669756031114 0.19983746268299923
4 0.94453125 0.60625 0.1109375 0.225
5 0.94921875 0.71953125 0.1015625 0.5609375
5 0.90703125 0.7171875 0.1859375 0.55625
5 0.79453125 0.703125 0.2171875 0.528125
5 0.70546875 0.6640625 0.1921875 0.45
5 0.6265625 0.63671875 0.178125 0.3953125
5 0.60234375 0.6921875 0.1859375 0.50625