7 0.95703125 0.12890625 0.0859375 0.2578125
5 0.93203125 0.159375 0.1359375 0.31875
1 0.1109375 0.7828125 0.221875 0.25625
2 0.23046875 0.54921875 0.4609375 0.1953125
4 0.24453125 0.93125 0.4890625 0.1375
5 0.24453125 0.71484375 0.4890625 0.5703125
4 0.984375 0.37578125 0.03125 0.1140625
4 0.91484375 0.40859375 0.1265625 0.1796875
4 0.7 0.44609375 0.175 0.2546875
4 0.52265625 0.4609375 0.0671875 0.284375
7 0.925 0.77265625 0.15 0.4546875
1 0.8527185382456528 0.6700786123200813 0.019004530054229106 0.04385908430895533
0 0.8328918515755653 0.6194109918085765 0.04883747579950324 0.0690318011314682
0 0.6828782160369459 0.6179399162802197 0.08181360226293624 0.09734769867214013
7 0.7515625 0.8546875 0.215625 0.290625
6 0.728125 0.9625 0.08125 0.075
5 0.8446111224564123 0.7537223592950191 0.08324078863843631 0.34266019867214015
5 0.746875 0.7796875 0.240625 0.440625
5 0.928125 0.76640625 0.14375 0.4671875
5 0.91640625 0.415625 0.1453125 0.19375
5 0.55078125 0.46171875 0.1234375 0.2859375
5 0.696875 0.44921875 0.271875 0.2609375