5 0.2109375 0.24765625 0.06875 0.2828125
5 0.153125 0.22625177530236504 0.0625 0.28822725334181776
5 0.31484375 0.24296875 0.3515625 0.2921875
5 0.53984375 0.2515625 0.2203125 0.275
2 0.559375 0.2066808785805494 0.15625 0.16431813335454448
2 0.32578125 0.17971148794559338 0.14375 0.15011018268618095
2 0.22734375 0.11913816195895643 0.0140625 0.022038632001908986
2 0.16171875 0.09490177796786511 0.0171875 0.02207499466899989
4 0.15703125 0.16058132196850144 0.0390625 0.09107953333863614
4 0.22109375 0.2129608872931382 0.0375 0.1129363520050907
1 0.284375 0.35234375 0.11875 0.0734375
2 0.884375 0.215625 0.23125 0.19375
5 0.825 0.246875 0.35 0.284375
2 0.41015625 0.5586348245942305 0.3484375 0.22436693738063412
3 0.3859375 0.94296875 0.30625 0.1140625
5 0.325 0.7140625 0.65 0.571875
4 0.9640625 0.61953125 0.071875 0.2421875
2 0.7921875 0.62328985996182 0.1828125 0.259939716024817
3 0.91640625 0.6859069439449571 0.046875 0.10054544000636341
5 0.825 0.66484375 0.35 0.4296875