5 0.1453125 0.19453125 0.290625 0.3890625
5 0.3640625 0.19453125 0.428125 0.3890625
5 0.49140625 0.19453125 0.1953125 0.3890625
4 0.090625 0.28359375 0.18125 0.2109375
4 0.31171875 0.31875 0.2828125 0.140625
4 0.5078125 0.19609375 0.1625 0.3859375
1 0.30565301883774365 0.16015625 0.16707945745273883 0.25
1 0.06328125 0.08828125 0.1265625 0.1765625
5 0.85625 0.19453125 0.2875 0.3890625
0 0.25546875 0.42578125 0.2546875 0.0734375
3 0.2552500605012421 0.4953125 0.1113011143631848 0.0625
4 0.18125 0.646875 0.3625 0.334375
5 0.29453125 0.69453125 0.5890625 0.6109375
8 0.79453125 0.69453125 0.4109375 0.6109375
0 0.9717855163036608 0.95546875 0.01101931323171641 0.0140625
7 0.9763639319947055 0.97421875 0.020439765027114733 0.021875
5 0.9764048386105637 0.9671875 0.02676248789975162 0.034375