1 0.4225602803488169 0.05535758216765609 0.07056703005422929 0.0441590661585828
1 0.1399699732654204 0.15309214198152707 0.07072156615858276 0.07072156615858276
1 0.3881847594679698 0.18992802488786786 0.07693520472226431 0.06450792759490129
1 0.3864217506873711 0.3586825700674076 0.06756929508134384 0.06601588544042372
1 0.11664960617176119 0.4016569070086417 0.06136474687674198 0.07379202400410509
1 0.536707576117532 0.44296160041622457 0.055023843285945874 0.05813066256778665
1 0.56484375 0.21015625 0.0296875 0.0703125
2 0.56640625 0.12578125 0.0265625 0.0609375
2 0.53828125 0.3484375 0.0828125 0.096875
2 0.44296875 0.01171875 0.0921875 0.0234375
2 0.1522159640920382 0.06239896428842995 0.07852497579950324 0.0692045179539809
2 0.15783366325515766 0.3053268076725717 0.10043633723582168 0.07558178298109555
2 0.39398478669352865 0.26723541345154944 0.08164997579950324 0.06922269867214012
2 0.4129080243968885 0.10306837432213381 0.09734769867214013 0.08181360226293632
4 0.059375 0.05546875 0.11875 0.1109375
4 0.19765625 0.12265625 0.1796875 0.2453125
4 0.46660974131759725 0.137911006933887 0.06647949375348397 0.14725679508134393
4 0.45859375 0.02890625 0.1515625 0.0578125
4 0.53125 0.2890625 0.096875 0.128125
5 0.28984375 0.0453125 0.1203125 0.090625
5 0.13828125 0.01171875 0.0953125 0.0234375
5 0.20859375 0.14453125 0.2640625 0.2890625
5 0.0640625 0.096875 0.128125 0.19375
5 0.03828125 0.12578125 0.0765625 0.2515625
5 0.05546875 0.35078125 0.1109375 0.2578125
5 0.1296875 0.23984375 0.259375 0.4546875
5 0.1375 0.36328125 0.275 0.2328125
5 0.346875 0.35 0.2625 0.259375
5 0.36484375 0.26171875 0.2921875 0.4359375
5 0.41875 0.1390625 0.234375 0.278125
5 0.44140625 0.0640625 0.2296875 0.128125
5 0.53359375 0.103125 0.0921875 0.20625
5 0.52109375 0.2578125 0.1171875 0.334375
4 0.646875 0.2203125 0.134375 0.440625
4 0.7203125 0.1609375 0.084375 0.321875
4 0.86328125 0.1140625 0.1359375 0.228125
4 0.978125 0.10390625 0.04375 0.2078125
5 0.94296875 0.23984375 0.1140625 0.4796875
5 0.84375 0.23984375 0.24375 0.4796875
5 0.7328125 0.23984375 0.2125 0.4796875
5 0.6859375 0.23984375 0.2125 0.4796875
8 0.28984375 0.73984375 0.5796875 0.5203125
8 0.48125 0.8609375 0.196875 0.278125
0 0.3296581453993726 0.7152411213952676 0.03455680718159222 0.03144998789975162
3 0.3255791785768599 0.7449513472929666 0.018886355386194254 0.023546584308955332
7 0.3402683924725064 0.7714274888817102 0.06769656010845856 0.08789088544042353
5 0.3189655642136753 0.8074877087292851 0.12007719242562409 0.22881586729005088
8 0.7546875 0.73984375 0.35 0.5203125
8 0.94765625 0.73984375 0.1046875 0.5203125