5 0.07734375 0.23984375 0.1546875 0.4796875
5 0.2203125 0.23984375 0.440625 0.4796875
5 0.34609375 0.23984375 0.2859375 0.4796875
3 0.42265625 0.12684520014507808 0.0859375 0.11143746974937904
2 0.20859375 0.065625 0.1828125 0.13125
4 0.1421875 0.43671875 0.284375 0.0859375
4 0.36328125 0.321875 0.2515625 0.315625
1 0.1421875 0.30972691959986953 0.184375 0.26201016237139496
1 0.6953125 0.140625 0.4125 0.28125
4 0.74453125 0.2859375 0.5109375 0.3875
5 0.74453125 0.23984375 0.5109375 0.4796875
1 0.1140625 0.8453125 0.228125 0.309375
2 0.18984375 0.64140625 0.3796875 0.3015625
5 0.24453125 0.73984375 0.4890625 0.5203125
8 0.5484375 0.90703125 0.11875 0.1859375
8 0.815625 0.76640625 0.36875 0.4671875