1 0.13682729065881852 0.04198647033855416 0.06475339067472685 0.05974770472226434
1 0.3538415206476827 0.12274961524694747 0.06920453333863605 0.03946247579950315
1 0.08141144263209252 0.23917054254726117 0.06638861600890866 0.06600679508134402
1 0.3288404259627745 0.25726097063314174 0.07411020934118148 0.05823974687674198
1 0.33860468260663906 0.4251615429400447 0.06322725334181775 0.0628636143631848
1 0.07384220126513949 0.4868540636245 0.057068160009545024 0.07063975292686617
1 0.49165640993000326 0.49770364257070226 0.05219884667409058 0.05498748184962743
1 0.5248250879615017 0.2654951305686497 0.06482611600890867 0.06599770472226432
2 0.5312847206397284 0.18030706431187107 0.0787613466740904 0.0551420179539809
2 0.4911666086091845 0.4055252329297819 0.0854113360120902 0.08955337939029935
2 0.37106593065722765 0.0523416664766115 0.08831816000954511 0.0708215601084586
2 0.08716255064450103 0.1477370214700223 0.07418293467536322 0.06448974687674207
2 0.10859046594527526 0.3874398709042882 0.09613066000954502 0.07086701190385672
2 0.3388870406190477 0.33375983811958443 0.07728975334181776 0.06294542759490121
2 0.34859039930777397 0.17121438632418634 0.09149770401018138 0.0755272408266178
4 0.02265625 0.1 0.0453125 0.2
4 0.13589040463877403 0.18963817515901432 0.16242946403563474 0.26342721662612095
4 0.40371370397041045 0.2005791785768599 0.057904501352635404 0.14251475292686627
4 0.21796875 0.040625 0.0890625 0.08125
4 0.384375 0.05859375 0.14375 0.1171875
4 0.534375 0.0828125 0.13125 0.165625
4 0.559375 0.421875 0.08125 0.234375
4 0.48326374928391136 0.3462002299047198 0.10141814401654478 0.12245678298109555
5 0.21953125 0.08125 0.1078125 0.1625
5 0.06640625 0.05390625 0.0859375 0.1078125
5 0.14375 0.18125 0.2375 0.3625
5 0.0265625 0.14140625 0.053125 0.2828125
5 0.0953125 0.32265625 0.190625 0.4328125
5 0.11171875 0.4390625 0.2234375 0.2
5 0.30546875 0.4171875 0.2328125 0.24375
5 0.31328125 0.3296875 0.2609375 0.41875
5 0.35558528664068306 0.17429847970832807 0.2131567173774524 0.32621810811666874
5 0.3703125 0.09375 0.215625 0.1875
5 0.5140625 0.1265625 0.171875 0.253125
5 0.50859375 0.31328125 0.1828125 0.3203125
5 0.4796875 0.4453125 0.240625 0.1875
5 0.54609375 0.33828125 0.1078125 0.4015625
8 0.8484375 0.296875 0.303125 0.365625
8 0.7984375 0.26953125 0.396875 0.5390625
0 0.484375 0.72734375 0.23125 0.1140625
0 0.07768755331000107 0.5769422115579554 0.11796929734245402 0.06786927693097144
2 0.1166393232813661 0.7876388170423455 0.17409202800763596 0.057259029857837616
9 0.3 0.76953125 0.6 0.4609375
3 0.06675859663431964 0.6434075488919729 0.0816863520050907 0.03797269867214013
3 0.49346490527532083 0.8299747453246178 0.15399770401018137 0.0758908551898024
3 0.11230526460059398 0.8915632477605048 0.11787839067472702 0.060056776930971265
4 0.14921875 0.95234375 0.2984375 0.0953125
4 0.49453125 0.9265625 0.2109375 0.146875
4 0.0734375 0.69921875 0.146875 0.1515625
5 0.103125 0.66015625 0.20625 0.2421875
5 0.46015625 0.83515625 0.2796875 0.3296875
5 0.184375 0.87578125 0.36875 0.2484375
1 0.66796875 0.92421875 0.1359375 0.1515625
2 0.66484375 0.64453125 0.1296875 0.1671875
5 0.8 0.76953125 0.4 0.4609375