5 0.07659327449508443 0.16015625 0.09872943325224207 0.31875
5 0.0328125 0.13125 0.065625 0.2625
5 0.184375 0.184375 0.36875 0.36875
5 0.4234375 0.2046875 0.390625 0.328125
5 0.54453125 0.184375 0.1484375 0.36875
2 0.43141712988127867 0.13671875 0.16976812021691715 0.175
2 0.19890006655136627 0.0859375 0.15718630698520056 0.1609375
2 0.10634038270994903 0.015625 0.015761355386194255 0.0234375
4 0.03113584963065765 0.05078125 0.0474204215447771 0.09375
4 0.09095121116517202 0.109375 0.04911018657189174 0.115625
1 0.38203125 0.325 0.1671875 0.0875
1 0.1359375 0.29296875 0.1375 0.1515625
2 0.9296875 0.16328125 0.140625 0.3109375
5 0.809375 0.184375 0.38125 0.36875
8 0.4703125 0.5984375 0.296875 0.303125
8 0.40546875 0.81328125 0.4265625 0.3734375
4 0.4725597594679698 0.54609375 0.014198855386194253 0.0234375
5 0.4749262353656688 0.5421875 0.022074987899751618 0.034375
4 0.809375 0.9265625 0.38125 0.146875
1 0.85078125 0.80234375 0.2984375 0.2703125
2 0.8578125 0.5734375 0.284375 0.2
5 0.809375 0.7140625 0.38125 0.571875