1 0.32265625 0.0203125 0.0703125 0.040625
1 0.1046875 0.10832486139399719 0.0734375 0.04616702267663593
1 0.3953125 0.2046753394334499 0.071875 0.07271134134309047
1 0.14140625 0.23046875 0.0796875 0.0390625
2 0.0828125 0.03828125 0.096875 0.0765625
2 0.38125 0.11232420743154092 0.08125 0.0728204293443631
2 0.11484375 0.1568805400620426 0.1 0.08553860534690845
4 0.4359375 0.08046875 0.046875 0.1609375
4 0.334375 0.13359375 0.1875 0.2328125
4 0.06015625 0.18359375 0.0703125 0.1328125
4 0.23671875 0.02890625 0.0984375 0.0578125
4 0.07109375 0.05625 0.1421875 0.1125
5 0.23828125 0.07109375 0.1234375 0.1421875
5 0.39453125 0.0359375 0.0984375 0.071875
5 0.3234375 0.125 0.271875 0.25
5 0.43125 0.12265625 0.05625 0.2453125
5 0.365625 0.15390625 0.1875 0.1921875
5 0.16484375 0.17109375 0.3046875 0.1578125
5 0.11484375 0.125 0.2296875 0.25
5 0.1015625 0.09296875 0.203125 0.1859375
4 0.63359375 0.125 0.3484375 0.25
5 0.7296875 0.125 0.540625 0.25
8 0.296875 0.49375 0.325 0.4875
5 0.578125 0.29140625 0.1625 0.0828125
3 0.803125 0.4667940787714497 0.0265625 0.03624658267027261
3 0.55078125 0.8099515434038604 0.01875 0.03459317600254543
0 0.7921875 0.3908855594366316 0.0875 0.11976815467854487
0 0.57421875 0.7594430134070421 0.084375 0.15254429201145392
7 0.5109375 0.77578125 0.103125 0.2265625
7 0.8625 0.6127974694461766 0.1453125 0.34856586401972633
5 0.86484375 0.6609375 0.2046875 0.678125
5 0.5515625 0.8265625 0.184375 0.346875