6 0.0953125 0.128125 0.15625 0.25625
1 0.66796875 0.0781837085853219 0.0265625 0.03780908267027261
1 0.6921875 0.08571439791536753 0.0125 0.012645450668363534
1 0.765625 0.1739223752387316 0.028125 0.05345226400381797
1 0.9421875 0.09061788454809641 0.0265625 0.03312158267027261
0 0.94609375 0.050728681214232726 0.0375 0.05199885200509069
0 0.8671875 0.042271838558277694 0.0375 0.05043635200509069
0 0.76640625 0.12860078457195892 0.046875 0.0708579400063634
0 0.59609375 0.10636379992841238 0.0453125 0.07396475867281786
0 0.66796875 0.02578125 0.0359375 0.0515625
0 0.69140625 0.05369223858214025 0.025 0.04404090133672715
7 0.66328125 0.12276950258595827 0.0828125 0.08377611067790855
7 0.53046875 0.22353366593732105 0.0921875 0.20419769867918128
7 0.82265625 0.23810250656432289 0.1046875 0.1934056493475449
7 0.86484375 0.18526786055859593 0.09375 0.17140338001272665
7 0.946875 0.17103209054746005 0.090625 0.16511701734563572
5 0.94140625 0.190625 0.1171875 0.3375
5 0.859375 0.1859375 0.1125 0.346875
5 0.80625 0.22421875 0.16875 0.2703125
5 0.70390625 0.10198428791377667 0.0546875 0.1365738466740906
5 0.67421875 0.08671875 0.1109375 0.1734375
5 0.54609375 0.21171875 0.1421875 0.2953125
7 0.175 0.48046875 0.35 0.2421875
5 0.175 0.67265625 0.35 0.6265625
3 0.75234375 0.9205348405872309 0.0671875 0.14140679734245404
7 0.58203125 0.92578125 0.2484375 0.1484375
0 0.79453125 0.7044189445815039 0.221875 0.3900817493634531
5 0.68046875 0.746875 0.4484375 0.50625