3 0.48387659289316237 0.03773388767991874 0.04399543969514959 0.042442030054229286
2 0.2323373396717086 0.1745470446885605 0.07540906615858275 0.07074883723582168
4 0.4869839330558502 0.16899752321853817 0.15140900565734086 0.24306017447164335
5 0.32120037265280404 0.2750606499765588 0.2565510236113216 0.32179422852997774
5 0.50390625 0.19453125 0.2171875 0.3890625
9 0.825 0.35078125 0.35 0.5171875
5 0.29609375 0.66796875 0.0828125 0.1171875
5 0.084375 0.8046875 0.1625 0.390625
5 0.3640625 0.72890625 0.15 0.2390625
8 0.825 0.8125 0.35 0.375
8 0.8125 0.9375 0.325 0.125