2 0.04564586074894743 0.09453125 0.07383747579950324 0.06875
4 0.28828125 0.1 0.1484375 0.2
5 0.13212878229372454 0.18828125 0.2502373910977642 0.309375
5 0.3046875 0.146875 0.215625 0.29375
1 0.33203125 0.86796875 0.2984375 0.2640625
2 0.2747010599120669 0.6234375 0.28544766237139496 0.184375
5 0.24453125 0.74453125 0.4890625 0.5109375
9 0.7083685745463981 0.65 0.10239881303532491 0.14375
9 0.5490799329576543 0.66484375 0.10055451190385671 0.0953125
7 0.6199009721852659 0.61796875 0.1342760478118185 0.2515625
7 0.81171875 0.56328125 0.0859375 0.1484375
3 0.590625 0.49609375 0.034375 0.0140625
5 0.64375 0.74453125 0.275 0.5109375
5 0.8203125 0.7109375 0.18125 0.44375