3 0.2984375 0.46953125 0.159375 0.0390625
3 0.4275538700205255 0.22895364257070225 0.02512726502711473 0.022020445745273953
2 0.5625 0.10859375 0.0125 0.0328125
2 0.42185331586399516 0.18914170882748094 0.04082498789975162 0.03461134933607006
2 0.2445550176593933 0.19798596458301754 0.22451016237139482 0.18567492134838534
5 0.12775840309981684 0.26585524151398887 0.08352154800821018 0.12235678903121974
5 0.4421299753085239 0.31715307933898573 0.18774648145684392 0.3120192527304745
5 0.5453125 0.23671875 0.046875 0.3109375
5 0.284375 0.27734375 0.56875 0.4234375
4 0.42532374950902063 0.24849852810932171 0.07382838544042354 0.06761474687674199
8 0.784375 0.24453125 0.43125 0.4890625
8 0.784375 0.24453125 0.43125 0.4890625
5 0.6890625 0.37109375 0.240625 0.2359375
2 0.4890625 0.76640625 0.159375 0.2046875
0 0.26687037919390766 0.6482990610904172 0.14476812021691715 0.17583631303532493
2 0.04296875 0.703125 0.0859375 0.1625
3 0.48203125 0.9328125 0.0828125 0.134375
3 0.2793072675611974 0.7716683833973201 0.08166815651766228 0.07234769867214012
3 0.06244702048806365 0.829181943309387 0.07222043364502548 0.05979315651766237
4 0.11796875 0.89453125 0.2359375 0.2109375
4 0.35 0.89140625 0.2375 0.2171875
5 0.46796875 0.821875 0.2015625 0.35625
5 0.34921875 0.771875 0.3796875 0.45625
5 0.14921875 0.8 0.2984375 0.4
4 0.9203125 0.5828125 0.159375 0.1875
5 0.88828125 0.70859375 0.2234375 0.4390625
5 0.93046875 0.8015625 0.1390625 0.396875