6 0.21056007073517868 0.3640625 0.038099984006999675 0.0515625
5 0.55859375 0.2046875 0.3171875 0.409375
3 0.33864651869827134 0.5296875 0.030414753341817757 0.0625
3 0.18109764803468026 0.55234375 0.038172709341181485 0.0578125
0 0.19821187535804433 0.47890625 0.07610906134627218 0.0953125
0 0.353125 0.46015625 0.0875 0.1015625
7 0.33046875 0.6984375 0.1390625 0.3375
7 0.14256295404995223 0.66484375 0.15003855203690736 0.271875
5 0.12421875 0.71171875 0.2484375 0.5765625
5 0.290625 0.7046875 0.21875 0.590625
8 0.84375 0.65390625 0.3125 0.4890625
5 0.9363504114019514 0.64765625 0.07349313868554468 0.1390625