6 0.34765625 0.51015625 0.0546875 0.0171875
6 0.21484375 0.759375 0.4296875 0.48125
4 0.078125 0.9109375 0.15625 0.178125
3 0.04140625 0.75390625 0.0828125 0.1578125
5 0.21484375 0.759375 0.4296875 0.48125
6 0.7738334515008105 0.60859375 0.015861349336070064 0.040625
9 0.9828125 0.53671875 0.034375 0.0359375
9 0.49921875 0.65625 0.1390625 0.275
3 0.8048607377033598 0.5703125 0.01884999394987581 0.0171875
0 0.79140625 0.54453125 0.0578125 0.0515625
7 0.82265625 0.6171875 0.1265625 0.196875
5 0.8578125 0.75390625 0.221875 0.4703125