3 0.50234375 0.0296875 0.1546875 0.059375
4 0.3828125 0.0765625 0.39375 0.153125
5 0.28984375 0.07890625 0.5796875 0.1578125
3 0.4265625 0.42141347521032807 0.234375 0.15761355386194253
2 0.440625 0.21524528844204455 0.2390625 0.09514082493918145
4 0.375 0.55234375 0.409375 0.0734375
5 0.3515625 0.37578125 0.45625 0.4265625
0 0.85 0.04036346311007959 0.015625 0.025090903590796198
0 0.79296875 0.05253166500367357 0.015625 0.02196590359079611
3 0.85078125 0.0591180082896194 0.00625 0.009411361436318443
4 0.86171875 0.07324414080317672 0.028125 0.03766362646343309
4 0.7859375 0.10014700838781528 0.0203125 0.05949317466803503
5 0.78203125 0.0985617824901162 0.04375 0.11900453005422928
5 0.8546875 0.09273448418731842 0.05 0.13154089149054773
3 0.1359375 0.8167981772021179 0.046875 0.02214771077238851
0 0.0953125 0.7962493278660476 0.0875 0.047384060108458484
5 0.440625 0.72578125 0.278125 0.2734375
5 0.18984375 0.884375 0.3203125 0.23125
4 0.1140625 0.8885459121750031 0.134375 0.10703177088084707
5 0.628125 0.609375 0.084375 0.040625
7 0.73125 0.9203125 0.178125 0.159375
0 0.725 0.754153773218538 0.075 0.11137383723582159
5 0.7328125 0.84609375 0.175 0.3078125