5 0.1046875 0.103125 0.209375 0.20625
4 0.1046875 0.5109375 0.209375 0.196875
5 0.1046875 0.315625 0.209375 0.5875
8 0.53671875 0.39765625 0.6546875 0.4234375
0 0.3625 0.4514143126193658 0.0265625 0.02999658267027261
3 0.35625 0.4717995379535476 0.0140625 0.012663632001908986
4 0.35078125 0.4913944226209567 0.0359375 0.03948067067154515
5 0.3546875 0.47338021928709306 0.046875 0.07710794000636341
3 0.42265625 0.6939018046228657 0.05625 0.035029528007635945
0 0.38359375 0.6638875879615018 0.1046875 0.0715306493475449
5 0.7953125 0.7375 0.409375 0.25625
5 0.45234375 0.8078125 0.4203125 0.384375
4 0.38203125 0.7670307692950472 0.16875 0.147276084022908