4 0.3453125 0.33828125 0.26875 0.2109375
2 0.42109375 0.0375 0.1171875 0.075
5 0.23984375 0.2265625 0.4796875 0.453125
2 0.41953125 0.48515625 0.1203125 0.0671875
0 0.34601412336886206 0.7115484948336386 0.09916475334181776 0.06307269262201594
0 0.1863942227084526 0.7585740066392994 0.1164431600095451 0.07098518657189175
4 0.17109375 0.91953125 0.1640625 0.1609375
4 0.37051577872372465 0.8700104346269841 0.1408260893539081 0.152371541958086
3 0.34363455804422516 0.7756291755517978 0.04729317067154533 0.03621021077238851
3 0.2097686353834977 0.8201609464326449 0.047274989337999784 0.034647710772388506
5 0.33828125 0.8375 0.2578125 0.325
5 0.18359375 0.859375 0.2171875 0.28125
8 0.73984375 0.759375 0.5203125 0.48125
8 0.60390625 0.759375 0.2484375 0.48125
5 0.9351509907304061 0.6126155702637994 0.09740335335772628 0.18024201190385672
4 0.9504669080601336 0.5859621666730032 0.01956816000954511 0.07042158430895533