0 0.94765625 0.05859375 0.1046875 0.1171875
0 0.48671875 0.09453125 0.1671875 0.1890625
7 0.890625 0.446875 0.21875 0.40625
7 0.70390625 0.284375 0.3453125 0.56875
7 0.5 0.48984375 0.221875 0.3203125
3 0.45978600693388694 0.2922177536142373 0.08959883118569749 0.09270565046753809
3 0.9445291664766113 0.22611849229955575 0.09437723477649343 0.10835792154477701
5 0.81484375 0.325 0.3703125 0.65
5 0.7078125 0.325 0.50625 0.65
5 0.5109375 0.325 0.24375 0.65
4 0.19453125 0.89140625 0.3890625 0.2171875
1 0.27583020521324364 0.8160643197728202 0.0736102168225127 0.030114746876741805
5 0.19453125 0.88515625 0.3890625 0.2296875
5 0.28984375 0.9171875 0.1984375 0.165625
6 0.71171875 0.72734375 0.0734375 0.1546875
9 0.80078125 0.8765625 0.3984375 0.246875