5 0.721875 0.1765625 0.165625 0.353125
5 0.89375 0.12109375 0.15625 0.2421875
1 0.1203125 0.3859375 0.065625 0.053125
7 0.1334771379745064 0.5358808743221337 0.1435237827847038 0.23051472267624523
5 0.1546875 0.6796875 0.303125 0.640625
1 0.57890625 0.80859375 0.0796875 0.1203125
4 0.85546875 0.76015625 0.2890625 0.4203125
1 0.8446413760706497 0.5600127450300303 0.07044885538619425 0.02384656615858276
4 0.6703125 0.9203125 0.2625 0.15
5 0.84921875 0.76015625 0.3015625 0.4390625
5 0.7140625 0.78828125 0.35 0.4078125
2 0.62890625 0.6421875 0.1796875 0.10625