5 0.16484375 0.1546875 0.3296875 0.309375
4 0.16484375 0.1671875 0.3296875 0.284375
1 0.1796875 0.04921875 0.23125 0.0984375
7 0.10859375 0.35078125 0.2171875 0.0828125
5 0.16484375 0.6546875 0.3296875 0.690625
8 0.66484375 0.66171875 0.6703125 0.5421875
8 0.9109375 0.825 0.178125 0.35
2 0.8871479376520461 0.6438473895456401 0.017323855386194253 0.02353749394987581
3 0.8784451033430909 0.6626473865205781 0.012554542154477844 0.009447722872636889
4 0.8721223804704538 0.6751837479568966 0.031495439695149584 0.04236930718159222
5 0.8624973955957644 0.7182070401113743 0.07134880093507653 0.17853406615858275