4 0.36953125 0.371875 0.4421875 0.334375
5 0.3703125 0.26953125 0.7375 0.5390625
1 0.32816292407885983 0.1588998396717086 0.2171612706844554 0.2653169695529872
1 0.8046875 0.12890625 0.13125 0.2578125
4 0.86953125 0.34765625 0.2609375 0.3828125
5 0.86953125 0.26953125 0.2609375 0.5390625
1 0.4 0.67265625 0.434375 0.2671875
4 0.36953125 0.83828125 0.7390625 0.3234375
5 0.36953125 0.76953125 0.7390625 0.4609375
3 0.928125 0.7328125 0.14375 0.334375
4 0.86953125 0.8984375 0.2609375 0.203125
5 0.86953125 0.76953125 0.2609375 0.4609375