4 0.25390625 0.225 0.4703125 0.45
5 0.2796875 0.225 0.559375 0.45
1 0.30546875 0.046875 0.2265625 0.09375
0 0.7984375 0.04609375 0.178125 0.0921875
3 0.7504615247896721 0.1515625 0.10838519262201603 0.0984375
3 0.9421875 0.26953125 0.115625 0.1796875
4 0.7015625 0.33046875 0.284375 0.2390625
5 0.61875 0.225 0.11875 0.45
5 0.7359375 0.225 0.353125 0.45
5 0.87421875 0.225 0.2515625 0.45
5 0.2796875 0.725 0.559375 0.55
4 0.29765625 0.746875 0.4359375 0.50625
1 0.3890625 0.50234375 0.225 0.1046875
2 0.69453125 0.58671875 0.2703125 0.2703125
5 0.7796875 0.725 0.440625 0.55