4 0.2296875 0.434375 0.459375 0.33125
5 0.2296875 0.3 0.459375 0.6
1 0.1587771198241338 0.24241684250037893 0.24855671642972937 0.2904987767345796
2 0.1078125 0.0390625 0.215625 0.078125
9 0.71171875 0.053125 0.1984375 0.10625
3 0.56796875 0.0421875 0.1234375 0.084375
4 0.6296875 0.2703125 0.340625 0.540625
4 0.915625 0.234375 0.16875 0.46875
5 0.88203125 0.3 0.2359375 0.6
5 0.55234375 0.3 0.1859375 0.6
5 0.6765625 0.0640625 0.221875 0.128125
5 0.6515625 0.3 0.384375 0.6
6 0.3200691438282388 0.7983668606507516 0.20820442720211788 0.33713742739850944
6 0.17289870715815123 0.7467311168972675 0.1374646803253757 0.26329086123992684
6 0.06484375 0.70546875 0.1203125 0.2109375
7 0.8121566498783629 0.8677066922292325 0.020503397540672097 0.03293067466803486
0 0.8057702944921686 0.844232830792914 0.007876132513557366 0.010982951795397966
5 0.8130288034691592 0.8833362374087723 0.03802724082661788 0.09084316861791067
8 0.9421875 0.8921875 0.115625 0.215625
8 0.75 0.8 0.5 0.4