2 0.2681970507386847 0.2453125 0.28822827048806376 0.39375
5 0.21953125 0.24375 0.4390625 0.45
4 0.71328125 0.0984375 0.2015625 0.196875
0 0.8453125 0.04921875 0.109375 0.0984375
3 0.8024397196511831 0.09453125 0.02832498789975162 0.034375
4 0.44921875 0.13125 0.0203125 0.2625
5 0.5203125 0.234375 0.1625 0.46875
5 0.73671875 0.0109375 0.2015625 0.021875
5 0.73125 0.234375 0.35 0.46875
5 0.940625 0.234375 0.11875 0.46875
8 0.21953125 0.7796875 0.4390625 0.440625
8 0.09453125 0.57421875 0.1890625 0.2109375
8 0.6484375 0.81953125 0.41875 0.3609375
8 0.65 0.67578125 0.421875 0.3609375