5 0.24765625 0.25 0.4953125 0.5
4 0.2109375 0.43671875 0.353125 0.1265625
2 0.19140625 0.028125 0.1984375 0.05625
1 0.1859375 0.2740231340706331 0.1875 0.23343176002545327
8 0.75 0.22265625 0.5 0.4453125
0 0.28125 0.7596702800763602 0.15625 0.07994313335454457
0 0.3 0.5747322060789054 0.11875 0.0904442813494537
0 0.48984375 0.59609375 0.0203125 0.0328125
3 0.29375 0.6020032307447236 0.04375 0.030196577339272324
3 0.25546875 0.8187452880728603 0.0296875 0.03315794533736351
4 0.38046875 0.6866060447564959 0.2015625 0.19140789202736244
4 0.3265625 0.909375 0.221875 0.18125
5 0.48828125 0.646875 0.0234375 0.13125
5 0.35546875 0.7027213934197688 0.234375 0.35897720003181666
5 0.28125 0.8625 0.34375 0.275