5 0.15625 0.32265625 0.3125 0.3921875
8 0.725 0.259375 0.55 0.51875
2 0.7669180640515431 0.275888771666414 0.011101132001908987 0.014126132513557366
3 0.7718146493873157 0.29383025058917517 0.006377269334818081 0.010973861436318445
4 0.7689350973901792 0.3149421813073344 0.017642033338636055 0.03916249394987581
5 0.7775379380569519 0.3156734343323965 0.03862724267981754 0.09709316861791084
1 0.23359375 0.815625 0.4328125 0.278125
2 0.225 0.57578125 0.45 0.1140625
4 0.225 0.91875 0.45 0.1625
5 0.225 0.759375 0.45 0.48125
7 0.54375 0.64375 0.1875 0.228125
7 0.7812832927673135 0.7455427415139889 0.18486918006045167 0.44635789129415604
1 0.8603975334181779 0.6286683380213886 0.017696577339272324 0.04384999394987581
0 0.8722884587444055 0.5762518651487516 0.04763861600890884 0.06589771077238851
0 0.9890625 0.55859375 0.021875 0.0796875
7 0.94296875 0.8140625 0.1140625 0.321875
5 0.8816645534293137 0.7105814133533535 0.07269534937936158 0.3394624757995032
5 0.9359375 0.759375 0.128125 0.48125
5 0.72578125 0.759375 0.2859375 0.48125
5 0.553125 0.765625 0.20625 0.46875