4 0.35234375 0.5640625 0.1953125 0.290625
5 0.225 0.3546875 0.45 0.709375
1 0.41171875 0.35703125 0.0765625 0.2421875
2 0.3921875 0.0859375 0.115625 0.171875
8 0.78515625 0.3125 0.4296875 0.625
0 0.94296875 0.36796875 0.0296875 0.028125
0 0.659375 0.35703125 0.0421875 0.040625
0 0.61953125 0.34765625 0.0296875 0.034375
0 0.5828125 0.3171875 0.0421875 0.04375
0 0.4765625 0.3421875 0.0265625 0.0328125
0 0.4609375 0.30546875 0.021875 0.0328125
3 0.56953125 0.35234375 0.0125 0.0140625
3 0.6234375 0.37890625 0.0171875 0.01875
3 0.65078125 0.3984375 0.01875 0.0203125
1 0.93984375 0.3984375 0.0203125 0.01875
7 0.94375 0.465625 0.0515625 0.109375
7 0.684375 0.459375 0.06875 0.1453125
7 0.625 0.4359375 0.046875 0.1140625
7 0.578125 0.4234375 0.0640625 0.125
7 0.4921875 0.4765625 0.0296875 0.078125
7 0.46875 0.42421875 0.0375 0.1484375
5 0.47265625 0.49140625 0.0453125 0.4140625
5 0.48359375 0.496875 0.065625 0.34375
5 0.57421875 0.49609375 0.08125 0.40625
5 0.625 0.5109375 0.053125 0.36875
5 0.67578125 0.52265625 0.0921875 0.3734375
5 0.93046875 0.50546875 0.0890625 0.3109375
1 0.33359375 0.71953125 0.0640625 0.0203125
1 0.07890625 0.71953125 0.0734375 0.0203125
1 0.05546875 0.87109375 0.0625 0.0609375
1 0.32109375 0.9515625 0.0546875 0.0703125
2 0.29453125 0.84765625 0.0953125 0.0671875
2 0.0625 0.77890625 0.0765625 0.0625
4 0.28203125 0.74296875 0.1546875 0.0671875
5 0.275 0.76328125 0.225 0.1078125
5 0.39453125 0.9 0.1109375 0.2
5 0.334375 0.8546875 0.221875 0.290625
5 0.28828125 0.9015625 0.2390625 0.196875
5 0.09453125 0.87265625 0.1890625 0.2546875
5 0.10390625 0.8546875 0.2078125 0.290625
8 0.81015625 0.8546875 0.3796875 0.290625
8 0.5875 0.95078125 0.275 0.0984375