5 0.284375 0.28984375 0.56875 0.5796875
4 0.34140625 0.3328125 0.4546875 0.49375
1 0.2921875 0.09375 0.25625 0.1875
4 0.784375 0.446875 0.43125 0.265625
5 0.784375 0.28984375 0.43125 0.5796875
0 0.08828125 0.71640625 0.1765625 0.2203125
0 0.4578125 0.653125 0.215625 0.146875
0 0.3765625 0.628125 0.065625 0.096875
2 0.22987787665982484 0.669942256933887 0.11002041549465283 0.1115738251355733
3 0.41861312373295856 0.7250923234852532 0.034638620413308806 0.04551248789975162
3 0.5017569009585175 0.8019497392744936 0.07887040944452864 0.12857951795398082
3 0.24475292203575635 0.7987576033430909 0.050372704722264315 0.06435339149054764
4 0.264383645104785 0.9158269286750558 0.04755677693097127 0.11746021077238851
4 0.3734375 0.878125 0.21875 0.24375
4 0.39045578659533275 0.8650951547691467 0.08552038524403187 0.19736587939029926
4 0.478125 0.86484375 0.18125 0.2703125
0 0.34870059953246174 0.656751389643836 0.0645988311856975 0.09256020472226431
3 0.3662057412194013 0.7363343505144204 0.040879530054229285 0.04398634933607006
0 0.29277278639894105 0.7359803473911624 0.025245439695149585 0.04233294574527378
5 0.28274328054520864 0.84853488954564 0.1375464935570923 0.2773533612399269
5 0.36319437070789656 0.7168212812325796 0.10132719242562409 0.22870678298109545
5 0.44140625 0.78984375 0.2546875 0.4203125
5 0.46796875 0.78984375 0.2015625 0.4203125
5 0.365625 0.79609375 0.36875 0.4078125
0 0.2203125 0.78984375 0.440625 0.4203125
9 0.284375 0.78984375 0.56875 0.4203125
8 0.784375 0.78984375 0.43125 0.4203125