5 0.21484375 0.225 0.4296875 0.45
2 0.259375 0.07734375 0.23125 0.1546875
1 0.2505919151018694 0.2886422599589491 0.22639991529826115 0.24193401170746495
9 0.79765625 0.053125 0.1609375 0.10625
3 0.6453125 0.01875 0.10625 0.0375
3 0.4625 0.153125 0.065625 0.178125
4 0.60625 0.225 0.31875 0.45
4 0.915625 0.240625 0.16875 0.41875
5 0.89296875 0.225 0.2140625 0.45
5 0.528125 0.225 0.196875 0.45
5 0.78125 0.059375 0.171875 0.11875
5 0.61875 0.225 0.378125 0.45
8 0.21484375 0.69375 0.4296875 0.4875
8 0.68671875 0.74609375 0.5140625 0.5078125