5 0.33046875 0.2296875 0.3765625 0.459375
2 0.3890625 0.03671875 0.178125 0.0734375
1 0.41875 0.159375 0.2 0.23125
0 0.53125 0.30234375 0.025 0.0515625
2 0.5484375 0.1671875 0.059375 0.03125
4 0.53203125 0.240625 0.0265625 0.103125
4 0.8109375 0.02421875 0.16875 0.0484375
3 0.5523876391528567 0.18855448165323568 0.03292158430895533 0.01894089754067192
5 0.56875 0.28046875 0.1 0.2609375
5 0.8078125 0.11875 0.275 0.2375
8 0.3828125 0.66328125 0.271875 0.4078125
8 0.08193021428842995 0.5446181292921035 0.15386131908544903 0.12745335518980258
8 0.27421875 0.85546875 0.4890625 0.2890625
5 0.19107691354974526 0.8530760447867565 0.04408634328594587 0.05806703005422946
4 0.1980627117543472 0.8609294514026147 0.025145445745273953 0.025145445745273776