5 0.24140625 0.15 0.4828125 0.3
2 0.21328125 0.0640625 0.2171875 0.128125
1 0.1921875 0.25703125 0.2125 0.0859375
0 0.20703125 0.34296875 0.1921875 0.0859375
2 0.06171875 0.5171875 0.1234375 0.078125
2 0.4150739915139889 0.4755651649054776 0.18164088544042353 0.06824198165323558
9 0.36953125 0.628125 0.3203125 0.65625
3 0.3714245063447118 0.3237435896717086 0.08618293969514959 0.04268746974937896
3 0.17868703962039492 0.41715672550491567 0.12230224687674199 0.07414654800821019
3 0.40585755191703504 0.5825464179305397 0.12226588544042354 0.06789654800821018
3 0.04765625 0.6265625 0.0953125 0.071875
4 0.11640625 0.7796875 0.2328125 0.303125
4 0.378125 0.74765625 0.303125 0.3171875
7 0.15 0.534375 0.3 0.278125
4 0.3546875 0.38203125 0.196875 0.1640625
5 0.3828125 0.3859375 0.271875 0.171875
5 0.3515625 0.7140625 0.35625 0.571875
5 0.1609375 0.73515625 0.321875 0.5296875
5 0.1859375 0.5015625 0.371875 0.403125
8 0.76484375 0.65 0.4703125 0.7
0 0.6671116518422803 0.914927125874258 0.011019313231716588 0.014126132513557366
7 0.6560741578924045 0.9320509933607006 0.020439765027114733 0.021993174668035208
5 0.6584588145082628 0.9250333788993199 0.02676248789975162 0.034529536104353296