5 0.15390625 0.16484375 0.3078125 0.3296875
2 0.04765625 0.0265625 0.0953125 0.053125
1 0.0515625 0.13828125 0.103125 0.2296875
3 0.98359375 0.0515625 0.0328125 0.0375
2 0.953125 0.0203125 0.09375 0.040625
5 0.93203125 0.16328125 0.1359375 0.3265625
5 0.04921875 0.64921875 0.0984375 0.2203125
5 0.20007798460377568 0.66328125 0.10269083736472595 0.23125
4 0.04143023794559344 0.60078125 0.03341248400699968 0.0515625
4 0.2185558119430481 0.61953125 0.03982611600890866 0.065625
0 0.050560337285184075 0.5546875 0.023764764003817974 0.028125
3 0.05189557061586596 0.57421875 0.006359088001272717 0.009375
3 0.21503136994750244 0.58671875 0.004796588001272717 0.009375
0 0.2230893179503659 0.565625 0.023728401336727066 0.025
8 0.7671875 0.66484375 0.465625 0.6703125
8 0.734375 0.63203125 0.53125 0.6046875