1 0.2211512746914762 0.15078125 0.15764991529826097 0.240625
4 0.16953125 0.41875 0.3390625 0.28125
5 0.21875 0.2796875 0.4375 0.559375
0 0.256897356269957 0.68203125 0.15831246974937904 0.0859375
3 0.23545362744539178 0.7421875 0.03144089754067192 0.0328125
4 0.4921875 0.58203125 0.06875 0.0453125
4 0.34921875 0.63046875 0.2109375 0.1421875
4 0.31223377518245543 0.8390625 0.2325135599120669 0.2171875
5 0.48046875 0.58984375 0.0890625 0.0609375
5 0.32421875 0.68046875 0.2546875 0.2421875
5 0.26953125 0.81953125 0.3671875 0.3609375
1 0.81484375 0.7796875 0.3703125 0.303125
2 0.81484375 0.58828125 0.3703125 0.0578125
4 0.81484375 0.94609375 0.3703125 0.1078125
5 0.81484375 0.7796875 0.3703125 0.440625