5 0.259375 0.259375 0.51875 0.51875
2 0.2328125 0.06953125 0.2125 0.1390625
1 0.19462544072245197 0.3437797327333902 0.2075237880330894 0.24494083703942984
8 0.759375 0.259375 0.48125 0.51875
6 0.39990328672022474 0.6055212086310892 0.028815890674727028 0.05953862646343318
6 0.2923811407144978 0.563956398228043 0.019259077339272502 0.04385908430895533
6 0.24606921471195245 0.5454745638208918 0.012899989337999785 0.034447722872636886
6 0.10785269406426981 0.6861319009585175 0.04972837468172653 0.1112193011314682
6 0.13344249271958847 0.602383614854164 0.03519316000954502 0.07051248789975162
6 0.11262091538031602 0.5587517895221991 0.01762385200509069 0.03759999394987581
6 0.10615273937777073 0.5400381509585175 0.01280908267027261 0.026635222872636886
6 0.5171875 0.57734375 0.003125 0.0265625
6 0.4845231873806341 0.55893203406125 0.009629538669636162 0.021929542154477667
6 0.21859819537713437 0.5346961451047851 0.009629538669636162 0.021929542154477667
9 0.259375 0.81953125 0.51875 0.3609375
5 0.765625 0.759375 0.46875 0.48125
4 0.81953125 0.93125 0.3609375 0.1375
1 0.8716515647278609 0.8226496212970715 0.20278174403245294 0.240226065962191
2 0.896875 0.55703125 0.20625 0.0765625