1 0.15234375 0.0421875 0.1609375 0.084375
4 0.11328125 0.33359375 0.2265625 0.4921875
5 0.175 0.28984375 0.35 0.5796875
8 0.8421875 0.234375 0.315625 0.46875
8 0.6078125 0.37734375 0.35625 0.4046875
2 0.9250214653882702 0.28547025875235976 0.012699994668999893 0.01733295066836362
7 0.9025470287237246 0.3008316294159507 0.028579533338636054 0.039389764003817974
5 0.9096328227243611 0.3056009454169052 0.04603975334181776 0.06302725867281786
5 0.37008742270049844 0.7289117234245412 0.006559082670272609 0.026635225334181813
8 0.36309253536758934 0.7319549074235867 0.06844201201463562 0.10859429734245403
9 0.332151618037862 0.7581537807526779 0.025454533338636055 0.039353401336727066
9 0.29177206604072536 0.7787748160804963 0.05089088534372692 0.0771443026734544
7 0.35416297803945274 0.7701270694223141 0.008048857336090797 0.020403406667727175
5 0.3542629753739527 0.7787208194223141 0.010011346674090583 0.05479658800127272
8 0.146875 0.91171875 0.184375 0.1765625
8 0.1765625 0.78984375 0.353125 0.4203125
9 0.42463801535645346 0.6506509107654045 0.009574994668999892 0.017296588001272716
9 0.42734375 0.6765625 0.0046875 0.025
9 0.42109375 0.68984375 0.0171875 0.0234375
9 0.40547039202736246 0.6816736440960864 0.014280676002545433 0.018913632001908987
1 0.628125 0.72421875 0.396875 0.2890625
4 0.71484375 0.88203125 0.5703125 0.2359375
5 0.71484375 0.78984375 0.5703125 0.4203125