5 0.16171875 0.234375 0.3234375 0.46875
4 0.0859375 0.25859375 0.171875 0.4203125
8 0.73984375 0.2734375 0.5203125 0.390625
0 0.02109375 0.50703125 0.0421875 0.0765625
0 0.1411365217646099 0.5147175267345796 0.03617384933607006 0.04083407825883114
0 0.2014649677062755 0.6197595507386847 0.04100679508134393 0.06586134933607006
3 0.1416632417103806 0.5584720719141194 0.022011355386194253 0.023564765027114732
3 0.00859375 0.57734375 0.0171875 0.0328125
4 0.19934795580241885 0.715062960379605 0.05690450585373252 0.11282725292686617
4 0.1366530339630542 0.6139135508368806 0.05685905405833438 0.10501475292686635
3 0.18878316052468316 0.6509368278660478 0.012590903590796199 0.015697722872636887
5 0.1647047902095701 0.7609567224798536 0.1661351018701529 0.3572044877033598
5 0.12547463944744433 0.6552561683233232 0.11130215612487895 0.3318863251355733
5 0.0328125 0.71796875 0.065625 0.4984375
8 0.803125 0.78203125 0.39375 0.4359375
8 0.50078125 0.9 0.0421875 0.2
5 0.99375 0.70390625 0.0125 0.0359375