7 0.871875 0.13984375 0.20625 0.2796875
5 0.82421875 0.2984375 0.3515625 0.596875
0 0.140625 0.690625 0.28125 0.14375
3 0.0390625 0.86640625 0.078125 0.2078125
7 0.16328125 0.94921875 0.3265625 0.1015625
5 0.2046875 0.809375 0.409375 0.38125
5 0.47265625 0.809375 0.1265625 0.38125
2 0.5328125 0.64140625 0.121875 0.0453125
2 0.68515625 0.6484375 0.1109375 0.059375
2 0.9661183410464507 0.6453906670657867 0.03618293969514994 0.04239657825883114
2 0.94375 0.63515625 0.04375 0.0328125
2 0.98671875 0.6375 0.0265625 0.0375
1 0.9831285790443982 0.6757594231159109 0.020448855386194252 0.023555674668035032
1 0.8203125 0.6609375 0.128125 0.084375
1 0.6742939345287883 0.7189610190341353 0.07397383118569749 0.09261474687674216
1 0.45 0.640625 0.078125 0.04375
1 0.47976268452878823 0.7200927687395478 0.09916472872636942 0.12557269262201592
4 0.43359375 0.81484375 0.0484375 0.3703125
4 0.48515625 0.884375 0.1515625 0.23125
4 0.59609375 0.8625 0.2359375 0.275
4 0.7921875 0.8125 0.415625 0.375
4 0.7484375 0.640625 0.05 0.04375
4 0.99453125 0.70703125 0.0109375 0.0421875