4 0.01640625 0.14609375 0.0328125 0.2921875
5 0.07265625 0.2796875 0.1453125 0.559375
1 0.511926786497137 0.0828125 0.07072156615858276 0.0703125
1 0.7617040726996864 0.12109375 0.0784977047222644 0.0640625
1 0.760713223560008 0.29140625 0.06757838544042354 0.0671875
1 0.4885927838648583 0.33359375 0.06136474687674198 0.0734375
1 0.910994503810629 0.37734375 0.056586343285945875 0.0578125
1 0.9592285124930319 0.14375 0.07073065651766228 0.071875
2 0.96484375 0.05859375 0.0703125 0.0609375
2 0.9170132205349459 0.2828125 0.0911795119038569 0.0953125
2 0.75078125 0.5171875 0.0984375 0.084375
2 0.5234375 0.01328125 0.078125 0.0265625
2 0.5297859313073344 0.2359375 0.10200792759490121 0.0765625
2 0.7674950095661657 0.2 0.08164997579950332 0.06875
2 0.7859375 0.0375 0.096875 0.075
4 0.5703125 0.0875 0.18125 0.175
4 0.840625 0.07109375 0.065625 0.1421875
4 0.9640625 0.36953125 0.071875 0.3640625
4 0.9118944493595112 0.22265625 0.11012040944452864 0.128125
4 0.89765625 0.48125 0.2046875 0.15625
4 0.5078125 0.4625 0.16875 0.19375
5 0.578125 0.109375 0.265625 0.21875
5 0.4390625 0.0625 0.11875 0.125
5 0.4125 0.09140625 0.065625 0.1828125
5 0.43203125 0.35703125 0.1046875 0.4046875
5 0.50546875 0.2 0.2515625 0.4
5 0.5140625 0.36953125 0.26875 0.3796875
5 0.70625 0.51328125 0.2 0.0921875
5 0.7203125 0.35625 0.265625 0.40625
5 0.73828125 0.2453125 0.2953125 0.490625
5 0.79296875 0.1046875 0.2359375 0.209375
5 0.81328125 0.0296875 0.2296875 0.059375
5 0.93125 0.06953125 0.1375 0.1390625
5 0.91875 0.1921875 0.1625 0.334375
5 0.8734375 0.3921875 0.253125 0.334375
5 0.93984375 0.2890625 0.1203125 0.540625
1 0.18828125 0.71328125 0.3765625 0.3078125
4 0.18984375 0.87265625 0.3796875 0.2546875
5 0.18984375 0.7796875 0.3796875 0.440625
7 0.68359375 0.5671875 0.0171875 0.015625
5 0.6828125 0.58828125 0.028125 0.0578125
8 0.51171875 0.69609375 0.1984375 0.2734375
5 0.5860167088274809 0.7828125 0.050554511903856715 0.0953125
8 0.66328125 0.7796875 0.5671875 0.440625