3 0.3206831211988758 0.2949338302037388 0.02362839754067192 0.032948855386194256
2 0.3226865036142373 0.2191616705628184 0.058157933645025396 0.05971134328594587
4 0.3265625 0.36328125 0.103125 0.1328125
5 0.31953125 0.3078125 0.1453125 0.24375
4 0.61484375 0.21484375 0.2109375 0.4296875
5 0.7546875 0.21484375 0.490625 0.4296875
1 0.323645536497137 0.5580236617822197 0.02678066861791084 0.03765453610435347
1 0.35017167506081853 0.5644281978865732 0.012572722872636888 0.012572722872636888
1 0.43014500049097937 0.6500526013791734 0.02688066256778665 0.054842036104353474
0 0.428069416083828 0.603945215840554 0.04572156615858276 0.07057612041330881
0 0.25313759377692513 0.5912083456236369 0.04417724687674216 0.07369203005422928
0 0.32161085870584394 0.5048850262436002 0.036228391490547726 0.05020907825883114
0 0.3464517774219506 0.5323742219888741 0.023692030054229284 0.04388635538619425
7 0.322600666083828 0.6033316166026799 0.08172269867214013 0.08172269867214013
7 0.19383479576871504 0.7127424571581512 0.08711924668035032 0.20362496974937905
7 0.475 0.71171875 0.06875 0.1921875
7 0.496875 0.65546875 0.025 0.1703125
5 0.49453125 0.72265625 0.0296875 0.4796875
5 0.45546875 0.78203125 0.1078125 0.4359375
5 0.36258077147002227 0.5801259207592102 0.052362451599006474 0.13779998184962744
5 0.3314171298812787 0.5651003635776177 0.10727721057599685 0.1771806444174139
5 0.21463310909862746 0.763646427005726 0.13213280659241705 0.4210669998036082
8 0.66875 0.76015625 0.31875 0.4796875
8 0.60390625 0.5140625 0.1578125 0.16875
5 0.5140625 0.634375 0.009375 0.071875