8 0.7 0.23359375 0.6 0.4515625
0 0.7733340026322787 0.13515625 0.029842036104353476 0.0265625
7 0.7681834152000653 0.18984375 0.07062157220870695 0.053125
5 0.7563828519683486 0.17578125 0.10536927693097127 0.1171875
4 0.04921875 0.62734375 0.0984375 0.3171875
3 0.04931069535249044 0.4875 0.03935339149054773 0.05
5 0.09296875 0.7296875 0.1859375 0.540625
5 0.47421875 0.80546875 0.1484375 0.3890625
5 0.59375 0.8125 0.290625 0.375
5 0.78828125 0.79609375 0.2609375 0.4078125
5 0.89375 0.834375 0.2125 0.33125
3 0.9193964572563471 0.7953125 0.048701120413308985 0.0453125
3 0.7761231802271799 0.74296875 0.036310204722264317 0.0640625
3 0.6246970356133742 0.76640625 0.05499657220870695 0.053125
3 0.4604345477136226 0.73203125 0.053434072208706954 0.053125
2 0.4700908279642436 0.64609375 0.06437157220870696 0.053125
2 0.635066388170898 0.66875 0.08164997579950324 0.06875
2 0.8224073068870048 0.64140625 0.09113406010845856 0.0875
2 0.9392089875069681 0.709375 0.08164997579950324 0.06875
4 0.9078125 0.9078125 0.140625 0.184375
4 0.79921875 0.8828125 0.1734375 0.234375
4 0.5953125 0.8890625 0.190625 0.221875
4 0.4546875 0.875 0.109375 0.25