0 0.534375 0.0609375 0.178125 0.121875
7 0.06796875 0.2265625 0.1359375 0.40625
7 0.27734375 0.21484375 0.3734375 0.4296875
7 0.4484375 0.3390625 0.340625 0.18125
3 0.503125 0.22446003341817794 0.09375 0.09796588001272663
3 0.0453125 0.0375 0.090625 0.075
5 0.17265625 0.21484375 0.3453125 0.4296875
5 0.27890625 0.21484375 0.5453125 0.4296875
5 0.484375 0.21484375 0.36875 0.4296875
1 0.834375 0.2109375 0.33125 0.421875
2 0.834375 0.046875 0.33125 0.09375
5 0.834375 0.21484375 0.33125 0.4296875
4 0.95859375 0.74296875 0.0828125 0.2828125
5 0.921875 0.71484375 0.15625 0.5703125