0 0.36171875 0.09609375 0.1734375 0.1921875
7 0.16640625 0.26484375 0.3328125 0.5296875
7 0.40703125 0.4265625 0.3296875 0.20625
7 0.5578125 0.2078125 0.1625 0.415625
3 0.3938087085853219 0.2904139809658647 0.09013519867918127 0.09270565046753809
5 0.11953125 0.26484375 0.2390625 0.5296875
5 0.2078125 0.26484375 0.415625 0.5296875
5 0.42265625 0.26484375 0.4296875 0.5296875
5 0.52265625 0.26484375 0.2328125 0.5296875
7 0.88125 0.2625 0.2375 0.525
5 0.859375 0.26484375 0.28125 0.5296875
3 0.5124148999443208 0.7802173452308534 0.03012385200509069 0.0376727168225127
2 0.503167716621593 0.7020332578968359 0.06798747867599957 0.06914088544042354
4 0.5308007259309577 0.8787684747193486 0.1336135733609078 0.20388859016268804
5 0.52890625 0.8296875 0.2203125 0.340625
1 0.65390625 0.6140625 0.0296875 0.090625
7 0.703125 0.796875 0.128125 0.31875
5 0.809375 0.76484375 0.340625 0.4703125