7 0.1421875 0.28984375 0.284375 0.5203125
5 0.18671875 0.275 0.3734375 0.55
4 0.91640625 0.1328125 0.1671875 0.265625
7 0.628125 0.1890625 0.29375 0.378125
5 0.52578125 0.275 0.2140625 0.55
5 0.66171875 0.275 0.4859375 0.55
5 0.85859375 0.275 0.2828125 0.55
6 0.5582376633533535 0.7235567164297293 0.05860336123992678 0.13627384328594588
6 0.7328125 0.5625 0.025 0.025
6 0.56015625 0.56796875 0.0234375 0.0359375
6 0.4596143318730685 0.6206357286281736 0.034847698672140125 0.08144998789975162
6 0.8004029583365015 0.5944924269075302 0.037999969749379046 0.08615566861791084