4 0.21796875 0.2328125 0.2015625 0.4125
5 0.159375 0.21953125 0.31875 0.4390625
3 0.1859375 0.0140625 0.075 0.028125
0 0.43671875 0.23683342125018947 0.1953125 0.32613629488495227
3 0.42109375 0.40546875 0.0546875 0.0671875
5 0.4421875 0.2546875 0.246875 0.36875
9 0.7734375 0.6751111678323439 0.0875 0.15519656010845856
9 0.85703125 0.6630975020431035 0.1015625 0.08965337334017516
7 0.70390625 0.6559566468533009 0.1125 0.2897170058537325
7 0.56796875 0.6286032856133742 0.065625 0.18163179508134383
0 0.68125 0.45703125 0.05625 0.0359375
0 0.57421875 0.4809833970496927 0.0234375 0.045448855386194253
5 0.56640625 0.7203125 0.1046875 0.559375
5 0.6671875 0.71953125 0.253125 0.5609375