3 0.35703125 0.18474107601933598 0.0921875 0.056786331185697494
3 0.046875 0.1421875 0.09375 0.05
0 0.38125 0.08694392545360197 0.1875 0.11827834308955412
0 0.0671875 0.0546875 0.134375 0.109375
7 0.08125 0.31953125 0.1625 0.3421875
7 0.32109375 0.33984375 0.3640625 0.3203125
7 0.5390625 0.35 0.159375 0.3
5 0.109375 0.25 0.21875 0.5
5 0.2890625 0.25 0.5375 0.5
5 0.49140625 0.25234375 0.2546875 0.4953125
1 0.71640625 0.15546875 0.1953125 0.3109375
4 0.809375 0.3640625 0.38125 0.271875
5 0.809375 0.25 0.38125 0.5
8 0.29296875 0.75 0.5859375 0.5
9 0.7546875 0.7100541725267357 0.1171875 0.10536927693097127
9 0.6703125 0.68828125 0.103125 0.1796875
7 0.67734375 0.6765625 0.1171875 0.309375
5 0.70234375 0.75 0.1671875 0.5