4 0.5523224987666773 0.25234375 0.2459703120623608 0.459375
5 0.50859375 0.24921875 0.3609375 0.4984375
3 0.5546875 0.01171875 0.078125 0.0234375
3 0.7661555427275426 0.2140625 0.05521475867281787 0.0453125
0 0.76796875 0.0921875 0.1578125 0.15625
4 0.79921875 0.35703125 0.2203125 0.3046875
5 0.815625 0.2546875 0.253125 0.509375
1 0.4203125 0.928125 0.5375 0.14375
2 0.34375 0.696875 0.6875 0.24375
5 0.34453125 0.7859375 0.6890625 0.428125
7 0.8546875 0.8796875 0.115625 0.240625
7 0.98203125 0.86640625 0.0359375 0.2015625
0 0.8303073073679075 0.675 0.04582157733927232 0.04375
0 0.978125 0.72265625 0.04375 0.0703125
5 0.971875 0.8 0.05625 0.4
5 0.87109375 0.76640625 0.2578125 0.4671875
9 0.84921875 0.9296875 0.1765625 0.140625
9 0.73359375 0.940625 0.0890625 0.09375