3 0.12640522195259313 0.27307913259868494 0.09122498400699967 0.05261701734563582
3 0.41640625 0.1734375 0.0671875 0.053125
0 0.39140625 0.06484375 0.1171875 0.1140625
0 0.11662223663272879 0.17398765193350307 0.18248633068109027 0.10835903469127164
7 0.16015625 0.42265625 0.3203125 0.2921875
7 0.36875 0.36875 0.1625 0.36875
5 0.19375 0.33203125 0.3875 0.4734375
5 0.340625 0.284375 0.21875 0.56875
5 0.64609375 0.34921875 0.3921875 0.4390625
5 0.85703125 0.4203125 0.2640625 0.296875
5 0.9115614719525931 0.29990526193509387 0.051199968013999356 0.10370680267345422
5 0.8152040926161842 0.3236796639481388 0.0241829346753633 0.0643352200031817
4 0.8150404606142752 0.3377421639481387 0.020730670671545326 0.0361738573360908
4 0.9175932959500479 0.3185825366009121 0.020748852005090867 0.0377363573360908
2 0.9057841866247746 0.25935298726927564 0.0300511266709087 0.03159544533736351
2 0.8114432932845478 0.31122511728200236 0.020567038669636162 0.0221113573360908
2 0.509375 0.20625 0.11875 0.121875
2 0.8581819332829568 0.32239842727563905 0.10741360534690828 0.10123633068109025
2 0.9375 0.390625 0.125 0.115625
1 0.8577541246021848 0.4262955866088663 0.07776246801399936 0.10401588534372674
1 0.5125 0.4109375 0.125 0.1625
1 0.92421875 0.5125 0.1015625 0.1125
4 0.63203125 0.48359375 0.3390625 0.1703125
4 0.85078125 0.515625 0.1703125 0.10625
7 0.11328125 0.68046875 0.2265625 0.2234375
5 0.1484375 0.784375 0.296875 0.43125
0 0.7187023572963198 0.6286655139242762 0.06677042401336308 0.09920111600890866
3 0.7064199859564111 0.6772393739258671 0.04469542934436319 0.0817590773392725
7 0.6542575019494115 0.7294018579328667 0.1301794906906352 0.1780533693507264
5 0.6773046506206384 0.6955444785964577 0.19195333203372583 0.25063744135899874