7 0.284375 0.30390625 0.3125 0.2921875
7 0.078125 0.12734375 0.15625 0.2546875
3 0.27866627542167777 0.113439075389861 0.08697383601209037 0.09006247334499946
5 0.37109375 0.225 0.1578125 0.45
5 0.253125 0.225 0.384375 0.45
5 0.103125 0.22265625 0.20625 0.4453125
6 0.8162828120623609 0.1371793041056315 0.045277232017817325 0.1317590773392725
6 0.9015625 0.03359375 0.025 0.0671875
6 0.5640625 0.0359375 0.028125 0.071875
4 0.7191532733927245 0.669953252068724 0.18205216804581603 0.3395726720241806
3 0.7548624120384982 0.5164833540738147 0.041243165340545215 0.05359771467218159
2 0.75859375 0.46953125 0.1203125 0.0390625
5 0.71328125 0.725 0.3671875 0.55