3 0.21640625 0.0925656907622229 0.0671875 0.06953179734245421
4 0.24765625 0.240625 0.1640625 0.296875
7 0.04609375 0.2 0.0921875 0.378125
5 0.109375 0.19453125 0.21875 0.3890625
5 0.1953125 0.19453125 0.26875 0.3890625
8 0.66484375 0.19453125 0.6703125 0.3890625
8 0.81796875 0.19453125 0.3640625 0.3890625
1 0.234375 0.84921875 0.190625 0.2828125
2 0.16484375 0.6328125 0.3296875 0.203125
5 0.16484375 0.746875 0.3296875 0.50625
7 0.95859375 0.51875 0.0828125 0.259375
7 0.75 0.51953125 0.346875 0.2609375
7 0.46484375 0.5453125 0.2703125 0.3125
5 0.9359375 0.69453125 0.128125 0.6109375
5 0.76640625 0.69453125 0.4671875 0.6109375
5 0.50703125 0.69453125 0.3546875 0.6109375