7 0.45234375 0.13984375 0.1140625 0.2796875
7 0.23125 0.13203125 0.31875 0.2640625
5 0.4359375 0.21484375 0.146875 0.4296875
5 0.25390625 0.21484375 0.4296875 0.4296875
5 0.06796875 0.21484375 0.1359375 0.4296875
0 0.37265625 0.6512327854169825 0.0140625 0.018831813231716586
7 0.378125 0.6825146016737611 0.021875 0.04075226502711473
7 0.11875 0.7122556020665446 0.0265625 0.040779536104353475
7 0.09609375 0.54259254185989 0.0234375 0.039198855386194255
0 0.1140625 0.6747283309893057 0.0125 0.015697722872636887
0 0.09296875 0.5081993611417308 0.015625 0.020403403590796287
5 0.09765625 0.5629141322189698 0.040625 0.13461134933607005
5 0.12109375 0.732581737605164 0.0390625 0.13616475897699054
5 0.3828125 0.707541872751 0.0453125 0.133076120413309
8 0.25546875 0.71484375 0.5078125 0.5703125
8 0.7546875 0.71484375 0.490625 0.5703125
5 0.925 0.73984375 0.15 0.5203125
7 0.93359375 0.86328125 0.1140625 0.2734375
3 0.90546875 0.6500151981811608 0.0390625 0.04553975897699036
2 0.8921875 0.552281680128984 0.0703125 0.12697156615858277