3 0.15546875 0.098376329142594 0.084375 0.05361587939029935
3 0.43828125 0.17798097414918318 0.09375 0.04742042154477701
0 0.17109375 0.0296875 0.1734375 0.059375
0 0.46484375 0.1004826880448297 0.1546875 0.10089994554888211
7 0.41328125 0.33125 0.3140625 0.296875
7 0.146875 0.24921875 0.29375 0.3109375
5 0.38125 0.25234375 0.4375 0.4546875
5 0.1859375 0.23984375 0.371875 0.4796875
8 0.25703125 0.56875 0.5140625 0.178125
7 0.5390625 0.5640625 0.121875 0.16875
5 0.50078125 0.6234375 0.1984375 0.2875
1 0.94296875 0.6661900221573933 0.08125 0.06141019867214013
4 0.965625 0.67109375 0.06875 0.3828125
5 0.834375 0.73984375 0.33125 0.5203125
5 0.790625 0.73984375 0.38125 0.5203125
2 0.953125 0.5453125 0.09375 0.13125