3 0.38675302791293 0.4759683226050483 0.18363972267624523 0.144314716024817
0 0.34453125 0.15625 0.2890625 0.3125
4 0.3234375 0.6375 0.33125 0.203125
5 0.25390625 0.36953125 0.4703125 0.7390625
8 0.74453125 0.4171875 0.5109375 0.64375
8 0.5015625 0.49375 0.025 0.25625
2 0.8633160487937772 0.32192625994591156 0.009447722872636889 0.012609088001272717
4 0.8599819705349458 0.35790012261300247 0.01585225897699054 0.03924431333545435
5 0.8709376512531051 0.3546478532781843 0.03797269867214013 0.0816863520050907
3 0.8663546903825207 0.33673364727882066 0.007876132513557366 0.011028406667727354
0 0.426579638956465 0.8941819732654576 0.05201701795398091 0.07872498400699968
0 0.32010237997947455 0.934480803946548 0.022120439695149763 0.04244203866963616
5 0.38515625 0.87421875 0.2078125 0.2515625
8 0.74296875 0.865625 0.5078125 0.253125
8 0.9015625 0.83984375 0.196875 0.2015625