0 0.15390625 0.184375 0.3078125 0.36875
5 0.21953125 0.184375 0.4390625 0.36875
6 0.76953125 0.1676373214114964 0.0484375 0.06931362133990877
6 0.66484375 0.18204417206395157 0.028125 0.040952264003817976
6 0.5578125 0.19954875071608863 0.01875 0.03459317600254543
6 0.4421875 0.221875 0.00625 0.025
8 0.2421875 0.684375 0.3875 0.63125
6 0.70078125 0.7970713774267685 0.0390625 0.10357953333863605
6 0.85390625 0.746509398114222 0.03125 0.07692612667090888
6 0.54609375 0.6624589254057694 0.015625 0.03924431333545435
6 0.7765625 0.6487344221037226 0.0125 0.03452045066836362
6 0.69375 0.657145811425814 0.0140625 0.03610113200190899
6 0.6859375 0.6422111547580867 0.0078125 0.025090906667727175
6 0.609375 0.6452265194143599 0.0109375 0.02981476933481808
6 0.4859375 0.6484776940642698 0.0109375 0.02668976933481808
6 0.87578125 0.6241076867838583 0.0078125 0.017278406667727175
6 0.7140625 0.6362884187619047 0.0109375 0.02825226933481808
6 0.84765625 0.6253429227800402 0.009375 0.02354658800127272
6 0.45703125 0.6387663393936791 0.0078125 0.020403406667727175
6 0.478125 0.6397930373965426 0.0078125 0.020403406667727175
6 0.534375 0.6373225654041785 0.0078125 0.021965906667727176
6 0.57890625 0.6362782334102237 0.0078125 0.017278406667727175
6 0.5890625 0.6340526620782692 0.0078125 0.017278406667727175
6 0.5703125 0.6236782360757238 0.00625 0.014135225334181812
6 0.59765625 0.6232151594127691 0.00625 0.011010225334181811
6 0.63046875 0.6337532174172235 0.00625 0.018822725334181813
6 0.64296875 0.630773668085587 0.0078125 0.018840906667727177
6 0.678125 0.6272764980903596 0.00625 0.01726022533418181
6 0.66171875 0.6200543440881323 0.0046875 0.012554544000636447
6 0.68984375 0.6297566080919503 0.0078125 0.020403406667727175
6 0.73125 0.6310196634309045 0.009375 0.02354658800127272
6 0.7421875 0.6295844327657227 0.009375 0.021984088001272717
6 0.61796875 0.6203265167488599 0.00625 0.01257272533418181
6 0.75859375 0.6258690867679498 0.009375 0.025109088001272716
6 0.76328125 0.6212361307685862 0.0078125 0.018840906667727177
6 0.79296875 0.6254878261059497 0.0078125 0.020403406667727175
6 0.8234375 0.6422486121100859 0.0109375 0.02825226933481808
6 0.94765625 0.6241627781269486 0.009375 0.021984088001272717
6 0.8828125 0.6226270027848128 0.00625 0.01726022533418181
6 0.88671875 0.6187662061186764 0.00625 0.01569772533418181