5 0.06015625 0.284375 0.1203125 0.56875
5 0.146875 0.284375 0.215625 0.56875
5 0.21171875 0.0234375 0.0421875 0.046875
5 0.11953125 0.02265625 0.0203125 0.0453125
4 0.1199114824388026 0.029222849925245244 0.01894089754067192 0.03292158430895542
4 0.21640625 0.01640625 0.0171875 0.0328125
2 0.115625 0.00703125 0.01875 0.0140625
2 0.1609375 0.03046875 0.096875 0.0609375
2 0.23440979879377705 0.08792970853289335 0.11466246369925485 0.10378859621281204
2 0.38828125 0.06015625 0.1015625 0.0921875
1 0.37421875 0.003125 0.0234375 0.00625
1 0.40512629889197294 0.1517780642136753 0.06614315046753827 0.08944429508134384
1 0.15533992233034394 0.11651377166641401 0.06774201190385672 0.09570338544042353
1 0.21572291042648734 0.211471747662309 0.08976245764913049 0.12083065046753809
4 0.04140625 0.325 0.0828125 0.4875
4 0.13760647990471978 0.34473422043674995 0.1397453186926656 0.38673745159900647
4 0.2359375 0.421875 0.24375 0.29375
4 0.3703125 0.37265625 0.1375 0.3921875
4 0.43359375 0.0390625 0.0109375 0.071875
1 0.83125 0.3859375 0.3375 0.26875
2 0.78984375 0.1640625 0.4203125 0.159375
5 0.71953125 0.31015625 0.5609375 0.5171875
4 0.0515625 0.63359375 0.103125 0.1296875
7 0.30625 0.65 0.240625 0.1625
5 0.26796875 0.784375 0.3421875 0.43125
5 0.10546875 0.784375 0.2109375 0.43125
8 0.63984375 0.81796875 0.4015625 0.3640625
5 0.545268988979906 0.758706337726801 0.03784543364502539 0.05959316861791084