5 0.0875 0.34453125 0.175 0.6890625
5 0.20119239968197125 0.34361692405313393 0.20823274004105094 0.6117567546944533
5 0.25971693022717995 0.06384815539463355 0.041170421544777014 0.0942227146721816
5 0.17074987899751592 0.0792180693825432 0.019086343285945873 0.05803067600254534
4 0.17082714704969265 0.09249931938254319 0.01737839754067192 0.033012494668999894
4 0.26607146935659554 0.08188963072881532 0.01738748789975162 0.034574994668999895
2 0.25558796642972925 0.025521452060769965 0.026726126463433177 0.028434082670272608
2 0.16911920130441876 0.06748113804899773 0.01886817466803503 0.020530676002545344
2 0.21059817417705567 0.08046294338795201 0.09425906010845857 0.08859088001272664
2 0.2828731499765588 0.15004928473104248 0.11151928298109545 0.10129087468172653
2 0.41726580981387096 0.02037197008272349 0.03302157825883114 0.03631930800445442
2 0.43272770423128504 0.12679469275140515 0.0989556504675381 0.09020792401336308
1 0.4993879634046672 0.03695149009385932 0.028352258976990362 0.039389764003817974
1 0.5546875 0.0796875 0.109375 0.159375
1 0.41829249950902064 0.06256856074949617 0.023592036104353474 0.026835220003181705
1 0.4488663095192834 0.21525775608685968 0.06455337939029934 0.0851204346753633
1 0.20725098126045216 0.17651124005408841 0.06616133118569749 0.09295111600890867
1 0.26559981244614966 0.2693714493952699 0.08661927693097127 0.11818747334499946
4 0.06953125 0.4140625 0.1390625 0.55
4 0.1929168122497579 0.3982044267186339 0.1349850958200287 0.37498291335136286
4 0.28984375 0.51015625 0.2359375 0.3578125
4 0.4439798633812261 0.44956003075267786 0.18369530659241703 0.42242153469127147
4 0.53359375 0.390625 0.1515625 0.596875
4 0.4912078247427898 0.10794524275935932 0.04103406615858276 0.0707852146721816
8 0.8046875 0.35625 0.390625 0.665625
8 0.32890625 0.96015625 0.2921875 0.0796875
8 0.2890625 0.8640625 0.578125 0.271875
2 0.08756064997655892 0.9865856740531338 0.011010222872636888 0.012627269334818081
5 0.09765625 0.98828125 0.0421875 0.0234375
3 0.0921875 0.996875 0.009375 0.00625
4 0.634375 0.7421875 0.05 0.10625
5 0.6375 0.74140625 0.05625 0.1046875