1 0.2421875 0.028125 0.059375 0.05625
4 0.2684560287634955 0.2485677475641131 0.1578885093889065 0.4102658551898024
4 0.115625 0.23984375 0.23125 0.4796875
0 0.7692050806810903 0.07549334104645067 0.08860906134627226 0.09582156010845862
0 0.49439598468331736 0.0934994942444634 0.09645792401336309 0.09899201190385672
3 0.4972857220321349 0.20755290388538378 0.052162484006999674 0.051862481849627426
3 0.7682340213637714 0.1934757265850701 0.05537839067472703 0.05969316256778665
7 0.7609375 0.33515625 0.20625 0.2890625
4 0.4875 0.34609375 0.18125 0.2671875
5 0.52421875 0.259375 0.3234375 0.440625
5 0.77890625 0.2515625 0.3171875 0.45625
8 0.1734375 0.7375 0.346875 0.515625