5 0.3203125 0.259375 0.2375 0.51875
5 0.1625 0.234375 0.196875 0.46875
1 0.1484375 0.01796875 0.065625 0.0359375
1 0.09467198874122387 0.08673939237431058 0.08573860001590834 0.11767837939029935
4 0.340625 0.259375 0.196875 0.51875
4 0.17586853942549574 0.21596328406125007 0.12783738271799763 0.3788431383672897
4 0.09921875 0.3359375 0.1984375 0.365625
5 0.9 0.259375 0.2 0.51875
4 0.7919635173854067 0.7820018953993726 0.1424067706874535 0.15394313231716553
2 0.7851311673694983 0.6648462116561513 0.08010567067154532 0.03640110831306061
5 0.8265625 0.8203125 0.253125 0.359375