1 0.25234375 0.32265625 0.3796875 0.3734375
2 0.24453125 0.03671875 0.3921875 0.0734375
4 0.28984375 0.4609375 0.5796875 0.096875
5 0.28984375 0.2546875 0.5796875 0.509375
3 0.7142226230455876 0.28192424921443304 0.007885222872636887 0.012545451795398144
0 0.7187964935570923 0.2624202702916719 0.0220477168225127 0.029814765027114644
4 0.7269317013044188 0.31793447208707004 0.022247704722264318 0.06418976502711464
5 0.7170436168972675 0.36396913475305254 0.05289878278470379 0.22998748184962742
8 0.28984375 0.92734375 0.5796875 0.1453125
8 0.1890625 0.7109375 0.34375 0.403125
4 0.9059879422292324 0.5640691287029284 0.03460225897699054 0.03926248789975162
0 0.8840402193565955 0.5514418636758137 0.009538626463433175 0.028179542154477665
5 0.9000424692583996 0.6163765172666098 0.05562380698520073 0.16125566256778665