1 0.17635724606140624 0.2923382099379574 0.3080692280394528 0.29417036004136177
2 0.20546875 0.04609375 0.3046875 0.0921875
5 0.3046875 0.2296875 0.609375 0.459375
0 0.73046875 0.2125 0.2421875 0.425
5 0.8046875 0.2296875 0.390625 0.459375
1 0.45234375 0.959375 0.2515625 0.08125
4 0.1234375 0.84375 0.246875 0.3125
1 0.09910276070177111 0.7114892939608655 0.07688976400381797 0.029015885343726743
5 0.13046875 0.83828125 0.2609375 0.3234375
5 0.31953125 0.86484375 0.5796875 0.2703125
2 0.393253297382225 0.8096427939210946 0.3311783693507266 0.13196126137808878