1 0.1328125 0.22734375 0.265625 0.2765625
2 0.11171875 0.025 0.2234375 0.05
4 0.2296875 0.3859375 0.459375 0.1875
5 0.2296875 0.23984375 0.459375 0.4796875
0 0.811274364166793 0.08072522082953348 0.13037836729005087 0.11950449980360825
7 0.58046875 0.3859375 0.2359375 0.1875
7 0.79921875 0.340625 0.3265625 0.278125
0 0.5555106983775525 0.16580978971859078 0.1006181444174139 0.10683178298109555
3 0.5733208879745064 0.27274104576871505 0.056595433645025395 0.05970225292686617
3 0.8276629543294808 0.2118843172387373 0.07383747579950324 0.06917724687674198
5 0.81171875 0.24296875 0.3765625 0.4734375
5 0.590625 0.29140625 0.2625 0.3765625
4 0.34609375 0.8234375 0.2265625 0.353125
3 0.32377995110802704 0.6119575609922213 0.058176114363184796 0.06283634328594587
2 0.31015625 0.5171875 0.0796875 0.075
5 0.3140625 0.73984375 0.290625 0.5203125
6 0.8223810775714602 0.5946235734852532 0.03465680113146803 0.04863748789975162