1 0.14140625 0.33125 0.2828125 0.290625
2 0.1671875 0.07734375 0.29375 0.1546875
4 0.159375 0.5328125 0.31875 0.271875
5 0.159375 0.334375 0.31875 0.66875
0 0.7984375 0.3546875 0.403125 0.471875
3 0.78828125 0.64140625 0.2484375 0.0546875
5 0.66875 0.37734375 0.6625 0.5828125
1 0.115625 0.8640625 0.23125 0.271875
5 0.159375 0.834375 0.31875 0.33125
4 0.5707729830279777 0.7711771258742579 0.14461358411256367 0.14927381303532475
2 0.5671875 0.68046875 0.046875 0.0234375
5 0.55625 0.81796875 0.221875 0.2984375