1 0.28515625 0.25625 0.4515625 0.40625
4 0.3265625 0.36328125 0.653125 0.1921875
5 0.375 0.2296875 0.75 0.459375
6 0.6390625 0.7296875 0.221875 0.540625
5 0.45390625 0.7296875 0.5921875 0.540625
4 0.4125 0.91328125 0.290625 0.1734375
3 0.4523508995837754 0.78046875 0.14141586123992678 0.1359375
2 0.4765625 0.50703125 0.178125 0.0953125
9 0.9081191105525557 0.69609375 0.034547716822512696 0.0296875
9 0.8666674087571575 0.68828125 0.0298420361043533 0.0265625
9 0.8384787762436001 0.67734375 0.03453862646343318 0.028125
8 0.75703125 0.7046875 0.0140625 0.040625
0 0.8119980894753169 0.69140625 0.022093168617910663 0.0375
0 0.8226406736860763 0.775 0.02366475897699054 0.0390625
4 0.824734438811387 0.73203125 0.03163179508134384 0.065625
4 0.8230133784083407 0.8390625 0.030151108313060605 0.0796875
5 0.8256065924021831 0.74765625 0.05710449375348405 0.146875
5 0.825 0.87734375 0.08125 0.2453125
3 0.82201395979043 0.8015625 0.009429542154477843 0.009375