1 0.36171875 0.21640625 0.3765625 0.4296875
4 0.275 0.35546875 0.55 0.2265625
5 0.275 0.234375 0.55 0.46875
8 0.7984375 0.13984375 0.403125 0.2796875
3 0.8390625 0.00234375 0.009375 0.0046875
4 0.83671875 0.025 0.0453125 0.05
5 0.82265625 0.05546875 0.0984375 0.1109375
5 0.13964130044409712 0.5857140647278609 0.03646474082661779 0.09104317067154533
7 0.13569868900777865 0.5794186113939972 0.015815897540672096 0.03299431333545435
8 0.25703125 0.73359375 0.5140625 0.5296875
8 0.9 0.67578125 0.2 0.3328125
8 0.79140625 0.734375 0.4171875 0.53125
9 0.81328125 0.48203125 0.0578125 0.0265625