1 0.3326787490180413 0.2187271067393149 0.4132919030016211 0.409469190722452
4 0.31015625 0.39453125 0.5796875 0.2890625
5 0.3 0.26953125 0.6 0.5390625
5 0.8 0.26953125 0.4 0.5390625
2 0.70625 0.14609375 0.2125 0.2453125
1 0.7991248638722054 0.322006100731997 0.20339875253408293 0.31797039202736244
2 0.4453125 0.7453125 0.309375 0.315625
5 0.36640625 0.7875 0.4671875 0.425
0 0.99609375 0.884375 0.0078125 0.015625
7 0.99375 0.91015625 0.0125 0.0390625
5 0.9890625 0.92578125 0.021875 0.1015625
3 0.99765625 0.8953125 0.0046875 0.00625