1 0.17890625 0.33046875 0.2859375 0.2578125
2 0.21171875 0.0765625 0.2828125 0.153125
5 0.225 0.2296875 0.45 0.459375
2 0.6452108606381377 0.08095716773414803 0.06306362133990877 0.048801114363184704
1 0.6616256539624563 0.14746341168402383 0.03499316534054504 0.05332498789975162
3 0.72734375 0.046875 0.0671875 0.09375
4 0.6281495352880475 0.20430376414335188 0.07296588001272664 0.09416815651766246
4 0.7765625 0.23046875 0.271875 0.4578125
4 0.959375 0.171875 0.08125 0.28125
5 0.93984375 0.2296875 0.1203125 0.459375
5 0.70078125 0.2296875 0.5015625 0.459375
5 0.6349540659611836 0.1566838755796703 0.12276698002863498 0.21163745764913058
8 0.1 0.7296875 0.2 0.540625
1 0.56953125 0.928125 0.2390625 0.14375
2 0.6078125 0.72890625 0.315625 0.2265625
5 0.725 0.79453125 0.55 0.4109375