2 0.221875 0.1015625 0.415625 0.203125
5 0.21953125 0.234375 0.4390625 0.46875
3 0.18515625 0.36875 0.3703125 0.2
1 0.51328125 0.38515625 0.1484375 0.1671875
1 0.7125 0.38515625 0.2875 0.1671875
1 0.94140625 0.3328125 0.1171875 0.271875
1 0.17578125 0.77265625 0.3015625 0.4546875
4 0.54375 0.875 0.209375 0.25
3 0.5635827944921687 0.7144581105983667 0.059747704722264317 0.06475339067472685
2 0.5723896470496926 0.6166927725970941 0.07857042759490121 0.07747156667727229
5 0.55 0.77890625 0.221875 0.4421875