4 0.1953125 0.18984375 0.390625 0.3796875
5 0.26953125 0.18984375 0.5390625 0.3796875
4 0.63359375 0.10390625 0.1421875 0.2078125
7 0.89296875 0.11953125 0.2140625 0.2390625
5 0.85 0.18984375 0.3 0.3796875
5 0.675 0.18984375 0.271875 0.3796875
0 0.3002893288480064 0.5194252318985046 0.006304542154477666 0.009447725334181811
7 0.30331888007767044 0.5357951192314138 0.011082945745273775 0.02512726933481808
7 0.302451271666414 0.5506479598981865 0.023873837235821684 0.0752727200031817
6 0.8375 0.8203125 0.325 0.359375
4 0.56796875 0.5328125 0.0578125 0.159375
2 0.553125 0.415625 0.028125 0.040625
5 0.58125 0.6171875 0.084375 0.45625