1 0.20390625 0.02578125 0.0421875 0.0515625
1 0.40625 0.025 0.046875 0.05
4 0.146875 0.00625 0.025 0.0125
4 0.16436598526747295 0.15218116529826112 0.14035333098930575 0.222684041958086
4 0.35937395823830576 0.20566121018321332 0.15492489109776422 0.3102658551898026
5 0.14609375 0.0265625 0.0453125 0.053125
5 0.1328125 0.2 0.265625 0.4
5 0.3328125 0.2 0.29375 0.4
5 0.6015625 0.10546875 0.24375 0.2109375
2 0.07045638310273253 0.6822908461146163 0.13838176483072293 0.15236245159900647
1 0.07466209407151277 0.765130617191855 0.05663179508134393 0.06595225292686635
4 0.15625 0.5 0.146875 0.2
4 0.0578125 0.890625 0.115625 0.21875
5 0.19453125 0.58671875 0.3359375 0.3734375
5 0.10703125 0.8 0.2140625 0.4
6 0.6345001815037261 0.6801430597156751 0.07569995764913048 0.12074883723582168
6 0.7751888140172835 0.6700236920328407 0.05366133118569749 0.09249657220870695
6 0.9119257447354426 0.6676940984523073 0.03789997579950324 0.06896816861791084
6 0.5875802505891752 0.5533033037637468 0.025236349336070062 0.040770445745273956
6 0.6375711602300955 0.5551566952542946 0.020530668617910842 0.037618174668035034
6 0.6361041090004316 0.538741354895215 0.01895907825883114 0.03604658430895533
6 0.5955654674116879 0.5236612555591449 0.01738748789975162 0.03447499394987581
6 0.5565984161820239 0.5070277465821544 0.011073855386194254 0.023501132513557364
6 0.52700181977282 0.4912300297596417 0.012618174668035031 0.020385222872636888
6 0.5051677263886785 0.4840715147325271 0.012609084308955331 0.018822722872637067
6 0.4958154522863774 0.4801107225780494 0.012618174668035031 0.020385222872636888
6 0.7439756963344492 0.5292123396717086 0.009484084308955332 0.018804542154477667
6 0.6995080788480064 0.5180157644379395 0.00947499394987581 0.017242042154477666
6 0.8180808168459539 0.5491753817279904 0.011055674668035208 0.020376132513557365
6 0.9023330969983789 0.5707600111182898 0.014198855386194253 0.023519313231716587
6 0.970206398228043 0.5875616917382531 0.009484084308955332 0.018804542154477844
6 0.9744711965308408 0.660245212815492 0.026880662567786828 0.054842036104353474
6 0.9390473018188391 0.5717548845566608 0.012627265027114731 0.02194772287263689
6 0.8618080909482547 0.5533361617822197 0.011055674668035208 0.020376132513557365
6 0.804063768641352 0.5412810684962739 0.011046584308955332 0.018813632513557367
6 0.7385433077707676 0.52293052341493 0.011037493949875809 0.017251132513557366
6 0.6886069402843249 0.5117021319243821 0.009493174668035032 0.020367042154477665
6 0.9667496001216369 0.6445747610200939 0.03956246974937905 0.08616475897699054
6 0.9815751694034777 0.6477861194313503 0.03486587939029917 0.08457498789975162
9 0.73984375 0.7953125 0.5203125 0.409375