1 0.07629083098930564 0.1859375 0.14591246369925487 0.103125
2 0.08359375 0.05 0.1671875 0.1
4 0.11796875 0.33984375 0.2359375 0.2984375
5 0.134375 0.24453125 0.26875 0.4890625
2 0.6157356469514967 0.203125 0.4429056383672897 0.1234375
3 0.61484375 0.42265625 0.4484375 0.1328125
5 0.634375 0.30625 0.73125 0.365625
3 0.029306746680350316 0.6171875 0.014307939695149586 0.0421875
0 0.03908574677854615 0.55234375 0.06617951190385671 0.0953125
7 0.053125 0.76640625 0.10625 0.2890625
5 0.06875 0.75078125 0.1375 0.4984375