4 0.26796875 0.13984375 0.3796875 0.2796875
5 0.334375 0.18984375 0.66875 0.3796875
0 0.33633004069858946 0.4537120619430481 0.015843176002545433 0.018931813335454527
7 0.3452692360359529 0.48329956460854817 0.023910214672181594 0.0408977200031817
7 0.09827660471036163 0.5432125559755011 0.030160214672181596 0.04097044533736351
7 0.05703125 0.390625 0.0265625 0.021875
0 0.0884834340388164 0.5073841439767739 0.014262494668999893 0.017351132001908985
5 0.059375 0.4234375 0.053125 0.0875
5 0.10241012137967968 0.5626983526416376 0.05310791335136282 0.13341248400699968
5 0.35258229670590724 0.5074364986075937 0.05777723201781733 0.13190452800763594
8 0.33359375 0.68984375 0.6671875 0.6203125
8 0.834375 0.68984375 0.33125 0.6203125
9 0.69296875 0.86484375 0.0484375 0.1984375