1 0.121875 0.06328125 0.24375 0.1265625
4 0.17265625 0.36875 0.3453125 0.4
5 0.2140625 0.284375 0.428125 0.56875
5 0.42265625 0.284375 0.2140625 0.56875
8 0.76484375 0.32578125 0.4703125 0.4859375
7 0.6150008905085891 0.32645669605345207 0.026735216822512696 0.02999658267027261
5 0.6071611194313503 0.3216782893857248 0.04399543969514959 0.042696577339272325
8 0.30859375 0.784375 0.4421875 0.43125
7 0.66171875 0.60546875 0.1203125 0.0734375
5 0.86328125 0.75703125 0.1546875 0.3765625
5 0.66953125 0.784375 0.1734375 0.43125