1 0.103125 0.08828125 0.20625 0.1765625
4 0.1203125 0.32578125 0.240625 0.3078125
5 0.20234375 0.23984375 0.4046875 0.4796875
5 0.32890625 0.23984375 0.3421875 0.4796875
8 0.659375 0.23984375 0.31875 0.4796875
8 0.62265625 0.30546875 0.2453125 0.3484375
2 0.40625 0.5453125 0.1875 0.13125
3 0.37265625 0.75 0.2546875 0.25
4 0.25 0.87265625 0.5 0.2546875
5 0.25 0.73984375 0.5 0.5203125
3 0.8125 0.5436575337666625 0.1265625 0.12261131908544912
4 0.73671875 0.77578125 0.3859375 0.4484375
5 0.75 0.73984375 0.5 0.5203125