1 0.15034245110802705 0.2606142713718264 0.24792948165323567 0.1826862767345796
4 0.18984375 0.53359375 0.3796875 0.2921875
2 0.14609375 0.0609375 0.2609375 0.121875
5 0.18984375 0.33984375 0.3796875 0.6796875
9 0.5710049299325923 0.4897012867917246 0.08681926483072289 0.15206246974937904
9 0.48816515885535344 0.4854955758229442 0.10049996974937905 0.08651928298109546
7 0.6364799390077787 0.46353824171038066 0.11258285499341092 0.2834579154946528
7 0.7659401800307881 0.4237212419067723 0.06509880093507654 0.1784977047222643
0 0.633649333916172 0.24557858206946026 0.05516019867214013 0.08156816256778665
0 0.7440146621750031 0.2808752117543472 0.023692030054229284 0.04388635538619425
5 0.77734375 0.459375 0.1046875 0.440625
5 0.67890625 0.3859375 0.2515625 0.5875
3 0.24416919827935663 0.7453457361512357 0.0908158975406721 0.033339740826617795
0 0.24765625 0.69140625 0.1484375 0.0234375
7 0.25234375 0.884375 0.2546875 0.23125
7 0.05625 0.8796875 0.1125 0.240625
5 0.2375 0.83984375 0.284375 0.3203125
5 0.0890625 0.83984375 0.178125 0.3203125