1 0.0734375 0.3375 0.146875 0.075
1 0.2375 0.35390625 0.175 0.0859375
2 0.05390625 0.4453125 0.1078125 0.05
2 0.0921875 0.23984375 0.184375 0.1140625
2 0.24296875 0.2453125 0.1921875 0.109375
5 0.09453125 0.2671875 0.1890625 0.184375
5 0.16953125 0.36015625 0.3390625 0.4578125
1 0.71796875 0.08828125 0.4953125 0.1765625
4 0.66953125 0.38515625 0.6609375 0.4078125
5 0.66953125 0.29453125 0.6609375 0.5890625
8 0.13203125 0.678125 0.2640625 0.178125
8 0.16953125 0.79453125 0.3390625 0.4109375
5 0.15546875 0.76640625 0.3109375 0.3546875
8 0.84609375 0.73203125 0.2140625 0.2859375