1 0.0328125 0.12890625 0.065625 0.1015625
1 0.3018041166056847 0.04453125 0.15388861600890885 0.065625
1 0.47265625 0.0296875 0.1796875 0.059375
2 0.29107460725654893 0.1609375 0.14264203333863607 0.0390625
5 0.09765625 0.17578125 0.1953125 0.3515625
5 0.2734375 0.03125 0.259375 0.0625
5 0.29453125 0.16015625 0.5890625 0.3203125
1 0.46171875 0.5890625 0.0984375 0.140625
8 0.0828125 0.7390625 0.165625 0.440625
0 0.271153005927776 0.73671875 0.1705328653723619 0.2875
7 0.2802001945815039 0.83203125 0.42353059603754384 0.2765625
7 0.5140625 0.75859375 0.15 0.4796875
5 0.45234375 0.759375 0.2734375 0.48125
5 0.2703125 0.7890625 0.459375 0.421875
1 0.2733229385741861 0.8859375 0.06620680267345422 0.05