1 0.05625 0.2296875 0.1125 0.103125
1 0.28515625 0.20364404948114814 0.0859375 0.07393746974937905
1 0.20390625 0.13771049815328826 0.0921875 0.07866133118569749
2 0.1125 0.11953125 0.225 0.1046875
2 0.18125 0.05034230835994271 0.125 0.07416472872636941
2 0.340625 0.07265625 0.178125 0.0921875
5 0.33125 0.1875 0.196875 0.31875
5 0.21171875 0.0907900463578902 0.1515625 0.15088176483072288
5 0.21484375 0.25390625 0.4296875 0.4015625
7 0.54140625 0.20390625 0.2234375 0.4078125
5 0.58671875 0.20390625 0.3140625 0.4078125
8 0.11953125 0.8890625 0.2390625 0.221875
8 0.0359375 0.59375 0.071875 0.165625
7 0.859375 0.5703125 0.23125 0.121875
5 0.828125 0.7546875 0.321875 0.490625