1 0.3046875 0.2421875 0.35 0.275
5 0.23984375 0.18984375 0.4796875 0.3796875
8 0.64453125 0.18984375 0.3296875 0.3796875
4 0.5782409892982289 0.1120972739497296 0.03637385200509069 0.03791817067154524
3 0.5769512093014105 0.088677955283275 0.014226132001908986 0.014226132001908986
2 0.5755523413033196 0.07463363661682046 0.017351132001908985 0.014262494668999893
5 0.5750069012969562 0.12150863661682046 0.0685329186823628 0.11640679734245421
9 0.7064836206238201 0.16762856393223036 0.042769302673454135 0.05049089600572696
8 0.04375 0.69609375 0.0875 0.3640625
8 0.1515625 0.85859375 0.303125 0.2828125
1 0.5015625 0.8671875 0.04375 0.0375
2 0.53046875 0.80703125 0.1015625 0.0828125
5 0.53671875 0.88125 0.1140625 0.2375