5 0.35702476404515604 0.1359375 0.02362839754067192 0.0328125
7 0.35469919476331524 0.1390625 0.012627265027114731 0.021875
8 0.3765625 0.15 0.23125 0.3
8 0.40703125 0.0453125 0.4234375 0.090625
8 0.78984375 0.2875 0.0640625 0.025
9 0.7981941438282387 0.2671875 0.02988748789975153 0.034375
9 0.7326145956236368 0.275 0.03457498789975162 0.034375
9 0.7 0.28984375 0.021875 0.0203125
4 0.309375 0.8375 0.61875 0.325
1 0.25703125 0.578125 0.5140625 0.4375
5 0.309375 0.65 0.61875 0.7
8 0.72890625 0.68046875 0.2203125 0.5109375
5 0.63515625 0.6796875 0.0328125 0.159375
5 0.6744788669954633 0.48203125 0.04425906010845857 0.0875