5 0.41484375 0.35859375 0.2109375 0.3421875
5 0.540625 0.396875 0.15625 0.265625
5 0.56796875 0.33515625 0.1015625 0.3359375
4 0.5716711739338212 0.290625 0.06221019334818116 0.109375
4 0.5188450712524129 0.39921875 0.06678860534690845 0.1
4 0.4337615465865946 0.39296875 0.1007647106938169 0.2
3 0.5683830892743663 0.2375 0.0221113573360908 0.0203125
3 0.5359694839274579 0.3375 0.011101132001908987 0.0140625
3 0.3849069705999576 0.29453125 0.023837489337999784 0.034375
0 0.5641773946133206 0.19609375 0.0395715773392725 0.04375
0 0.5230064072645032 0.31015625 0.053888616008908666 0.065625
0 0.38408081460854815 0.23125 0.07590906667727229 0.078125
4 0.875 0.45078125 0.246875 0.1578125
4 0.64453125 0.18828125 0.0515625 0.1390625
3 0.6390625 0.15390625 0.040625 0.0328125
3 0.7579364852800934 0.3921875 0.030032945337363514 0.0296875
0 0.7922029446212748 0.334375 0.15873974801081764 0.0796875
2 0.665625 0.09765625 0.09375 0.0796875
5 0.690625 0.265625 0.14375 0.415625
5 0.809375 0.4015625 0.38125 0.25625
6 0.051995567950365904 0.6640625 0.03353975334181776 0.0625
6 0.5704081185948671 0.82734375 0.07520108935390794 0.1515625
6 0.34240293929027477 0.615625 0.03499316534054522 0.053125
6 0.29360235996181994 0.5796875 0.022529528007635947 0.05625
9 0.30859375 0.87109375 0.6171875 0.2578125
6 0.17192735463081982 0.5625 0.014407945337363514 0.0296875
6 0.378125 0.5390625 0.009375 0.01875
6 0.3875 0.5359375 0.0125 0.0125
6 0.26171875 0.53203125 0.0078125 0.0046875
6 0.24870803063336516 0.54375 0.008048857336090797 0.0203125
6 0.24164041796627433 0.546875 0.01268181333545435 0.015625
6 0.23754326396404712 0.56328125 0.012772720003181703 0.0234375
6 0.20891882463400152 0.5390625 0.007994313335454351 0.015625
6 0.20234375 0.534375 0.0046875 0.009375
6 0.1455648492998197 0.5453125 0.004814769334818081 0.0109375
6 0.1345455332988652 0.55234375 0.006395450668363623 0.0125
6 0.09539212663113798 0.56015625 0.006431813335454439 0.015625
6 0.08579895062859269 0.57890625 0.009629538669636162 0.021875
6 0.009763161958956434 0.60078125 0.008030676002545345 0.01875
6 0.0579370326225475 0.6234375 0.014426126670908878 0.03125
8 0.809375 0.76484375 0.38125 0.4703125