9 0.7109375 0.3109375 0.115625 0.35625
6 0.4093229195016736 0.4170651567472691 0.028379530054229284 0.04407726400381797
9 0.2046875 0.2609375 0.409375 0.45625
3 0.5100233980316513 0.16353217142740473 0.0428147347764936 0.10830339600572696
0 0.53671875 0.05234375 0.1296875 0.1046875
7 0.54375 0.32734375 0.190625 0.3234375
5 0.53359375 0.24453125 0.2140625 0.4890625
7 0.88359375 0.08984375 0.1109375 0.1796875
5 0.8796875 0.24453125 0.15625 0.4890625
3 0.95625 0.6171875 0.0875 0.121875
5 0.884375 0.74453125 0.23125 0.5109375
4 0.8890625 0.81796875 0.221875 0.3640625