8 0.353125 0.23984375 0.69375 0.4796875
5 0.5073469509116353 0.20390625 0.020630662567786652 0.0546875
7 0.5073696768093343 0.2078125 0.017369307181592398 0.03125
1 0.9171875 0.034375 0.165625 0.06875
4 0.85 0.23984375 0.3 0.4796875
5 0.85 0.23984375 0.3 0.4796875
8 0.23671875 0.6171875 0.4734375 0.275
7 0.58984375 0.57890625 0.1609375 0.1984375
5 0.56328125 0.63984375 0.2265625 0.3203125
9 0.97578125 0.6484375 0.0484375 0.3375
6 0.7298850262436003 0.71015625 0.028370439695149584 0.0421875
3 0.8140625 0.49765625 0.04375 0.0359375
7 0.85859375 0.73046875 0.1984375 0.5015625
5 0.84921875 0.73984375 0.2328125 0.5203125