7 0.41171875 0.09453125 0.0140625 0.0421875
5 0.40703125 0.13515625 0.0234375 0.1921875
8 0.209375 0.259375 0.41875 0.51875
7 0.76484375 0.27421875 0.4703125 0.4890625
5 0.77109375 0.259375 0.4578125 0.51875
4 0.06833675541054189 0.7203125 0.12229426535645356 0.1703125
2 0.13019077072722451 0.59765625 0.047511346674090585 0.0546875
5 0.08046875 0.7796875 0.1609375 0.440625
6 0.4296875 0.7453125 0.021875 0.096875
6 0.5954697780474069 0.58828125 0.024110209341181486 0.0578125
6 0.8753027287157705 0.60078125 0.02868862133990895 0.0484375
6 0.835731151376498 0.55703125 0.013118165340545218 0.053125
9 0.709375 0.86640625 0.58125 0.2671875
6 0.72421875 0.52421875 0.0109375 0.0109375
6 0.9229584313733163 0.53359375 0.006540901336727245 0.025
6 0.9315521813733163 0.53359375 0.009520450668363623 0.0125
6 0.79921875 0.52109375 0.0046875 0.0046875
6 0.79296875 0.52109375 0.0109375 0.0046875
6 0.7862124093729982 0.53125 0.009629538669636162 0.021875
6 0.63984375 0.521875 0.0078125 0.00625
6 0.56640625 0.5234375 0.0046875 0.009375
6 0.6067521760423162 0.55078125 0.009720445337363515 0.0296875
6 0.5207783133752253 0.54765625 0.012881808004454242 0.0328125
6 0.48386865937299817 0.53125 0.008085220003181704 0.0234375
6 0.45625 0.521875 0.003125 0.00625