7 0.19834221459263976 0.4727728620254936 0.10201922270845261 0.3083851926220159
3 0.1884148732893202 0.2517518348981306 0.0364465773392725 0.04395907825883123
2 0.1818932479710468 0.1408597866935287 0.0654806440165447 0.12224770472226432
5 0.26015625 0.34765625 0.2546875 0.5640625
8 0.28984375 0.31484375 0.5796875 0.6296875
6 0.7265625 0.01484375 0.009375 0.0296875
7 0.775 0.0609375 0.1 0.121875
5 0.790625 0.2 0.15 0.4
4 0.11875 0.81484375 0.2375 0.3703125
5 0.16171875 0.81484375 0.3234375 0.3703125
8 0.73125 0.71796875 0.278125 0.1765625