5 0.32890625 0.0625 0.1578125 0.125
3 0.49887965861713857 0.3069463114832007 0.02541817067154497 0.03608294574527386
0 0.5060478159611836 0.22800370004688225 0.08573860001590816 0.11767837939029935
7 0.50625 0.3640625 0.10625 0.15
5 0.48984375 0.30390625 0.1390625 0.2703125
1 0.8891132126034573 0.2528820219610016 0.2122476507001803 0.24809310811666876
4 0.79921875 0.35390625 0.4015625 0.1703125
5 0.7796875 0.21953125 0.440625 0.4390625
1 0.6484375 0.8453125 0.178125 0.309375
2 0.66484375 0.5734375 0.2109375 0.2125
5 0.7796875 0.7265625 0.440625 0.546875