9 0.33515625 0.23984375 0.3484375 0.4796875
7 0.090625 0.21015625 0.18125 0.4203125
5 0.09765625 0.23984375 0.1953125 0.4796875
0 0.6219961572050334 0.379446084603543 0.09430451190385672 0.09585792154477701
0 0.6990535608940255 0.42821486182910196 0.055014752926866174 0.05656816256778665
0 0.8656234373574586 0.39912173858712263 0.08014201795398072 0.07858860831306061
0 0.9389473078689633 0.41822574171038057 0.058194295081344195 0.06596134328594587
3 0.62734375 0.4578125 0.0421875 0.04375
3 0.709375 0.475 0.01875 0.009375
3 0.8894649374556545 0.46382458802138854 0.015797716822512697 0.02977840359079629
3 0.934375 0.46875 0.03125 0.021875
5 0.98046875 0.02265625 0.0390625 0.0453125
2 0.21759552439688862 0.5055206877502421 0.06278180113146803 0.048801114363184794
1 0.23751259377692513 0.5733712630822071 0.03469316256778647 0.05488748789975162
3 0.30078125 0.49609375 0.0640625 0.0328125
4 0.20512681977282005 0.6344951154433393 0.07242951190385653 0.09573065651766247
4 0.36171875 0.73203125 0.2609375 0.5046875
5 0.496875 0.73984375 0.025 0.5203125
5 0.2546875 0.73984375 0.509375 0.5203125
5 0.209375 0.58671875 0.11875 0.2140625
8 0.7546875 0.73203125 0.490625 0.5046875
8 0.915625 0.63515625 0.16875 0.3109375