5 0.13125 0.44027852459328026 0.0203125 0.02980567466803503
7 0.12734375 0.44264500049097927 0.0109375 0.020376132513557365
8 0.14375 0.3875 0.196875 0.1625
9 0.0421875 0.06015625 0.084375 0.1203125
9 0.11015625 0.0872762444408551 0.0984375 0.07557269262201594
9 0.18984375 0.08681263612779463 0.090625 0.06927724082661779
9 0.4546875 0.12824057026379937 0.0671875 0.06132838544042354
9 0.41328125 0.1277002147794093 0.0875 0.07238406010845858
9 0.58125 0.11171875 0.05625 0.1421875
8 0.4234375 0.2127973774453918 0.071875 0.09885565651766245
8 0.3203125 0.21875 0.475 0.4375
2 0.33984375 0.58828125 0.4859375 0.2390625
1 0.23515625 0.86015625 0.4515625 0.2796875
5 0.3046875 0.734375 0.609375 0.53125