3 0.48359375 0.01484375 0.0609375 0.0296875
7 0.4453125 0.25 0.346875 0.5
5 0.42265625 0.25 0.3921875 0.5
8 0.809375 0.265625 0.38125 0.46875
7 0.8826008173369331 0.3096725201934761 0.02674430718159222 0.031404536104353474
5 0.8896502480550925 0.30658842680933435 0.04556703005422946 0.04401362041330899
7 0.22890625 0.7890625 0.4578125 0.421875
5 0.246875 0.75 0.49375 0.5
3 0.20860634377692513 0.5910674450579029 0.05701359016268803 0.13157725292686617
1 0.71796875 0.8890625 0.1984375 0.221875
2 0.8015625 0.68515625 0.365625 0.1984375
5 0.809375 0.78203125 0.38125 0.4359375