4 0.14609375 0.07734375 0.2859375 0.1546875
5 0.23671875 0.3046875 0.4734375 0.609375
5 0.865625 0.596875 0.01875 0.025
7 0.86953125 0.6 0.0109375 0.01875
8 0.85 0.5375 0.190625 0.14375
9 0.96953125 0.1953125 0.0609375 0.159375
9 0.9084563528521116 0.23801048000291564 0.09886474687674181 0.07401019262201594
9 0.8264478287498106 0.23458147385459557 0.08944429508134384 0.06614315046753819
8 0.79453125 0.33984375 0.2515625 0.4796875
1 0.41875 0.675 0.415625 0.13125
4 0.334375 0.8484375 0.66875 0.303125
5 0.334375 0.8046875 0.66875 0.390625
8 0.734375 0.7625 0.13125 0.30625
8 0.834375 0.89453125 0.33125 0.2109375