5 0.5348092537124332 0.3824104406771083 0.09503174063022612 0.22085792154477701
5 0.3802399283804682 0.3629978862259905 0.0919703731437835 0.2317772408266178
9 0.04609375 0.4578125 0.0921875 0.2625
5 0.02109375 0.55234375 0.0421875 0.0734375
3 0.018116136520578075 0.5690040091733822 0.011028403590796177 0.015688632513557364
0 0.01484375 0.5375 0.0296875 0.040625
4 0.5522649193052819 0.3362166967272325 0.03154089149054773 0.05018180718159222
4 0.3727046843323965 0.3153870880213886 0.036319295081343836 0.06583407825883122
0 0.5533188800776705 0.2893371515476927 0.022029536104353653 0.02668976502711464
3 0.5485177505891752 0.30889567262493156 0.006304542154477666 0.009411361436318443
3 0.38304728669352867 0.28329675068737104 0.004742042154477844 0.009402271077238834
0 0.3808308017206434 0.2614353862259905 0.022020445745273776 0.025127265027114643
8 0.728125 0.4125 0.2375 0.353125
8 0.8046875 0.29453125 0.390625 0.5890625
8 0.2328125 0.79453125 0.465625 0.4109375
5 0.10021660597536944 0.8162728771508043 0.02999657220870695 0.0532977168225127
5 0.7390625 0.79453125 0.259375 0.4109375
4 0.6796875 0.8015625 0.140625 0.396875