1 0.61171875 0.1625 0.3640625 0.275
5 0.71484375 0.15 0.5703125 0.3
0 0.13359375 0.48984375 0.2671875 0.3796875
3 0.1515831423743105 0.7708322131100795 0.09152494554888228 0.1552147408266178
7 0.2546875 0.8234375 0.35 0.353125
5 0.21484375 0.65 0.4296875 0.7
8 0.71484375 0.634375 0.5703125 0.66875
2 0.9002069947354426 0.5760747458947835 0.022020445745273776 0.02512726502711473
3 0.8992848441697087 0.6002889507152436 0.01728749394987581 0.01728749394987581
4 0.9021916755517978 0.6378071314334027 0.02844316256778683 0.054851126463433174
5 0.8919536123200812 0.6518105440993853 0.06665221057599666 0.17694429508134385