8 0.09140625 0.265625 0.1828125 0.3875
8 0.21484375 0.25390625 0.4296875 0.4109375
4 0.7299041059753695 0.33178386952954614 0.10106357201231528 0.18339428298109564
0 0.6881938498270493 0.24950717983439646 0.07261131908544911 0.12698065651766247
5 0.73984375 0.321875 0.2671875 0.275
8 0.31640625 0.61640625 0.2265625 0.3140625
7 0.34381609416970865 0.6044527133064713 0.022020445745273863 0.02512726502711473
5 0.34454734719477076 0.6130510084860111 0.03627384328594587 0.05802157825883114
8 0.11328125 0.709375 0.2265625 0.225
8 0.728125 0.715625 0.54375 0.5125
0 0.8761013533430908 0.6787639295398089 0.034565897540672096 0.03301248789975162
0 0.593643377347196 0.6161810745463981 0.04871930113146803 0.04871930113146803
0 0.5554575761175318 0.5995521107489474 0.03460225897699054 0.03926248789975162
0 0.5244211995559029 0.5626515535673551 0.05029998184962743 0.051853391490547907
3 0.5046945068356912 0.5961316740788598 0.01415340359079611 0.015706813231716587
3 0.5544854285768599 0.6323600655694076 0.020430674668035033 0.020430674668035033
3 0.5777865731906656 0.6559339209556019 0.022011355386194253 0.023564765027114732
1 0.8665445461614985 0.7099593873853312 0.023564765027114732 0.022011355386194253
7 0.8591224107210749 0.7771059807694728 0.0725658672900508 0.11916815651766229
7 0.6000519377502421 0.7232532311622564 0.0946590359079618 0.15679542154477702
7 0.5455598804704538 0.6893413185944697 0.06790563836728972 0.12382838544042371
7 0.5003655551384889 0.6687651981811608 0.08829086123992677 0.13644656010845857
5 0.44296875 0.72421875 0.0265625 0.3546875
5 0.49453125 0.7390625 0.1296875 0.41875
5 0.5326235432346322 0.7642685957218328 0.11936918617910823 0.37568177693097127
5 0.5793440071302787 0.7911038064942213 0.16169304156530248 0.39936471662612083
5 0.8385917421031641 0.8144878061014378 0.1456407946885605 0.3258363130353249