5 0.0984375 0.284375 0.196875 0.56875
7 0.715625 0.05234375 0.19375 0.1046875
5 0.72421875 0.284375 0.4546875 0.56875
7 0.3296875 0.784375 0.259375 0.43125
5 0.3359375 0.784375 0.246875 0.43125
8 0.9703125 0.89453125 0.059375 0.2109375
8 0.7890625 0.91875 0.23125 0.1625
8 0.7840680113146815 0.8377433561717613 0.0989738311856975 0.09276019262201593
7 0.6057612041330891 0.8075296571068377 0.007894313231716587 0.014107951795397967
0 0.6056839360809124 0.7942484071068376 0.006286361436318444 0.006286361436318444
5 0.6057430234149299 0.8044046571068376 0.01269089754067192 0.032885222872636885