0 0.16838742739850954 0.16988995058882175 0.05050906010845857 0.08808180267345422
0 0.29713511699546336 0.2754303312380953 0.018986349336070064 0.04084317600254535
0 0.11499984874689488 0.3939637972629123 0.01894998789975162 0.03459317600254526
4 0.1292441559284873 0.42505016526100337 0.01905907220870695 0.053343176002545435
4 0.19270669222923242 0.32117973058564003 0.07606357201231528 0.18368520401018137
4 0.3083862343837101 0.3292093119032772 0.015870439695149584 0.04236931333545453
5 0.12214018305585031 0.41263198126195777 0.03636474687674198 0.07385567067154533
3 0.17575047550491565 0.22683938458786726 0.023610216822512697 0.029960220003181704
5 0.1796875 0.30078125 0.121875 0.3578125
5 0.3012731711519937 0.3152286279042317 0.03194995764913067 0.12067612667090888
3 0.81171875 0.12265625 0.1890625 0.2453125
7 0.840625 0.27109375 0.31875 0.4171875
5 0.79921875 0.23984375 0.4015625 0.4796875
1 0.8109375 0.9609375 0.378125 0.078125
2 0.78203125 0.8328125 0.4359375 0.121875
5 0.659375 0.878125 0.68125 0.24375