8 0.046875 0.2359375 0.09375 0.15
8 0.15342252019347608 0.23558245511504783 0.12416472872636941 0.1257181383672897
5 0.03601230639602544 0.1979829820460191 0.01886817466803503 0.020421584308955333
9 0.01171875 0.19296875 0.0234375 0.0421875
8 0.23125 0.2265625 0.396875 0.453125
0 0.790625 0.171875 0.41875 0.34375
3 0.70703125 0.4515625 0.1671875 0.15625
5 0.71484375 0.26484375 0.5703125 0.5296875
8 0.3359375 0.82578125 0.1875 0.1578125
4 0.24516004741903502 0.8707831151487516 0.03782725292686635 0.05646816861791102
2 0.24803051736480572 0.8270149344305924 0.015697722872636887 0.012590903590796287
3 0.24498278541698246 0.8403143651487517 0.014135222872636887 0.012581813231716765
5 0.23589867690753027 0.8903689073032293 0.06647949375348397 0.14725679508134384
8 0.80234375 0.7796875 0.3953125 0.440625
8 0.703125 0.85390625 0.546875 0.2921875