7 0.43359375 0.37578125 0.1703125 0.1265625
5 0.3921875 0.35546875 0.253125 0.1671875
2 0.58515625 0.304317519374589 0.084375 0.07754429201145392
1 0.54921875 0.39061809870304376 0.03125 0.05973862667090888
5 0.64375 0.34921875 0.25 0.1796875
8 0.259375 0.71953125 0.51875 0.5609375
8 0.090625 0.82265625 0.18125 0.3546875
8 0.3890625 0.47175320408972315 0.0421875 0.03017839600572696
9 0.34140625 0.4735424234165871 0.040625 0.030160214672181596
7 0.04296875 0.9427260387094071 0.03125 0.04098862667090906
5 0.0453125 0.9411908107097254 0.0375 0.04887385200509087
8 0.759375 0.79296875 0.48125 0.4140625
2 0.64453125 0.6963039300206809 0.034375 0.030087489337999783
3 0.63828125 0.721231204686499 0.01875 0.015843176002545433
4 0.615625 0.7537800753500902 0.0546875 0.08813634667409058
5 0.6390625 0.7798340453532718 0.134375 0.20937609468490842