0 0.021875 0.19453125 0.04375 0.1171875
0 0.10794833450534717 0.09807858525623084 0.08496587334017516 0.10254429201145401
3 0.11915802439688852 0.18544222525464 0.028343168617910842 0.03782726400381797
3 0.009375 0.26796875 0.01875 0.0359375
7 0.0421875 0.30078125 0.084375 0.1359375
7 0.20234375 0.26015625 0.1828125 0.2171875
5 0.225 0.19765625 0.33125 0.3421875
5 0.0875 0.2484375 0.175 0.240625
8 0.71484375 0.184375 0.5703125 0.36875
5 0.6468648678792261 0.04185695194145724 0.02521816861791084 0.037790901336727065
2 0.5767432654198981 0.009862611951002265 0.007876132513557366 0.011028406667727175
4 0.5827432805452086 0.05275863661682045 0.02688066256778665 0.05499658267027261
5 0.5749853226996864 0.043474543284547716 0.04266928903121965 0.08330339600572696
8 0.23203125 0.684375 0.3953125 0.63125
1 0.79765625 0.61484375 0.4046875 0.3015625
2 0.80859375 0.42578125 0.3828125 0.1140625
5 0.71484375 0.684375 0.5703125 0.63125
4 0.7359375 0.80078125 0.528125 0.3984375