7 0.5633481687221338 0.12218715257004993 0.020494313335454352 0.015861357336090797
5 0.5624851027211794 0.11516499323682261 0.026980670671545325 0.03624658267027261
8 0.46875 0.1796875 0.2625 0.359375
8 0.8 0.1828125 0.4 0.353125
8 0.1140625 0.7046875 0.228125 0.40625
8 0.3 0.6796875 0.6 0.640625
4 0.5350311700349983 0.48058090790105 0.030287484006999675 0.051907945337363516
5 0.5279271947008166 0.4744127239020045 0.05712270401018138 0.07565452800763595
8 0.85234375 0.68203125 0.2953125 0.2015625
8 0.659375 0.75 0.11875 0.4125
8 0.85546875 0.91953125 0.2890625 0.1609375