8 0.25 0.21953125 0.5 0.4390625
5 0.18828125 0.21953125 0.2734375 0.4390625
7 0.1265625 0.24015556938254318 0.109375 0.3278351933481812
3 0.10390625 0.00859375 0.0390625 0.0171875
4 0.603125 0.0484375 0.20625 0.096875
5 0.8546875 0.21953125 0.290625 0.4390625
5 0.65546875 0.21953125 0.3109375 0.4390625
4 0.28671875 0.5765625 0.3515625 0.275
5 0.25 0.71953125 0.5 0.5609375
9 0.9703125 0.60234375 0.059375 0.3265625
6 0.7015625 0.6485509667409056 0.0296875 0.04565794533736352
9 0.6078125 0.71953125 0.215625 0.5609375
7 0.8390625 0.690625 0.209375 0.503125
5 0.828125 0.71953125 0.24375 0.5609375