1 0.7145857165279251 0.07522343527213918 0.02991475897699054 0.03940794533736343
1 0.6880413972460844 0.07865751794241174 0.012572722872636888 0.012645450668363534
1 0.599415234481906 0.1546938539545021 0.031577252926866174 0.05661362667090888
1 0.4386090238077133 0.0448386906429102 0.02832498789975162 0.03470226400381802
0 0.440625 0.015625 0.040625 0.03125
0 0.5203125 0.01796875 0.040625 0.0359375
0 0.6061828640685971 0.1092995379535476 0.05198974687674198 0.07403748400699968
0 0.7804379755049157 0.1135223192632305 0.050445427594901206 0.07714430267345422
0 0.72109375 0.02421875 0.0390625 0.0484375
0 0.6941050448849522 0.04655354260822997 0.028388620413308984 0.04563976400381797
7 0.7109339965821544 0.1190188886060028 0.0880181504675381 0.09008065467854491
7 0.8257055445903646 0.2395666512571853 0.10745901775758923 0.20904883068109026
7 0.5325413518701528 0.20938190129695622 0.11990447560311139 0.19981928134945387
7 0.49938341822512733 0.15038870930141054 0.10726812021691715 0.17623633068109026
7 0.4453125 0.12265625 0.053125 0.1703125
5 0.453125 0.2109375 0.06875 0.421875
5 0.4921875 0.228125 0.146875 0.45625
5 0.53203125 0.2734375 0.2046875 0.43125
5 0.6740561652982612 0.09210239994432072 0.064871541958086 0.1398079346753633
5 0.70546875 0.0859375 0.1234375 0.171875
5 0.8 0.28125 0.171875 0.415625
6 0.4 0.8265625 0.0375 0.121875
6 0.39609375 0.93125 0.0453125 0.078125
6 0.39375 0.70625 0.05 0.165625
6 0.4046875 0.96953125 0.028125 0.0609375
8 0.4953125 0.83359375 0.153125 0.2484375
8 0.659375 0.74453125 0.48125 0.5109375
5 0.5901725655694076 0.7674376599300032 0.040997704722264314 0.0645352146721816