8 0.16953125 0.03046875 0.1453125 0.0609375
8 0.153125 0.34921875 0.23125 0.3390625
5 0.20941574140672392 0.3015784919637289 0.04282384667409058 0.05517839600572714
4 0.21498448874122386 0.31010860729631984 0.025272720003181703 0.023728401336727246
0 0.4287208194223141 0.25253246463241064 0.09331474267981754 0.09794769867918127
0 0.38715948074472367 0.17253642930459226 0.07581816000954503 0.07118520401018139
0 0.5537020907463146 0.18231886728200236 0.04267839600572696 0.04267839600572696
0 0.6498600227561777 0.2538660559357302 0.052471566677272284 0.07872498400699968
0 0.7162299100890868 0.24996834926004877 0.07443747334499946 0.08679202267663584
0 0.854828786083678 0.20850646057450425 0.08045111600890849 0.06655224801081765
7 0.8625 0.39765625 0.159375 0.2421875
7 0.69375 0.41484375 0.153125 0.2078125
7 0.62421875 0.40859375 0.0984375 0.2203125
7 0.52234409742995 0.3077006752864567 0.08784654002227174 0.16506247334499946
7 0.39765625 0.41796875 0.1640625 0.2015625
7 0.33757874610117716 0.34344891331159194 0.09633174936345315 0.22296588001272682
3 0.38851344275140515 0.22174608863781947 0.033139764003817976 0.028506808004454244
3 0.542492418085587 0.2262052272835932 0.028434082670272608 0.026889764003817974
3 0.8383049047580867 0.26573770524350415 0.025363626670909058 0.031540901336727246
5 0.34765625 0.3234375 0.1578125 0.390625
5 0.41015625 0.3578125 0.1984375 0.321875
5 0.525 0.33515625 0.15 0.3671875
5 0.62578125 0.3625 0.1359375 0.3125
5 0.6953125 0.36015625 0.1875 0.3171875
5 0.85859375 0.34453125 0.1921875 0.3484375
8 0.11796875 0.66875 0.2359375 0.3
4 0.70625 0.56484375 0.34375 0.0921875
5 0.73125 0.696875 0.465625 0.35625