8 0.0671875 0.01484375 0.065625 0.0296875
9 0.0953125 0.0125 0.025 0.025
9 0.1328125 0.0328125 0.05 0.065625
7 0.0734375 0.014415461361563686 0.0078125 0.018795451795398144
5 0.07265625 0.02421875 0.0109375 0.0484375
8 0.25546875 0.2359375 0.1796875 0.30625
5 0.3328125 0.35 0.034375 0.078125
8 0.2046875 0.19453125 0.290625 0.3890625
8 0.621875 0.19453125 0.54375 0.3890625
5 0.1578125 0.69453125 0.315625 0.6109375
4 0.09609375 0.846875 0.1921875 0.30625
1 0.05625 0.48203125 0.1125 0.1859375
7 0.58046875 0.6687524616561513 0.171875 0.2009999394987581
0 0.4625 0.6038137837666625 0.075 0.14106133723582168
3 0.48828125 0.6536637928418487 0.025 0.05795794574527378
5 0.553125 0.7640625 0.2875 0.471875