0 0.4716551819700923 0.21540436972593788 0.04787497334499946 0.08621021077238851
0 0.14878984663431966 0.2314959605759968 0.01591590133672711 0.025090903590796198
3 0.15078125 0.26171875 0.0109375 0.0140625
3 0.47890625 0.26328125 0.0234375 0.0109375
5 0.9109375 0.04765625 0.090625 0.0953125
0 0.24375 0.39375 0.215625 0.25
7 0.51015625 0.5375 0.1984375 0.409375
3 0.3452819439449571 0.43289587587425793 0.11124767735518085 0.1615738251355733
7 0.50078125 0.94609375 0.2171875 0.1078125
5 0.36875 0.50625 0.48125 0.475
5 0.49140625 0.90859375 0.2359375 0.1828125
8 0.79921875 0.634375 0.3796875 0.73125
7 0.6890586686028211 0.6753510205862595 0.02231135200509069 0.037627265027114734
5 0.6860336659373211 0.6667390898681003 0.031959072008272395 0.06111930718159222