7 0.21328125 0.11953125 0.1359375 0.2390625
7 0.03984375 0.1046875 0.0796875 0.209375
5 0.05703125 0.234375 0.1140625 0.46875
5 0.19921875 0.234375 0.2046875 0.46875
3 0.41640625 0.48828125 0.0265625 0.0390625
3 0.5523336178792262 0.5655274677062755 0.017369307181592398 0.03134999394987581
7 0.36283478064340446 0.6416274011549092 0.13930898145684392 0.3117374515990063
0 0.53984375 0.50546875 0.0578125 0.0734375
7 0.53671875 0.671875 0.0640625 0.296875
5 0.3609375 0.734375 0.196875 0.53125
5 0.515625 0.734375 0.10625 0.53125