8 0.2875 0.128125 0.284375 0.25625
7 0.090625 0.1203125 0.18125 0.240625
5 0.12734375 0.1796875 0.2546875 0.359375
3 0.539310401351301 0.07923570337363443 0.05653180113146803 0.04909202800763594
0 0.509375 0.02421875 0.159375 0.0484375
4 0.865625 0.2046875 0.26875 0.409375
4 0.5796875 0.23359375 0.278125 0.3515625
5 0.6265625 0.2046875 0.39375 0.409375
5 0.81953125 0.2046875 0.3609375 0.409375
6 0.018549491219401304 0.45640673070495275 0.011073855386194254 0.023564769334818082
6 0.010627906910445883 0.4750658240372256 0.012618174668035031 0.020457950668363624
6 0.10296085265571975 0.45113852271640675 0.009465903590796198 0.01573408800127272
6 0.16940800927157804 0.44487997939208823 0.00947499394987581 0.017296588001272716
6 0.24992675624651586 0.43722256806967863 0.012609084308955331 0.018895450668363623
6 0.3327801628623742 0.4311549287475872 0.012627265027114731 0.022020450668363622
6 0.41171875 0.5171875 0.0359375 0.0625
6 0.3369580818730685 0.6530935634149962 0.06784200585373253 0.11328179734245421
6 0.060759717117100334 0.4529913767106798 0.007894313231716587 0.014153406667727176
6 0.016151199064923592 0.4657544587046346 0.011037493949875809 0.01731476933481808
6 0.40234375 0.4171875 0.0109375 0.015625
6 0.2992182291191529 0.4252952800763602 0.00947499394987581 0.017296588001272716
6 0.23901652732375478 0.43240779873486057 0.011028403590796109 0.015752269334818082
6 0.17569891588743633 0.43792145472627003 0.0063227228726368875 0.01257272533418181
6 0.1436494851692771 0.4406737373885884 0.007885222872636887 0.012590906667727175
6 0.13428812070789647 0.4382208993873157 0.0063136325135573655 0.011010225334181811
6 0.1256943707078965 0.43812090205281573 0.006304542154477666 0.009447725334181811
6 0.11712334660559556 0.4341146547183158 0.004732951795398144 0.007867044000636269
6 0.06627846409203819 0.44446126137808883 0.0063227228726368875 0.01257272533418181
6 0.07254209963065765 0.44219023671227065 0.0063136325135573655 0.011010225334181811
6 0.07411823516927711 0.43986466804581603 0.004742042154477666 0.00942954400063627
6 0.08115403034881688 0.4391652340467706 0.004742042154477666 0.00942954400063627
6 0.08350687070789649 0.43763000604708874 0.004742042154477666 0.00942954400063627
6 0.0850784610669761 0.4360856873806342 0.004742042154477666 0.009429544000636447
6 0.10462789178513532 0.43318795404995225 0.004742042154477666 0.009429544000636447
6 0.12026198214421498 0.43180726738540665 0.003170451795398055 0.007848862667090905
6 0.020125626758020675 0.45408116203849824 0.0063227228726368875 0.01257272533418181
6 0.02250119301479936 0.4486396840388164 0.004751132513557366 0.01099204400063627
6 0.02408187373295858 0.4455328653723619 0.004742042154477666 0.00942954400063627
6 0.058438693014799356 0.4490578547103617 0.004760222872636888 0.01255454400063627
8 0.52109375 0.7046875 0.1828125 0.590625
8 0.81953125 0.625 0.3609375 0.43125