0 0.3305376439370029 0.04311263310273254 0.01911362667090888 0.03135908430895533
5 0.3327632152689575 0.05325524756411308 0.041479522676635926 0.07367384933607006
4 0.3259228692711847 0.03688990417997138 0.02074885200509069 0.037618174668035034
8 0.728125 0.328125 0.496875 0.2625
5 0.50546875 0.37734375 0.0515625 0.1640625
8 0.23984375 0.7296875 0.4796875 0.540625
8 0.73984375 0.7296875 0.5203125 0.540625
2 0.6076717612587761 0.7585745275201465 0.023728401336727066 0.025136355386194253
3 0.611287109922049 0.7835518016224474 0.017405676002545258 0.01884999394987581
4 0.6116229172501857 0.8218285064429077 0.028779528007635946 0.056413626463433175
5 0.6231962165818221 0.8342603287498106 0.06929653469127164 0.18164088544042373