7 0.38984375 0.040625 0.0859375 0.08125
7 0.41171875 0.1125 0.1359375 0.225
5 0.3875 0.184375 0.184375 0.36875
5 0.37890625 0.18125 0.1859375 0.3625
5 0.64453125 0.0265625 0.1140625 0.053125
8 0.73984375 0.184375 0.5203125 0.36875
8 0.6995575549420971 0.60234375 0.22906130698520072 0.1609375
4 0.7897234918085765 0.68125 0.03783634328594587 0.0578125
2 0.8016967718628057 0.6375 0.017269313231716675 0.0140625
3 0.8000570038106289 0.65078125 0.014135222872636887 0.0125
5 0.7927303171405414 0.7015625 0.06961358411256358 0.1484375
9 0.51796875 0.59609375 0.0765625 0.0640625