7 0.26328125 0.29453125 0.4515625 0.5890625
5 0.24453125 0.29453125 0.4890625 0.5890625
5 0.6866668122497579 0.5312081639083679 0.020494307181592397 0.0314863573360908
7 0.6898054477883774 0.5335155512412769 0.011064765027114731 0.02200226933481808
8 0.67109375 0.490625 0.2046875 0.196875
9 0.8069186622731991 0.11649967922505047 0.13532039734428025 0.16406359468490822
9 0.7126464875069681 0.16213089990454982 0.10200792759490121 0.0777442866804539
9 0.6290481923274284 0.1623223512492311 0.09259656615858276 0.07138519867918128
8 0.6125 0.27578125 0.246875 0.5015625
8 0.3203125 0.79453125 0.3375 0.4109375
8 0.74453125 0.79453125 0.5109375 0.4109375