3 0.33386385636815297 0.5264203333863613 0.08367608411256366 0.14940111067790873
7 0.4375 0.5703125 0.184375 0.178125
0 0.33829332289607805 0.30223794605345217 0.2680339451560988 0.41715332670272576
5 0.346875 0.37421875 0.365625 0.5703125
3 0.8747398830045366 0.21186857940799655 0.0784886143631848 0.06340906667727228
2 0.8862818918833313 0.10808959874281468 0.155496541958086 0.14086245202099903
4 0.846555274789672 0.35608165607095127 0.19368740924813688 0.2600488040260897
5 0.790625 0.33515625 0.40625 0.6484375
6 0.1600541725267357 0.8236316880569519 0.031504530054229284 0.0441136266709087
9 0.3125 0.8296875 0.434375 0.340625
7 0.0765625 0.8296875 0.153125 0.340625
5 0.10078125 0.8296875 0.2015625 0.340625