3 0.45 0.6442832794398133 0.0140625 0.031413632001908984
0 0.43671875 0.6308474881046771 0.0265625 0.050309082670272606
0 0.03359375 0.11678170404995225 0.034375 0.041024989337999786
0 0.33359375 0.19761627009067767 0.034375 0.04571248933799978
7 0.47109375 0.665625 0.0734375 0.10625
5 0.4484375 0.6609375 0.121875 0.115625
7 0.315625 0.27318843475490506 0.0515625 0.10059998400699968
3 0.328125 0.2303651354232686 0.0140625 0.017351132001908985
5 0.3078125 0.3254412780871778 0.0984375 0.3136454240133631
3 0.028125 0.1510930693825432 0.0140625 0.018913632001908987
7 0.02265625 0.21015625 0.0453125 0.1328125
5 0.03125 0.2515625 0.0625 0.321875
6 0.88203125 0.15153960673931482 0.2328125 0.2589590186982712
6 0.646875 0.375 0.19375 0.525
6 0.97421875 0.084375 0.0515625 0.16875
1 0.18046875 0.8921875 0.3609375 0.215625
2 0.2796875 0.81015625 0.509375 0.1828125
5 0.275 0.859375 0.55 0.28125
1 0.58828125 0.9203125 0.0765625 0.121875
1 0.88828125 0.906628738104677 0.1671875 0.08163290268936266
2 0.86796875 0.79921875 0.2640625 0.1265625
2 0.984375 0.79765625 0.03125 0.1109375
2 0.5890625 0.78515625 0.078125 0.1296875
5 0.659375 0.859375 0.21875 0.28125
5 0.86484375 0.8296875 0.2703125 0.203125
5 0.775 0.859375 0.45 0.28125