8 0.6015625 0.23984375 0.225 0.4796875
8 0.6953125 0.2444013805686497 0.303125 0.4548885296614458
7 0.64609375 0.29000022687965765 0.028125 0.039226126463433174
5 0.64453125 0.2892280672387374 0.0328125 0.0470658975406721
4 0.0703125 0.63515625 0.140625 0.3109375
4 0.1375 0.52265625 0.096875 0.0859375
0 0.446875 0.5453125 0.084375 0.13125
3 0.4765625 0.615625 0.025 0.034375
5 0.4171875 0.73984375 0.14375 0.5203125
5 0.15703125 0.73984375 0.3140625 0.5203125
8 0.81640625 0.74140625 0.3671875 0.5171875