8 0.490625 0.446875 0.15625 0.225
8 0.284375 0.34609375 0.56875 0.4265625
8 0.0796875 0.38828125 0.159375 0.3421875
0 0.73671875 0.1078125 0.3265625 0.215625
0 0.59609375 0.21015625 0.0546875 0.1890625
3 0.58515625 0.3671875 0.0328125 0.096875
3 0.80703125 0.39189352876349554 0.19375 0.17881698535963508
4 0.88203125 0.48203125 0.2359375 0.1546875
5 0.66640625 0.334375 0.1953125 0.45
5 0.78828125 0.2796875 0.4234375 0.559375
8 0.05078125 0.80234375 0.1015625 0.1359375
8 0.2484375 0.8230424367440874 0.103125 0.11057496801399935
8 0.3546875 0.7656850174251776 0.059375 0.09287839067472695
9 0.3265625 0.7177015034213596 0.028125 0.031577264003817974
9 0.38671875 0.7019952347628593 0.0328125 0.03319430800445424
9 0.41875 0.7054929521005409 0.0203125 0.020548857336090798
9 0.50625 0.6768236067790857 0.05625 0.035029528007635945
9 0.4359375 0.7244429467695408 0.0359375 0.03948067067154533
9 0.6953125 0.6532753767504508 0.05625 0.07721702800763594