8 0.415625 0.26953125 0.446875 0.5390625
6 0.5521012928418487 0.76328125 0.026862481849627428 0.0515625
6 0.38271094340758277 0.7390625 0.031586343285945874 0.0578125
6 0.45104330777076757 0.6765625 0.015815897540672096 0.0328125
6 0.5998575367917244 0.74609375 0.012681807181592574 0.03125
6 0.5212467234618121 0.6953125 0.014217036104353476 0.0265625
6 0.4667592113615637 0.6609375 0.012636355386194254 0.0234375
6 0.4293592053114395 0.64375 0.011064765027114731 0.021875
6 0.039533636029598765 0.640625 0.02054884933607006 0.040625
6 0.09675123839073088 0.60859375 0.01581589754067192 0.0328125
6 0.13823930162244746 0.59453125 0.011082945745273954 0.025
6 0.3935216992613153 0.6265625 0.009493174668035032 0.0203125
6 0.3373716932111911 0.609375 0.007930674668035032 0.0203125
6 0.2741586209042882 0.59765625 0.00947499394987581 0.0171875
6 0.18827566305876592 0.58828125 0.007921584308955332 0.01875
6 0.2902557986955812 0.65078125 0.018986349336070064 0.040625
6 0.24123703659533283 0.61640625 0.014235216822512697 0.0296875
6 0.29514328659533284 0.61640625 0.012645445745273954 0.025
6 0.36377056674775793 0.6375 0.012654536104353653 0.0265625
4 0.22890625 0.546875 0.0078125 0.015625
5 0.228125 0.55546875 0.0125 0.0328125
9 0.2390625 0.86171875 0.478125 0.2765625
8 0.77421875 0.72578125 0.2703125 0.3734375