8 0.69296875 0.29296875 0.5578125 0.4140625
3 0.321875 0.57109375 0.025 0.05
7 0.36640625 0.6046875 0.0859375 0.159375
0 0.3 0.5390625 0.05 0.078125
5 0.34140625 0.6984375 0.1359375 0.396875
0 0.53515625 0.56015625 0.0875 0.09375
0 0.6546875 0.57890625 0.084375 0.08125
0 0.6078125 0.66796875 0.028125 0.0296875
0 0.7 0.65 0.0328125 0.034375
0 0.75390625 0.65703125 0.034375 0.0375
0 0.890625 0.6578125 0.034375 0.0359375
0 0.9125 0.678125 0.0203125 0.0359375
3 0.9125 0.696875 0.009375 0.0125
3 0.8828125 0.684375 0.009375 0.015625
3 0.75 0.6875 0.015625 0.0171875
3 0.53515625 0.6421875 0.0453125 0.04375
3 0.65703125 0.66328125 0.040625 0.04375
3 0.940625 0.69921875 0.0125 0.0125
5 0.91171875 0.77890625 0.01875 0.23125
5 0.8921875 0.80078125 0.046875 0.31875
5 0.94453125 0.78984375 0.059375 0.275
0 0.934375 0.67265625 0.03125 0.0390625
5 0.76328125 0.8 0.05625 0.328125
5 0.7203125 0.80390625 0.078125 0.3390625
5 0.60703125 0.67109375 0.0296875 0.04375
5 0.42890625 0.80546875 0.0390625 0.3890625
5 0.5015625 0.7546875 0.184375 0.490625
5 0.665625 0.7671875 0.171875 0.465625
7 0.953125 0.74140625 0.040625 0.096875
7 0.89375 0.74375 0.046875 0.1234375
7 0.76171875 0.74765625 0.0453125 0.11875
7 0.66640625 0.83046875 0.1734375 0.3390625
7 0.7171875 0.71640625 0.059375 0.078125
7 0.5015625 0.7875 0.184375 0.325
7 0.4265625 0.7484375 0.034375 0.16875