5 0.21015625 0.209375 0.4171875 0.41875
2 0.471875 0.19296875 0.10625 0.1390625
1 0.4722219962875668 0.27148061114173083 0.050354524004105096 0.06122839149054773
4 0.52734375 0.0546875 0.1203125 0.109375
5 0.96171875 0.209375 0.0765625 0.41875
5 0.565625 0.13359375 0.2875 0.2671875
5 0.509375 0.2703125 0.18125 0.296875
1 0.18828125 0.62734375 0.3765625 0.3328125
2 0.196875 0.4484375 0.39375 0.059375
4 0.209375 0.8578125 0.41875 0.284375
5 0.209375 0.709375 0.41875 0.58125
8 0.709375 0.709375 0.58125 0.58125