5 0.4671875 0.03671875 0.065625 0.0734375
4 0.7765625 0.4359375 0.146875 0.065625
0 0.57578125 0.075 0.1515625 0.146875
4 0.7944045058537326 0.11875547342454125 0.24193401170746504 0.2277999253659985
5 0.9694100927949666 0.39030485144808563 0.05826701795398108 0.0787977093411815
0 0.5703125 0.43515625 0.121875 0.0671875
5 0.821875 0.19609375 0.35625 0.3859375
5 0.60078125 0.20859375 0.2015625 0.4140625
1 0.4578125 0.5921875 0.084375 0.246875
4 0.396875 0.79921875 0.20625 0.4015625
5 0.25703125 0.734375 0.4859375 0.53125