9 0.11328125 0.34140625 0.2265625 0.1859375
0 0.23734819537713436 0.09038228870940715 0.07000451201463562 0.10861247867599957
3 0.27133284404836144 0.1243669373806342 0.027344297342454117 0.06749658267027261
0 0.3219868247135433 0.11402033072086115 0.03499316534054504 0.05352498933799978
7 0.3312992847310425 0.24301748738858836 0.0739658533577261 0.18052384134309046
7 0.28915778540736026 0.31361125071608864 0.1457692227084526 0.3094670013526354
5 0.29296875 0.334375 0.2140625 0.66875
5 0.3360327854073602 0.31415669072245195 0.14589868141308723 0.5891181386855445
9 0.96875 0.590625 0.0625 0.15625
0 0.8337099534531763 0.5602328067313607 0.01268181333545435 0.015770450668363623
3 0.8354451761218581 0.5750947380649063 0.007903406667727353 0.007903406667727353
4 0.8397150527927669 0.6063901913987697 0.024037484006999676 0.051835220003181706
5 0.8390625 0.60859375 0.04375 0.1203125
9 0.63359375 0.60703125 0.1890625 0.1234375
3 0.71015625 0.72109375 0.1734375 0.1046875
4 0.73984375 0.834375 0.3453125 0.33125
5 0.76953125 0.834375 0.4609375 0.33125