0 0.0515625 0.09765625 0.103125 0.1953125
7 0.11796875 0.52734375 0.2359375 0.3640625
5 0.121875 0.3546875 0.24375 0.709375
6 0.9527390274108601 0.34983834321296003 0.03377611067790838 0.08319430800445424
6 0.97734375 0.62265625 0.0453125 0.1546875
6 0.9502396413908155 0.20219118387973278 0.009665901336727244 0.02510908800127254
6 0.9409646387253154 0.2108940218810055 0.011301126670908702 0.03137726933481808
6 0.8648833967218156 0.18599456655795957 0.014444308004454598 0.032976132001908985
6 0.7324430667170432 0.15237463924254963 0.016097714672181594 0.04080681333545444
6 0.5971959100493158 0.1461348245942306 0.019331802673454135 0.05021817600254534
6 0.4373941960534521 0.17846716128263873 0.03522952267663584 0.07383748933799979
6 0.8857044267186339 0.16231161855509607 0.008085220003181348 0.023528406667727174
9 0.55546875 0.4609375 0.4328125 0.496875
6 0.8337964813812706 0.13322410256209577 0.009593176002545434 0.018859088001272718
6 0.8022919427116342 0.11171272923300464 0.008012494668999892 0.017278406667727175
9 0.8277822913749071 0.0864127372295048 0.028579533338636054 0.039389764003817974
8 0.16953125 0.8546875 0.3390625 0.290625
8 0.7796875 0.778125 0.31875 0.1375