5 0.2 0.284375 0.4 0.56875
5 0.87890625 0.284375 0.2421875 0.56875
5 0.66328125 0.284375 0.4109375 0.56875
5 0.51171875 0.284375 0.2234375 0.56875
3 0.53125 0.01875 0.078125 0.0375
2 0.76484375 0.02578125 0.1734375 0.0515625
4 0.903125 0.44609375 0.19375 0.2453125
4 0.6578125 0.45 0.278125 0.2375
4 0.4859375 0.29375 0.171875 0.55
1 0.7440115368899204 0.246875 0.16709763817089804 0.253125
1 0.9734375 0.22109375 0.053125 0.2109375
8 0.35 0.72578125 0.1 0.2890625
8 0.2078125 0.7234375 0.221875 0.309375
6 0.49375 0.784375 0.1875 0.43125
6 0.7140625 0.784375 0.415625 0.43125
6 0.9375 0.84296875 0.125 0.3140625