7 0.5671875 0.2078125 0.2875 0.403125
5 0.59921875 0.2046875 0.3640625 0.409375
3 0.5765625 0.02265625 0.08125 0.0453125
2 0.4015625 0.58984375 0.015625 0.0484375
2 0.29375 0.546875 0.05 0.0515625
2 0.19921875 0.51875 0.059375 0.0484375
2 0.109375 0.68671875 0.0484375 0.0546875
0 0.046875 0.5046875 0.0734375 0.0765625
3 0.0453125 0.603125 0.040625 0.0484375
3 0.2015625 0.6234375 0.03125 0.04375
3 0.2953125 0.6578125 0.0421875 0.05
3 0.40390625 0.70234375 0.0109375 0.0453125
4 0.38984375 0.8734375 0.0390625 0.253125
4 0.303125 0.84453125 0.10625 0.3109375
4 0.203125 0.81171875 0.1046875 0.303125
4 0.1 0.8921875 0.121875 0.215625
7 0.0546875 0.7796875 0.109375 0.328125
5 0.37265625 0.78125 0.0734375 0.4375
5 0.3046875 0.76015625 0.1625 0.4796875
5 0.1984375 0.7453125 0.15625 0.509375
5 0.10234375 0.82578125 0.1609375 0.3484375
5 0.059375 0.73125 0.11875 0.5375
7 0.81171875 0.4625 0.2234375 0.10625
5 0.83359375 0.7046875 0.2859375 0.590625