3 0.21910815324636762 0.159375 0.06413632001909005 0.140625
7 0.084375 0.2453125 0.16875 0.28125
0 0.25234375 0.065625 0.2109375 0.13125
5 0.17890625 0.190625 0.3578125 0.38125
7 0.78671875 0.2796875 0.0890625 0.259375
7 0.9347166139401846 0.2625 0.06311926002545327 0.1875
0 0.7885790526336833 0.06484375 0.03951703333863606 0.0390625
0 0.9238347526257291 0.1234375 0.03513861600890884 0.065625
5 0.9421875 0.209375 0.09375 0.4
5 0.8140625 0.2046875 0.209375 0.409375
9 0.7785660639322304 0.32109375 0.15636018268618096 0.14375
9 0.6607245832670484 0.31015625 0.09469542934436319 0.08125
0 0.26171875 0.43828125 0.1140625 0.0578125
2 0.0359375 0.43984375 0.071875 0.0609375
3 0.25124158995068413 0.51171875 0.06942270934118148 0.0578125
3 0.03468988928232051 0.52421875 0.0630454400063634 0.046875
4 0.05625 0.7453125 0.1125 0.4875
4 0.2679183705840492 0.75703125 0.15189304805854284 0.43125
5 0.2671875 0.7046875 0.203125 0.590625
5 0.07421875 0.7046875 0.1484375 0.590625
1 0.83828125 0.8625 0.3234375 0.178125
2 0.81328125 0.62734375 0.3734375 0.1765625
4 0.734375 0.93984375 0.53125 0.1203125
5 0.684375 0.76640625 0.63125 0.4671875