8 0.30390625 0.253125 0.1234375 0.1125
8 0.25 0.1546875 0.5 0.309375
5 0.76796875 0.0296875 0.0828125 0.059375
5 0.9125 0.0328125 0.1 0.065625
4 0.25 0.878125 0.5 0.24375
1 0.1875 0.59453125 0.375 0.3640625
5 0.25 0.6546875 0.5 0.690625
2 0.5795527072563471 0.6893454053548627 0.11796927088084708 0.13573860001590835
0 0.6954034035907962 0.32665559603754374 0.0751818071815924 0.03212270401018138
1 0.6939863493360701 0.3516374147039983 0.03451135538619425 0.023837489337999784
1 0.5964180203898678 0.7684425593570898 0.04722043364502539 0.05992044000636341
4 0.6250459726762452 0.45239084536122603 0.10009194535249044 0.2855204240133631
4 0.5734375 0.90234375 0.146875 0.1953125
5 0.66953125 0.5296875 0.2546875 0.440625
5 0.6078125 0.8109375 0.215625 0.378125