0 0.2515625 0.13280549316430887 0.071875 0.11135565651766247
0 0.14921875 0.04453125 0.0796875 0.0890625
3 0.14140625 0.12747712284919582 0.0265625 0.03609203610435348
3 0.25078125 0.20234375 0.0203125 0.0328125
7 0.07265625 0.1578125 0.1453125 0.121875
5 0.0953125 0.109375 0.190625 0.21875
5 0.24375 0.14375 0.26875 0.15
1 0.8859375 0.15099241178221973 0.1765625 0.11977721057599684
1 0.5859375 0.03515625 0.134375 0.0703125
2 0.58125 0.146875 0.125 0.05625
2 0.9171875 0.05390625 0.165625 0.1078125
5 0.82734375 0.109375 0.3453125 0.21875
5 0.6328125 0.03203125 0.228125 0.0640625
5 0.70703125 0.109375 0.3765625 0.21875
8 0.2421875 0.609375 0.484375 0.78125
6 0.7625 0.6623561168972675 0.05625 0.07532725292686634