7 0.36875 0.24140625 0.246875 0.1953125
0 0.4235369730690287 0.06976461679907162 0.10390677088084707 0.13497496369925477
5 0.33515625 0.16953125 0.3703125 0.3390625
1 0.834375 0.2375 0.33125 0.203125
2 0.834375 0.1125 0.33125 0.225
5 0.91875 0.20234375 0.1625 0.2734375
5 0.834375 0.16953125 0.33125 0.3390625
6 0.03515625 0.46171875 0.0703125 0.1359375
6 0.4303091478352596 0.41617198418731843 0.059947692622015936 0.09878293364502544
6 0.6640625 0.4453125 0.009375 0.06875
9 0.334375 0.66953125 0.66875 0.6609375