7 0.28203125 0.0984375 0.4828125 0.196875
5 0.2515625 0.209375 0.503125 0.41875
5 0.8851218293389858 0.3971360160090732 0.022056807181592218 0.03137726502711473
7 0.8882286486208265 0.40024283529091403 0.011064765027114731 0.021938632513557366
8 0.86484375 0.33515625 0.2140625 0.1671875
9 0.98203125 0.04921875 0.0359375 0.0796875
9 0.934375 0.03125 0.09375 0.0625
9 0.65859375 0.0109375 0.0734375 0.021875
9 0.7 0.01953125 0.09375 0.0390625
8 0.6642927415139889 0.08436889217791883 0.07716246369925468 0.1035704275949012
8 0.7796875 0.1765625 0.440625 0.353125
8 0.2796875 0.709375 0.559375 0.58125
4 0.7796875 0.89453125 0.440625 0.2109375
1 0.74140625 0.734375 0.3640625 0.290625
2 0.76953125 0.51328125 0.4203125 0.1890625
5 0.7796875 0.709375 0.440625 0.58125