8 0.0921875 0.16796875 0.184375 0.0828125
8 0.1140625 0.1046875 0.228125 0.209375
0 0.83515625 0.0140625 0.0734375 0.028125
0 0.89609375 0.022608857429297746 0.021875 0.02668976502711473
0 0.91953125 0.015713962815492 0.0125 0.011010222872636888
7 0.91328125 0.038333851379173556 0.0171875 0.029787493949875808
0 0.9359375 0.015809411585827958 0.028125 0.028288626463433175
0 0.97890625 0.00859375 0.0328125 0.0171875
7 0.96796875 0.096875 0.0640625 0.11875
7 0.9296875 0.08921055014950952 0.0578125 0.10189884328594587
7 0.89296875 0.08665317671113844 0.0453125 0.08620112041330899
7 0.79296875 0.03515625 0.0453125 0.0703125
7 0.72265625 0.04191232757146013 0.046875 0.0768352107723885
7 0.709375 0.032460059519283435 0.015625 0.0563409035907962
7 0.63671875 0.02578735782208117 0.0203125 0.02511817466803503
7 0.60859375 0.03515625 0.0703125 0.0703125
7 0.5484375 0.0265625 0.03125 0.053125
7 0.51796875 0.015625 0.0640625 0.03125
7 0.484375 0.01796875 0.03125 0.0359375
7 0.5125 0.0640625 0.0875 0.128125
7 0.6578125 0.0828125 0.103125 0.165625
7 0.75703125 0.060081065471211746 0.0796875 0.11140110831306042
7 0.86015625 0.059375 0.0640625 0.11875
7 0.80078125 0.13125 0.1234375 0.15625
3 0.65390625 0.00546875 0.0109375 0.0109375
3 0.75703125 0.00625 0.0203125 0.0125
3 0.8046875 0.036920821423140106 0.0109375 0.028188632513557365
3 0.8921875 0.04367988153159867 0.009375 0.010992042154477666
3 0.93203125 0.04313043568812893 0.015625 0.014153403590796199
3 0.97578125 0.033228715742358216 0.0203125 0.015743174668035032
5 0.95390625 0.1046875 0.0921875 0.209375
5 0.91796875 0.030548622456412388 0.0234375 0.04388635538619425
5 0.91953125 0.1046875 0.0859375 0.209375
5 0.88671875 0.1078125 0.0640625 0.203125
5 0.83984375 0.1046875 0.1296875 0.209375
5 0.79453125 0.0484375 0.0578125 0.096875
5 0.746875 0.1046875 0.121875 0.209375
5 0.71875 0.08515625 0.065625 0.1703125
5 0.709375 0.07421875 0.05 0.1484375
5 0.64921875 0.1046875 0.1453125 0.209375
5 0.6 0.09921875 0.1 0.1984375
5 0.54609375 0.05625 0.0640625 0.1125
5 0.5265625 0.025 0.090625 0.05
5 0.4875 0.05234375 0.0375 0.1046875
5 0.525 0.1046875 0.1125 0.209375
5 0.7890625 0.1046875 0.18125 0.209375
1 0.28671875 0.60703125 0.3640625 0.3484375
2 0.30703125 0.32890625 0.3234375 0.2265625
4 0.234375 0.8390625 0.46875 0.321875
5 0.234375 0.6046875 0.46875 0.790625
1 0.5640625 0.5333503938282388 0.178125 0.26041130093507636
2 0.721875 0.2984375 0.3 0.178125
4 0.6546875 0.83125 0.371875 0.3375
5 0.734375 0.6046875 0.53125 0.790625