1 0.06875 0.5015625 0.1375 0.175
1 0.26875 0.48828125 0.2625 0.2015625
3 0.509830038834828 0.1506237313586481 0.025272710772388508 0.047020445745273864
3 0.6586538790957117 0.21789356547121175 0.01581589754067192 0.0329034035907962
7 0.4709498668972675 0.31601692720211777 0.12372943325224206 0.3194590480082102
0 0.6410209515008105 0.14123107152133593 0.0584306444174139 0.10658634328594588
0 0.5007317739059092 0.06385498438371015 0.06926815046753809 0.0894624757995032
7 0.692883954231285 0.3274640081914235 0.11896012002052547 0.30536927693097127
5 0.48203125 0.3015625 0.1484375 0.575
5 0.6921875 0.33828125 0.14375 0.5015625
8 0.2 0.79453125 0.4 0.4109375
1 0.6140625 0.928125 0.428125 0.14375
2 0.56015625 0.83046875 0.3203125 0.1234375
5 0.7 0.88203125 0.6 0.2359375