7 0.33984375 0.12109375 0.1171875 0.2421875
7 0.11484375 0.1171875 0.1234375 0.234375
5 0.12265625 0.2546875 0.1640625 0.509375
5 0.33359375 0.2546875 0.1671875 0.509375
8 0.73671875 0.12109375 0.2640625 0.2421875
8 0.95859375 0.24765625 0.0828125 0.4953125
0 0.41640625 0.57265625 0.2015625 0.1265625
3 0.4388009631100796 0.6603588423039872 0.05527837334017516 0.10188066256778647
7 0.471875 0.7546875 0.134375 0.490625
5 0.41796875 0.7546875 0.2421875 0.490625
6 0.9055016080184728 0.611408257896836 0.009620439695149585 0.04224204215447767
9 0.60390625 0.60625 0.1296875 0.19375
3 0.946716960477801 0.5788366524124458 0.017278403590796288 0.01572499394987581
0 0.94296875 0.5421875 0.0484375 0.065625
7 0.9515625 0.6296875 0.096875 0.20625
5 0.94375 0.7546875 0.1125 0.490625