9 0.4446106015755653 0.16484375 0.032985216822512695 0.0296875
9 0.3773231076256895 0.14765625 0.029842036104353653 0.0265625
9 0.40550719495970694 0.1578125 0.028261355386194252 0.0234375
8 0.13438162870292825 0.15234375 0.02830680718159222 0.03125
9 0.16255662567786616 0.1609375 0.031413626463433174 0.028125
3 0.10896853824565281 0.215625 0.007876132513557366 0.0109375
0 0.10651570393669747 0.196875 0.01893180718159222 0.03125
5 0.1211008995837755 0.28671875 0.04812037919390768 0.2140625
4 0.24076343890958274 0.175 0.02530907220870695 0.053125
0 0.23818788475305253 0.13515625 0.015743174668035032 0.0203125
5 0.2449060382456528 0.215625 0.047947662371394986 0.184375
8 0.82578125 0.18125 0.3484375 0.3625
7 0.15546875 0.65 0.1015625 0.1
5 0.11953125 0.6796875 0.0953125 0.159375
5 0.2078125 0.6421875 0.096875 0.084375
5 0.3 0.684375 0.1125 0.16875
5 0.46875 0.6671875 0.184375 0.134375
5 0.16015625 0.79453125 0.1328125 0.3890625
5 0.9546875 0.8 0.090625 0.4