5 0.13701664832623894 0.2296875 0.018995439695149587 0.0421875
8 0.06796875 0.1890625 0.1359375 0.278125
8 0.18984375 0.3 0.3796875 0.6
0 0.64921875 0.1828125 0.5390625 0.365625
3 0.578125 0.4625 0.396875 0.353125
7 0.68984375 0.55859375 0.6203125 0.1609375
5 0.68984375 0.31953125 0.6203125 0.6390625
4 0.17734375 0.6890625 0.2203125 0.1
3 0.06171875 0.6765625 0.0640625 0.075
5 0.18984375 0.784375 0.3796875 0.290625
0 0.640625 0.93671875 0.21875 0.1265625
0 0.4917092143866258 0.75234375 0.1761726563212708 0.2015625
5 0.509375 0.81953125 0.259375 0.3609375
5 0.62890625 0.93125 0.3796875 0.1375