5 0.26340632996500163 0.1897773786203203 0.008121582670272609 0.026653406667727177
8 0.2696199672979107 0.19282965328613852 0.07474655601527207 0.11335452267663593
9 0.2981716812937745 0.22296204861554783 0.028597714672181595 0.040952264003817976
9 0.3369160079567292 0.24985126527691168 0.05561474801081765 0.08032384667409058
7 0.2746250932925019 0.23260976861872945 0.009611357336090798 0.020421588001272716
5 0.2729535052912292 0.2420029499522749 0.013154528007636035 0.05639545066836362
8 0.45078125 0.48359375 0.1984375 0.3546875
5 0.53046875 0.60390625 0.0390625 0.1015625
8 0.38828125 0.34453125 0.3234375 0.6890625
8 0.14859039930777387 0.12159154730268322 0.023946577339272503 0.044022720003181706
9 0.2183216439767738 0.10359497795991093 0.011137494668999891 0.01731476933481808
9 0.19894493531191007 0.090540994629229 0.006359088001272717 0.009447725334181766
9 0.19565630331000108 0.10463985729631989 0.011137494668999891 0.017314769334818125
9 0.1962466493077739 0.12103701662954716 0.0174238573360908 0.020512494668999893
9 0.20631199264004668 0.12873133796150177 0.015915901336727066 0.02518181333545444
9 0.21628642930459224 0.14423815929345637 0.01904090133672707 0.025218176002545344
9 0.23356483597231942 0.13622566462445648 0.0174238573360908 0.020512494668999893
8 0.9046875 0.3265625 0.190625 0.346875
8 0.79609375 0.34453125 0.4078125 0.6890625
9 0.7721995272915474 0.09397398261459333 0.022638616008908662 0.06587953866963617
9 0.804112598623502 0.10375751527691168 0.05563292934436319 0.08188634667409059
8 0.62109375 0.0109375 0.0359375 0.021875
6 0.11015625 0.853125 0.1765625 0.29375
6 0.25234375 0.809375 0.1109375 0.240625
6 0.496875 0.7140625 0.065625 0.05
6 0.45 0.7375 0.08125 0.096875
6 0.3546875 0.76953125 0.1 0.1609375