5 0.08828125 0.1796875 0.1765625 0.359375
5 0.1765625 0.12265625 0.225 0.2453125
1 0.709375 0.109375 0.46875 0.21875
4 0.64453125 0.21796875 0.7109375 0.3234375
5 0.64453125 0.18984375 0.7109375 0.3796875
8 0.14453125 0.69453125 0.2890625 0.6109375
0 0.110404151351301 0.7101813326305016 0.01729658430895542 0.01894999466899989
3 0.11575018150372615 0.7312114479630927 0.012590903590796199 0.015770450668363623
7 0.1265104195016736 0.7615529286282745 0.03941702400410509 0.061392033338636055
5 0.1257382598607532 0.7599995192950472 0.06323631908544902 0.12728975334181766
0 0.7057262625912277 0.4304814579090042 0.059765885440423536 0.06787839067472685
0 0.6141063891528568 0.4682638159214127 0.0644261143631848 0.0632454346753633
3 0.7233541241257421 0.48886612257323153 0.028279536104353475 0.026889764003817974
3 0.6239626573032293 0.5197081372533673 0.0298783975406721 0.03315794533736351
7 0.6217683773471959 0.6283200685869128 0.14341469847574828 0.2125920013526354
7 0.7509473381195845 0.5799451085694136 0.1589669756031114 0.20027381468808994
5 0.7623524707313376 0.6337149985678228 0.2294441438282389 0.4979487933640897
5 0.6425530551384889 0.6811996205840491 0.22010550526455736 0.5040897053628168