7 0.18671875 0.31484375 0.3734375 0.6296875
5 0.18046875 0.31484375 0.3609375 0.6296875
9 0.7904907281371942 0.1993592745862765 0.21222833098930566 0.22432948002863498
0 0.4859375 0.10546875 0.0125 0.0484375
4 0.48515625 0.13828125 0.0109375 0.0578125
5 0.490625 0.16171875 0.021875 0.1734375
1 0.190625 0.72421875 0.38125 0.1890625
4 0.23984375 0.87890625 0.4796875 0.2421875
5 0.23984375 0.81484375 0.4796875 0.3703125
5 0.765625 0.81484375 0.46875 0.3703125
2 0.86796875 0.70625 0.2421875 0.153125
1 0.828125 0.8984375 0.2375 0.203125