8 0.2296875 0.5124856500636334 0.2203125 0.2478760680299077
4 0.4171875 0.4170111600890868 0.0171875 0.033012494668999894
2 0.415625 0.3904304787555414 0.0046875 0.007867044000636269
5 0.40703125 0.4262679814210414 0.028125 0.08313976400381798
8 0.32421875 0.35625 0.3703125 0.45625
0 0.57421875 0.0984375 0.1296875 0.196875
3 0.546875 0.27578125 0.075 0.1015625
4 0.5609375 0.44375 0.103125 0.39375
5 0.5765625 0.3203125 0.134375 0.640625
5 0.91796875 0.2921875 0.1640625 0.584375
5 0.63671875 0.83984375 0.2546875 0.2609375
4 0.59921875 0.76953125 0.1796875 0.1203125
3 0.56953125 0.725 0.1203125 0.03125
5 0.7546875 0.88046875 0.490625 0.2390625