8 0.7375 0.24453125 0.525 0.4890625
8 0.65546875 0.26640625 0.6328125 0.4453125
8 0.16953125 0.75625 0.3390625 0.4875
5 0.31328125 0.7828125 0.0515625 0.221875
8 0.6558731180776328 0.76875 0.26450104137490715 0.30625
8 0.45390625 0.73046875 0.2296875 0.3578125
9 0.7995878500954501 0.9 0.11486247867599948 0.06875
2 0.8706543280951319 0.89765625 0.012645450668363622 0.0125
5 0.8677202320973592 0.9140625 0.028688621339908592 0.0484375
6 0.8897134107654046 0.92421875 0.020767033338636054 0.0390625
6 0.8113884160964047 0.90703125 0.020748852005090513 0.0375
6 0.94921875 0.98828125 0.0265625 0.0234375
8 0.92734375 0.90625 0.1453125 0.1875