0 0.5046875 0.09453125 0.109375 0.1890625
3 0.46640625 0.20390625 0.0328125 0.0984375
5 0.54609375 0.14453125 0.1921875 0.2890625
1 0.34609375 0.51015625 0.2078125 0.2796875
2 0.225 0.365625 0.45 0.153125
4 0.225 0.8 0.45 0.4
5 0.225 0.64453125 0.45 0.7109375
3 0.775 0.3343535346117298 0.034375 0.055087489337999784
7 0.9453125 0.4359375 0.109375 0.29375
7 0.76953125 0.4484796692791388 0.1359375 0.26095677601845363
5 0.78671875 0.603125 0.2203125 0.628125
5 0.9265625 0.61484375 0.146875 0.6515625