1 0.12265625 0.11953125 0.2453125 0.2390625
4 0.24296875 0.19375 0.4859375 0.090625
5 0.24453125 0.11953125 0.4890625 0.2390625
5 0.322889323281366 0.41968772687965766 0.04042610001590834 0.11741475897699054
4 0.3269501146165023 0.40638375098195867 0.022402258672817865 0.045439765027114686
0 0.3359620352880476 0.3703962540070208 0.009484088001272716 0.009429542154477666
7 0.98359375 0.51640625 0.0328125 0.1171875
7 0.9528580866088664 0.5122792269778536 0.038609061346272 0.09553066861791085
7 0.921843896602503 0.5593314889799061 0.0722397213558171 0.16603406615858277
7 0.8837359166136387 0.4775274979568966 0.04324201734563573 0.09087043969514959
7 0.8469166219366848 0.5535178262157278 0.0685692813494537 0.11914088544042353
7 0.8201092212762754 0.507583157499621 0.028979522676635838 0.07360112646343317
7 0.7671473059357302 0.5610126845287883 0.099002216024817 0.18337610226293624
7 0.720218309277548 0.4987899404807166 0.03866360534690845 0.10021816861791084
7 0.6863427486075937 0.5232041332009284 0.08110564401654478 0.12233860831306043
7 0.5974802432765935 0.5065347836684666 0.05603291868236297 0.11594316256778665
7 0.5495058199395483 0.5341557896203949 0.08593859468490823 0.13486587939029934
7 0.509375 0.49921875 0.040625 0.1078125
0 0.4984375 0.42109375 0.01875 0.0328125
0 0.5656313539545021 0.42391318120913857 0.0426965773392725 0.04399543969514976
0 0.5978353266231838 0.4088830788480064 0.03324885200509069 0.03769089754067192
0 0.697698966621593 0.4200200458669109 0.031649989337999784 0.034556807181592396
0 0.7149591919557748 0.41367005191703504 0.025345445337363513 0.02983294574527382
0 0.766385331954184 0.4250888200674076 0.04585794000636341 0.04713862041330898
0 0.8317648839513204 0.4458007749860638 0.019040901336727246 0.02510908430895533
0 0.8529404499522748 0.4386468051384889 0.03481135200509087 0.03769998789975162
0 0.8640870352880474 0.42061442262493165 0.020494313335454352 0.015743174668035032
0 0.8908586206238202 0.40249113652057805 0.023728401336727246 0.025136355386194253
0 0.9218904446212749 0.42105932933898577 0.042696577339272325 0.04399543969514963
0 0.9466904499522748 0.4381013835937118 0.017423857336090975 0.02041249394987581
0 0.99609375 0.42265625 0.0078125 0.0328125
3 0.9409489799490933 0.4615706998504905 0.011082950668363623 0.012563632513557365
3 0.9151495486155479 0.4632831907753042 0.01894999466899989 0.01729658430895533
3 0.885816584619684 0.4329871575978169 0.014226132001909165 0.014144313231716587
3 0.8363251146165023 0.45671100390882485 0.006340906667727353 0.007848861436318444
3 0.8447006886139569 0.47541100693388694 0.012645450668363622 0.012572722872636888
3 0.7595444386139569 0.47590643150372614 0.017460220003181703 0.02353749394987581
3 0.6910671586171386 0.4528689073032293 0.01736931333545435 0.01572499394987581
3 0.5888052246180931 0.44643307582294434 0.014207950668363622 0.012581813231716588
3 0.5581001172820024 0.4669228378249969 0.015843176002545433 0.01884090359079611
3 0.49375 0.45078125 0.009375 0.0140625
5 0.96875 0.56484375 0.0625 0.3265625
5 0.9494603666056847 0.5357349076960128 0.054089705362816785 0.21748748184962743
5 0.9071177779280942 0.6164445522116226 0.11444759205917912 0.4365738251355733
5 0.8783938886060028 0.5338047690341354 0.06430104670590708 0.2894170240041051
5 0.8639961286203203 0.42842692262493165 0.019149989337999784 0.03448408430895533
5 0.8206268419398665 0.5302348623200812 0.03977266669318062 0.19553066861791085
5 0.8428558306015483 0.5668218021134268 0.08775672803945263 0.29111587939029937
5 0.7420296746101389 0.504131425453602 0.024382929344363192 0.08138635538619425
5 0.7586984592616396 0.6157456363241863 0.1221873667249973 0.43036927693097127
5 0.71354104793923 0.535545051917035 0.06259309603754382 0.2769079336450256
5 0.6771671959341394 0.5732541301758662 0.09927603071290694 0.3411795119038567
5 0.5957541112746846 0.5206063740275462 0.07020560136854392 0.25976588544042356
5 0.54140625 0.596875 0.1046875 0.40625
5 0.51171875 0.5375 0.0453125 0.26875