9 0.33125 0.140625 0.475 0.25625
3 0.022704440046134255 0.154867744539051 0.04453179734245412 0.06744203005422929
0 0.028125 0.0484375 0.05625 0.096875
1 0.146875 0.74921875 0.29375 0.2765625
2 0.16171875 0.4453125 0.3234375 0.221875
4 0.284375 0.89296875 0.56875 0.2140625
5 0.284375 0.66171875 0.56875 0.6765625
8 0.88828125 0.4828125 0.2234375 0.428125
0 0.5890625 0.30234375 0.040625 0.0671875
3 0.58046875 0.3703125 0.0234375 0.046875
7 0.5890625 0.5296875 0.040625 0.31875
5 0.60859375 0.55625 0.0796875 0.575