5 0.0125 0.41328125 0.025 0.0921875
8 0.23359375 0.490625 0.0890625 0.096875
8 0.11015625 0.33125 0.2203125 0.415625
2 0.646875 0.26875 0.534375 0.296875
5 0.68984375 0.321875 0.6203125 0.434375
4 0.4681753666026799 0.7246757296101322 0.012618174668035031 0.020385222872636888
4 0.5744799087571576 0.7334325851927181 0.007894313231716587 0.014107951795398144
4 0.637892968963812 0.7557206756499937 0.02687157220870695 0.05327953610435365
4 0.41423275516636143 0.7187393469983789 0.01418976502711473 0.02195681323171659
2 0.46886571301188373 0.7090461844305924 0.004732951795397966 0.007839771077238922
2 0.5736486617822197 0.724843380372258 0.0031613614363184437 0.0062681807181594
2 0.6369208214231401 0.7229127208295335 0.01572499394987581 0.01727840359079611
2 0.41493673711418466 0.7054535518188392 0.006295451795398144 0.007848861436318444
5 0.4134833214231401 0.7242126421779188 0.01903180113146803 0.04854658430895533
5 0.4673895714231401 0.723899024789672 0.014298849336070063 0.040706813231716585
5 0.573712294295777 0.7357808803722581 0.009538626463433175 0.028179542154477842
5 0.6355446737842723 0.754953061188613 0.03797269867214013 0.08146816861791084