9 0.03828125 0.3640625 0.0765625 0.146875
7 0.1596992703898678 0.31805603942549576 0.08847266842151917 0.168205654678545
3 0.18800555669061297 0.21526739409608647 0.011082945745273775 0.02512726933481808
0 0.17999306879086144 0.18080148742835928 0.05352497579950324 0.06936816534054513
0 0.01015625 0.09765625 0.0203125 0.0609375
5 0.04609375 0.31953125 0.0921875 0.6390625
5 0.1390625 0.359375 0.184375 0.559375
8 0.05390625 0.825 0.1078125 0.35
1 0.615625 0.8421875 0.43125 0.315625
4 0.7 0.9296875 0.6 0.140625
5 0.7 0.81953125 0.6 0.3609375