3 0.06855274204327078 0.0911315984523073 0.030287484006999675 0.0517352168225127
7 0.14481579738222497 0.13297873086766873 0.1738567653564534 0.1713124394987579
0 0.05166468670431641 0.04962989968197129 0.05893974267981754 0.09721134328594587
5 0.12109375 0.21171875 0.2421875 0.4234375
8 0.8984375 0.47421875 0.203125 0.2828125
9 0.896875 0.06875 0.159375 0.1375
0 0.7170453333863612 0.15031115573209552 0.01736931333545435 0.01572499394987581
5 0.713185084062679 0.2213776346548566 0.05345335868872638 0.16279998184962743
5 0.4453125 0.25625 0.0125 0.18125
7 0.396875 0.834375 0.084375 0.16875
7 0.2859375 0.8140625 0.14375 0.128125
5 0.28046875 0.875 0.1828125 0.25
5 0.37890625 0.875 0.1203125 0.25
8 0.728125 0.875 0.54375 0.25