3 0.15703125 0.44538224033563856 0.1375 0.2070499515990063
0 0.19765625 0.153125 0.2578125 0.30625
5 0.1921875 0.275 0.334375 0.55
9 0.3890625 0.534375 0.025 0.03125
9 0.51875 0.54140625 0.021875 0.0171875
9 0.7828125 0.53046875 0.009375 0.0390625
9 0.753125 0.5296875 0.06875 0.040625
9 0.7140625 0.54609375 0.009375 0.0078125
9 0.6890625 0.540625 0.040625 0.01875
8 0.271875 0.9009833214231401 0.05625 0.028452252926866352
8 0.16015625 0.9515625 0.3203125 0.096875
8 0.515625 0.928125 0.3125 0.14375
9 0.52890625 0.699369782686508 0.0875 0.09113406010845856
9 0.671875 0.7353578005422929 0.096875 0.025563602262936237
9 0.98125 0.728125 0.0375 0.025
9 0.7890625 0.99453125 0.034375 0.0109375