0 0.31953125 0.15850426630366088 0.0265625 0.026717036104353477
0 0.19921875 0.13029797395279147 0.0203125 0.03136817466803503
7 0.33671875 0.2216855223537851 0.04375 0.08306703005422929
7 0.2328125 0.16291503123257967 0.0546875 0.0753181625677866
5 0.23046875 0.1965224167711991 0.084375 0.17861587939029935
5 0.3234375 0.27020029040596183 0.1078125 0.2568772347764936
8 0.8296875 0.4015625 0.340625 0.234375
3 0.19921875 0.6401729437021705 0.2640625 0.2405987706844554
0 0.26015625 0.6359375 0.3453125 0.234375
7 0.24296875 0.90859375 0.4640625 0.1828125
5 0.23984375 0.759375 0.4796875 0.48125
8 0.73984375 0.759375 0.5203125 0.48125
2 0.65390625 0.539119503810629 0.034375 0.03926248789975162
4 0.6546875 0.5930212086310892 0.0625 0.040988614363184794
5 0.6515625 0.5664768893492484 0.0890625 0.09426815046753809