0 0.4125 0.034375 0.08125 0.06875
3 0.39575958469922573 0.057241748153288266 0.04776588534372692 0.0768352107723885
4 0.3550175007160886 0.18170593784843794 0.13904650803627092 0.2679783612399268
5 0.33203125 0.2796875 0.3296875 0.559375
7 0.5703125 0.12265625 0.08125 0.2453125
7 0.7490413154041786 0.21625365467095073 0.1389010573679074 0.2554783612399266
3 0.6933356607256337 0.12907181723873729 0.03201361600890866 0.0658068071815924
0 0.6934623827179976 0.07281727205919752 0.0715306493475449 0.10509656615858276
5 0.70390625 0.28828125 0.2546875 0.5421875
5 0.6046875 0.2796875 0.15 0.559375
2 0.4390625 0.81875 0.18125 0.178125
3 0.37734375 0.94140625 0.3046875 0.1171875
5 0.26484375 0.82421875 0.5296875 0.3515625
8 0.709375 0.7796875 0.359375 0.440625