0 0.1828125 0.05234375 0.253125 0.1046875
3 0.2497106711519937 0.1078125 0.0709488251355733 0.109375
7 0.3234375 0.19453125 0.253125 0.3890625
5 0.253125 0.19453125 0.39375 0.3890625
8 0.725 0.19453125 0.55 0.3890625
8 0.57265625 0.19453125 0.2453125 0.3890625
8 0.36796875 0.65390625 0.1640625 0.3921875
9 0.44140625 0.70625 0.0171875 0.059375
8 0.40550719495970694 0.6890625 0.04873748184962743 0.0515625
8 0.35337706839807803 0.72578125 0.06130111436318479 0.0625
8 0.29167195393669737 0.728125 0.042569295081344015 0.065625
8 0.2714139960911751 0.7375 0.05040906615858276 0.0703125
8 0.24017308645025476 0.7390625 0.05516019867214013 0.08125
8 0.20664296896381207 0.75 0.06609769867214013 0.08125
8 0.14882137860473246 0.7484375 0.05686814441741399 0.10625
8 0.13407762255460826 0.765625 0.053652240826617834 0.090625
8 0.10678841470908593 0.775 0.04577610831306052 0.0796875
9 0.0375 0.80859375 0.075 0.1171875
8 0.73828125 0.55078125 0.3890625 0.3234375
8 0.8875 0.621875 0.225 0.465625