5 0.29812686514875164 0.13324220853289334 0.04585792154477701 0.09401362041330899
8 0.05724733509452236 0.1783921238311544 0.09441359621281205 0.11460792154477702
8 0.2953125 0.16953125 0.446875 0.3390625
0 0.308892169207086 0.48309221760807963 0.018904536104353477 0.02667158430895533
0 0.2494898981298471 0.4881251512531051 0.018895445745273777 0.02510908430895533
3 0.3072205848981306 0.5018513079671593 0.007867042154477666 0.009420451795398143
4 0.31728138612779466 0.5181984706331418 0.033057939695149585 0.042378397540672096
4 0.23593139217791884 0.5358586693052818 0.028488614363184617 0.06266362646343318
5 0.2320387777165383 0.533537645202981 0.05854881908544911 0.12689884328594586
5 0.30702059699837897 0.5362263079671592 0.067996541958086 0.13945338544042354
5 0.81484375 0.4375 0.2296875 0.196875