8 0.2796875 0.18984375 0.559375 0.3796875
8 0.36640625 0.1515625 0.3859375 0.303125
5 0.22595068861395698 0.08046875 0.039698846674090585 0.0546875
4 0.23216432594686606 0.08359375 0.026907945337363515 0.0296875
5 0.54453125 0.30625 0.0296875 0.14375
8 0.87265625 0.18984375 0.2546875 0.3796875
8 0.22109375 0.68984375 0.4421875 0.6203125
6 0.02421875 0.934375 0.0484375 0.13125
6 0.140625 0.9359375 0.0875 0.128125
6 0.41640625 0.93359375 0.1109375 0.1328125
0 0.5257416032781844 0.640625 0.03955339600572714 0.0421875
2 0.1563654419557748 0.56015625 0.028361357336090798 0.0203125
7 0.15250409794718425 0.6234375 0.06342724801081764 0.0796875
7 0.5144126572645031 0.74140625 0.08132382001909004 0.140625
3 0.5238063859405028 0.67265625 0.017478401336727067 0.025
3 0.15993533728518403 0.5890625 0.020548857336090798 0.0203125
5 0.15193193328295687 0.60546875 0.09346019334818116 0.109375
5 0.51484375 0.8046875 0.0890625 0.375
8 0.7796875 0.68984375 0.440625 0.6203125
8 0.6234375 0.8078125 0.128125 0.384375
5 0.8697814099300032 0.7546875 0.032813594684908055 0.134375