0 0.38802061212368955 0.1345360220591975 0.02363748789975162 0.03451135538619425
5 0.3848410699692118 0.14392920277735674 0.050454517953980905 0.07841589149054773
4 0.394306973560008 0.12824966062287899 0.026798849336070064 0.040779536104353656
9 0.5384711057789777 0.08187164783525955 0.0644261143631848 0.06287270472226432
5 0.8407729074014252 0.355884822994274 0.03959883118569749 0.09241475897699054
7 0.8384655188377437 0.34964845853289334 0.015815897540672096 0.03290340359079611
8 0.803125 0.28984375 0.39375 0.5796875
1 0.36875 0.87109375 0.2625 0.2578125
2 0.4140625 0.7453125 0.171875 0.146875
5 0.25 0.79765625 0.5 0.4046875
8 0.7328125 0.78984375 0.465625 0.4203125
8 0.94375 0.78984375 0.1125 0.4203125