7 0.97734375 0.1546875 0.0453125 0.309375
5 0.96640625 0.25 0.0671875 0.5
1 0.26484375 0.94453125 0.5296875 0.1109375
2 0.26484375 0.68203125 0.5296875 0.2453125
5 0.26484375 0.77265625 0.5296875 0.4546875
6 0.5865027633672713 0.6142104074014252 0.008103401336727245 0.025045451795398143
6 0.638919238701453 0.620155880372258 0.008103401336727068 0.025045451795398143
6 0.6520374040419981 0.673208157499621 0.016170440006363408 0.04696590359079611
6 0.689827758036271 0.6307979437021705 0.009720445337363515 0.029742042154477667
6 0.7143646813733163 0.6580007931364363 0.012954533338636054 0.03913522287263689
6 0.7196516180378618 0.6423439768796577 0.009774989337999784 0.03442954215447767
6 0.5800720447167249 0.7330058591968233 0.02748974801081765 0.07984203610435348
6 0.8000754620464523 0.7051616185665972 0.022638616008908576 0.06575226502711473
6 0.8590959260423162 0.6743474349215717 0.014589758672817865 0.04539431323171659
6 0.8330419560391344 0.6510599258463854 0.011373852005090867 0.03756363251355736
6 0.7718680987030437 0.6311019498504905 0.009720445337363515 0.029742042154477667
6 0.6959323073679075 0.6182615822658519 0.008085220003181704 0.023482951795398145
6 0.6231669693666347 0.6093092839630542 0.0065045386696361614 0.021911361436318444