6 0.3641762999284124 0.27890625 0.036537484006999674 0.0515625
9 0.68359375 0.1890625 0.1921875 0.378125
9 0.20390625 0.24453125 0.4078125 0.4890625
5 0.88984375 0.41015625 0.2203125 0.1578125
3 0.85859375 0.46953125 0.0484375 0.0390625
2 0.93046875 0.4109375 0.1390625 0.15625
6 0.2203166645846856 0.78828125 0.11608062802354438 0.1734375
6 0.475 0.54921875 0.178125 0.1203125
6 0.103125 0.53828125 0.19375 0.0984375
6 0.44401669923618636 0.9 0.07810791335136287 0.1328125
6 0.3078125 0.97265625 0.053125 0.0546875
6 0.4625 0.98671875 0.053125 0.0265625
6 0.2844235232336409 0.91875 0.07963405068427196 0.1296875
6 0.44554393125400366 0.76875 0.10523403469127164 0.18125