1 0.1751257023845733 0.31875 0.12785333098930565 0.221875
0 0.1765625 0.15234375 0.225 0.3046875
7 0.075 0.48046875 0.15 0.2171875
7 0.21484375 0.37109375 0.2890625 0.4359375
5 0.1796875 0.29453125 0.359375 0.5890625
5 0.08828125 0.421875 0.1765625 0.334375
8 0.6796875 0.29453125 0.640625 0.5890625
8 0.6796875 0.79453125 0.640625 0.4109375
8 0.66015625 0.8171875 0.4578125 0.365625
8 0.95390625 0.86328125 0.0921875 0.1234375
0 0.6500024616561513 0.93515625 0.01570681323171641 0.0140625
3 0.6452376936039745 0.9484375 0.011001132513557365 0.0109375
4 0.6428030400131783 0.9640625 0.02363748789975162 0.034375
5 0.64765625 0.96328125 0.0515625 0.0734375