7 0.68515625 0.24921875 0.0296875 0.3578125
7 0.388506425453602 0.36893426883774366 0.19503174063022613 0.22143970452587264
0 0.5077018530485032 0.2916809015476927 0.08838176483072288 0.15207156010845857
0 0.6625 0.03984375 0.075 0.0796875
3 0.68515625 0.10234375 0.0296875 0.0421875
3 0.48394619048071663 0.34650475693388694 0.030042024004105095 0.0611102168225127
5 0.4234375 0.37109375 0.340625 0.3171875
5 0.66953125 0.26484375 0.0609375 0.5296875
5 0.85 0.26484375 0.3 0.5296875
1 0.06465687675802068 0.6260892804470128 0.028434072208706952 0.05328862646343317
1 0.22492675624651595 0.6056262686413519 0.04094316256778665 0.054923849336070064
2 0.21953125 0.54921875 0.0546875 0.0390625
2 0.0296875 0.5546875 0.059375 0.05
4 0.65234375 0.6421875 0.0953125 0.225
4 0.4640625 0.6828125 0.134375 0.30625
4 0.2396972624930319 0.7524103650505558 0.1264271863754999 0.24603972872636942
4 0.0515625 0.8125 0.103125 0.371875
5 0.08984375 0.8203125 0.1796875 0.359375
5 0.13046875 0.76484375 0.2609375 0.4703125
5 0.63984375 0.76484375 0.1203125 0.4703125
5 0.4859375 0.76484375 0.234375 0.4703125
5 0.2390625 0.76484375 0.23125 0.4703125
1 0.8375 0.91953125 0.275 0.1609375
2 0.85 0.67265625 0.3 0.2765625
5 0.85 0.76484375 0.3 0.4703125