0 0.46953125 0.40703125 0.0984375 0.1765625
0 0.48359375 0.503125 0.0703125 0.13125
0 0.06171875 0.50078125 0.1234375 0.1921875
0 0.4277002147794093 0.6658769256499937 0.17300220452587264 0.1947499394987581
0 0.0738661667711991 0.7898063468019872 0.14457722267624523 0.1430238130353249
0 0.3907127783057135 0.8465547539088248 0.19962833703942984 0.2058419756031114
4 0.32734375 0.3609375 0.1359375 0.084375
5 0.334375 0.38046875 0.221875 0.1234375
0 0.3828125 0.97109375 0.159375 0.0578125
3 0.5035900282075175 0.7810564980550924 0.029932939695149586 0.042360216822512606
0 0.07421875 0.6859375 0.1484375 0.125
4 0.078063829142594 0.605413166083828 0.10070904800821019 0.12245678298109546
4 0.20101499493183442 0.6882887777165383 0.17473742134838535 0.2244465298578376
2 0.2042086935057787 0.5421813921779188 0.10057269262201593 0.09901928298109546
3 0.27338087432213387 0.6034956211988758 0.03932612041330898 0.04553975897699036
5 0.446875 0.465625 0.14375 0.29375
4 0.43584957894620224 0.4736485190341354 0.07745335518980259 0.1535704275949012
4 0.15394403133077553 0.856525693309387 0.12723518657189165 0.11636131908544903
4 0.1359375 0.9703125 0.15 0.059375
5 0.128125 0.96484375 0.25625 0.0703125
5 0.1359375 0.81640625 0.271875 0.1953125
5 0.07890625 0.57421875 0.1578125 0.2609375
5 0.2208098653451433 0.6428626482280431 0.3238748789975158 0.34562261397040117
5 0.49375 0.8234375 0.05 0.278125
5 0.4284905551384889 0.6643098804704539 0.1699044756031114 0.19941925878059868
5 0.47734375 0.6015625 0.0828125 0.334375
2 0.9265625 0.50390625 0.146875 0.1359375
3 0.875 0.71640625 0.25 0.2140625
4 0.759375 0.89140625 0.48125 0.2171875
5 0.759375 0.70546875 0.48125 0.5890625