5 0.178125 0.26953125 0.35625 0.5390625
7 0.659375 0.090625 0.13125 0.18125
7 0.8140625 0.06484375 0.09375 0.1296875
5 0.8125 0.20625 0.190625 0.4125
5 0.6765625 0.26953125 0.34375 0.5390625
9 0.64609375 0.075 0.1828125 0.15
9 0.53125 0.040625 0.103125 0.08125
5 0.86875 0.76953125 0.2625 0.4609375
5 0.7390625 0.7484375 0.25625 0.41875
1 0.67734375 0.58046875 0.0953125 0.0828125
4 0.8875 0.76953125 0.225 0.4609375
4 0.74375 0.71640625 0.165625 0.3546875
4 0.6328125 0.8078125 0.26875 0.384375
4 0.53515625 0.74453125 0.1109375 0.4109375