8 0.7046875 0.23984375 0.43125 0.4796875
8 0.61484375 0.290625 0.2515625 0.378125
8 0.8591916301758662 0.2638963454407678 0.14901928298109574 0.10172722668681722
0 0.5452604195016736 0.3719697380649061 0.012563632513557365 0.011082950668363623
3 0.5428394014494968 0.38522371606458794 0.007867042154477666 0.009465906667727175
4 0.5427484978587007 0.40084871606458794 0.018931807181592396 0.031468176002545256
5 0.5481899767814619 0.405599850731997 0.0395170179539809 0.07857953333863606
6 0.06625872073133765 0.6548453253898611 0.03152271077238851 0.047238626670909056
9 0.26484375 0.73984375 0.4484375 0.5203125
5 0.56875 0.73984375 0.159375 0.5203125
5 0.65390625 0.50703125 0.0390625 0.0546875
5 0.5625 0.4984375 0.01875 0.0375
4 0.5621035276183424 0.5020743140515431 0.01737839754067192 0.033012494668999894
4 0.6573978469001831 0.5063083753978151 0.01582498789975162 0.03455681333545435
2 0.56328125 0.4828125 0.0171875 0.00625
2 0.60234375 0.509375 0.0921875 0.059375
2 0.6632387807416004 0.5766936007319969 0.10993860226293642 0.09814769334818116
2 0.8155916211006801 0.5769037807526779 0.09738406010845857 0.08862724267981754
1 0.8953125 0.4984375 0.028125 0.0375
1 0.94375 0.5546875 0.10625 0.15
1 0.8105046661820239 0.5112151460852689 0.023582945745273774 0.025272720003181703
1 0.8166314254536019 0.6667657120862234 0.06299087939029926 0.08510225334181776
1 0.582683672330344 0.5906010120544065 0.06458974082661798 0.0913704346753633
1 0.6266331393492484 0.6911191800604518 0.08504768657189174 0.11660679201145392
4 0.5421875 0.80546875 0.10625 0.3734375
4 0.60390625 0.87734375 0.2296875 0.2453125
4 0.771875 0.84296875 0.178125 0.3140625
4 0.89765625 0.7859375 0.2046875 0.428125
4 0.8765882084346975 0.5674566027609502 0.03947156615858276 0.07076703333863606