3 0.03515625 0.5981132296101321 0.0109375 0.012563632513557365
0 0.03828125 0.5809075488919729 0.0125 0.015697722872636887
4 0.0296875 0.61015625 0.034375 0.0171875
5 0.02734375 0.59375 0.0546875 0.05
0 0.884375 0.084375 0.165625 0.16875
0 0.909375 0.1745974197962612 0.1796875 0.14167039129415607
0 0.45390625 0.11171875 0.1484375 0.1984375
0 0.78828125 0.3135831726249315 0.1828125 0.20106357201231528
0 0.44765625 0.38984375 0.1359375 0.1515625
0 0.73359375 0.48030758519271827 0.209375 0.21528060811666877
4 0.7328125 0.03125 0.14375 0.0625
5 0.7359375 0.05234375 0.23125 0.1046875
5 0.953125 0.0515625 0.09375 0.103125
4 0.96484375 0.046875 0.0703125 0.09375
0 0.7046875 0.58984375 0.171875 0.0578125
2 0.90546875 0.41055764569396025 0.11875 0.13037836729005098
3 0.84765625 0.43198773897990606 0.0328125 0.0439408975406721
4 0.9109375 0.5484375 0.171875 0.140625
4 0.88828125 0.60625 0.1890625 0.025
0 0.42578125 0.59375 0.0921875 0.05
0 0.45390625 0.2921875 0.1484375 0.134375
4 0.4640625 0.21703192213395228 0.1078125 0.1240647347764936
4 0.571875 0.3085921873574586 0.1875 0.22921584308955403
2 0.590625 0.17098310304850325 0.1046875 0.10373405405833439
3 0.64921875 0.23704846458301762 0.0421875 0.047120439695149584
5 0.86484375 0.140625 0.2390625 0.28125
0 0.96484375 0.1140625 0.0703125 0.228125
4 0.97890625 0.16953125 0.0421875 0.1296875
4 0.81640625 0.13373204616149845 0.0890625 0.15051815046753828
4 0.92421875 0.32890625 0.1515625 0.1921875
4 0.50859375 0.46208534690018316 0.1296875 0.12262949980360816
4 0.4765625 0.5765625 0.153125 0.084375
5 0.4890625 0.56484375 0.21875 0.1078125
5 0.50625 0.41953125 0.253125 0.2171875
5 0.46796875 0.18203125 0.1765625 0.2703125
5 0.5953125 0.26861208197126435 0.3390625 0.35978510792027707
5 0.8984375 0.47890625 0.203125 0.2796875
5 0.875 0.6 0.221875 0.0375
5 0.7890625 0.31279737744539177 0.1796875 0.20573289129415606
5 0.89375 0.26875 0.2125 0.340625
8 0.18984375 0.809375 0.3796875 0.38125
8 0.68984375 0.8921875 0.6203125 0.215625