1 0.790625 0.26953125 0.41875 0.3078125
2 0.81328125 0.04140625 0.3734375 0.0828125
4 0.715625 0.48046875 0.56875 0.1765625
5 0.68984375 0.284375 0.6203125 0.56875
7 0.047613259860753224 0.9280472110669761 0.03797269867214013 0.08146816861791102
2 0.04644619048071661 0.8600875514260558 0.01884999394987581 0.01729658430895533
3 0.04787688027406214 0.8827347110669761 0.015688632513557323 0.011028403590796288
5 0.04921875 0.925 0.0765625 0.15
5 0.578125 0.8921875 0.084375 0.215625
5 0.73984375 0.8875 0.0796875 0.225
4 0.5655643500234412 0.8497393621236895 0.029978391490547908 0.050172716822512696
4 0.7538637807416004 0.8455189738545956 0.03319429508134384 0.06581589754067174
0 0.568975696334449 0.8005024314055303 0.022029536104353476 0.02668976502711473
3 0.5735450216664141 0.8207876603282914 0.0063045421544778435 0.009411361436318443
3 0.747813768641352 0.811180335290914 0.004742042154477666 0.009402271077238922
0 0.7526330788480065 0.7884968142136752 0.022011355386194253 0.023564765027114555