5 0.2984375 0.41796875 0.23125 0.0828125
8 0.80703125 0.29921875 0.3859375 0.3203125
8 0.26484375 0.90546875 0.5296875 0.1890625
2 0.3392282099868217 0.9880838665044841 0.014180674668034854 0.02039431323171641
9 0.5546875 0.98828125 0.05 0.0234375
9 0.790944204329481 0.6818065954272452 0.06596134328594597 0.058194295081344015
9 0.7495515898681002 0.6839094509116352 0.08476588544042354 0.06767837939029935
9 0.9453125 0.65234375 0.109375 0.1265625
8 0.7656720144379394 0.7691566045024315 0.06775110226293624 0.09726588544042344
8 0.73359375 0.7578125 0.3078125 0.465625
0 0.9902947645361355 0.7056218662098964 0.007867042154477843 0.009420451795398143
4 0.9647407735131257 0.7445343752850828 0.015843168617910665 0.03759090359079629
2 0.9676794211519937 0.7125213060032419 0.007867042154477843 0.009420451795398143
5 0.9678566831540462 0.7429900560032421 0.025418156517662282 0.07202044574527378
7 0.990625 0.72890625 0.01875 0.0328125
5 0.98984375 0.7296875 0.0203125 0.065625
7 0.9742248578220811 0.7633389174395605 0.009465903590796288 0.015679542154477845
5 0.9749652012062228 0.7563122126191002 0.012681807181592574 0.03132272287263689