8 0.2859375 0.05234375 0.2 0.1046875
8 0.0328125 0.1859375 0.065625 0.24375
8 0.13203125 0.1546875 0.2640625 0.309375
8 0.93515625 0.2703125 0.1296875 0.078125
6 0.9574890673933609 0.19540482348525323 0.0064681760025454334 0.018786361436318445
7 0.9015663313971789 0.2238570764121195 0.008067038669636161 0.021920451795398144
0 0.9029561087284972 0.2090042360530399 0.0047602253341818114 0.006277271077238922
5 0.9039646253978152 0.22853094087350004 0.014589758672817865 0.04539431323171659
0 0.5809265673933609 0.19759560002344118 0.006304544000636269 0.004723861436318444
0 0.5747311113939972 0.2023194614597596 0.006340906667727175 0.007848861436318444
7 0.5818532680617243 0.2100910548439013 0.007957950668363623 0.012545451795398144
7 0.5748856527291335 0.21560071145975962 0.009611357336090798 0.020367042154477842
5 0.5741225840626789 0.21716775663929938 0.01137385200509069 0.03756363251355736
5 0.5842697433959062 0.21632741930528185 0.014571577339272324 0.04383181323171659
8 0.25078125 0.6140625 0.3359375 0.41875
8 0.36640625 0.759375 0.1046875 0.48125
7 0.4390625 0.47421875 0.040625 0.1953125
5 0.4421875 0.63671875 0.046875 0.6546875