4 0.30078125 0.02421875 0.0328125 0.0484375
5 0.296875 0.040625 0.06875 0.08125
5 0.371875 0.0328125 0.078125 0.065625
8 0.68125 0.18671875 0.325 0.3453125
8 0.9578125 0.24921875 0.084375 0.2203125
2 0.21875 0.89296875 0.4375 0.2140625
5 0.259375 0.74140625 0.51875 0.5171875
5 0.7828125 0.4296875 0.353125 0.140625
5 0.65234375 0.44140625 0.2671875 0.1640625
5 0.73828125 0.7328125 0.3546875 0.534375
5 0.8203125 0.71484375 0.359375 0.5703125
7 0.82421875 0.646875 0.3015625 0.3171875
7 0.67421875 0.6671875 0.1625 0.2625
7 0.61875 0.4046875 0.134375 0.090625
7 0.76796875 0.3984375 0.2640625 0.078125
0 0.87421875 0.4125 0.1359375 0.0890625
0 0.71328125 0.44140625 0.1359375 0.1
0 0.7328125 0.51640625 0.1421875 0.109375
0 0.884375 0.48984375 0.1453125 0.109375