9 0.6336824672979107 0.20771913475305254 0.13788399737427087 0.3023442708808471
2 0.525 0.1046875 0.190625 0.209375
2 0.9246807319780466 0.1101866463623216 0.12936133068109043 0.10699540944452864
3 0.6015625 0.0078125 0.025 0.015625
3 0.48855123329091105 0.25844077653818787 0.09812951201463563 0.10837610226293623
4 0.43984375 0.07890625 0.0203125 0.1390625
4 0.6146426606460919 0.09822596008501747 0.07511018268618094 0.14417724687674202
4 0.5265625 0.328125 0.19375 0.14375
4 0.8640625 0.33359375 0.271875 0.1328125
3 0.9059659999602291 0.24133665241244584 0.0944954346753633 0.06460792154477701
5 0.85 0.22578125 0.3 0.3484375
5 0.44296875 0.09296875 0.0265625 0.1859375
5 0.609375 0.1875 0.1375 0.375
5 0.5359375 0.2 0.2125 0.4
6 0.3140625 0.70625 0.23125 0.5875
6 0.1 0.815625 0.2 0.36875
8 0.71484375 0.7 0.5703125 0.6