0 0.92265625 0.03125 0.0953125 0.0625
0 0.8539046873574586 0.065625 0.056586343285945875 0.0578125
0 0.693834795768715 0.05078125 0.0817136083130606 0.0796875
0 0.6257296903825207 0.07421875 0.05819429508134384 0.065625
0 0.4796875 0.1125 0.040625 0.06875
3 0.9232814012531051 0.0921875 0.044031801131468026 0.0484375
3 0.8465507296101322 0.12109375 0.018904536104353296 0.0265625
3 0.6754978862259905 0.1140625 0.017351126463433175 0.028125
3 0.6324609585328933 0.12578125 0.0314227168225127 0.0296875
3 0.479154151351301 0.15703125 0.029851126463433176 0.028125
4 0.50625 0.2828125 0.09375 0.196875
4 0.646527482831586 0.259375 0.12160333098930565 0.221875
4 0.7410678231906657 0.2578125 0.1312055899662962 0.2609375
4 0.869306452679161 0.23828125 0.10423402380771343 0.190625
4 0.94453125 0.2640625 0.1109375 0.321875
5 0.93359375 0.2546875 0.1328125 0.509375
5 0.8734375 0.2703125 0.18125 0.478125
5 0.73828125 0.2546875 0.2078125 0.509375
5 0.64609375 0.27265625 0.1953125 0.4734375
5 0.5296875 0.290625 0.140625 0.4375
7 0.3921536002198328 0.75703125 0.12366580073868469 0.3078125
3 0.3621626149523599 0.540625 0.03932612041330889 0.0453125
5 0.378125 0.7546875 0.1625 0.490625
8 0.2296875 0.7546875 0.459375 0.490625