0 0.88046875 0.739538831914413 0.034375 0.03633748933799978
0 0.9671875 0.7260297679026408 0.0390625 0.03951703333863606
0 0.83203125 0.7697899532543218 0.0359375 0.03791817067154533
0 0.60703125 0.7825643152848658 0.0359375 0.036355670671545146
0 0.6546875 0.7507597846117298 0.0328125 0.037881808004454245
0 0.93359375 0.7678269165738679 0.0390625 0.04264203333863623
0 0.696875 0.7823001386060028 0.0359375 0.03948067067154533
0 0.790625 0.760115508593276 0.0328125 0.03788180800445442
0 0.99296875 0.77109375 0.0140625 0.0390625
0 0.753125 0.7480518605983668 0.0328125 0.03788180800445442
0 0.55859375 0.8362529366247745 0.046875 0.0864829400063634
0 0.73984375 0.7903939019335031 0.0375 0.04418635200509078
3 0.99765625 0.80859375 0.0046875 0.0171875
3 0.97109375 0.7619218145687772 0.0265625 0.020621582670272608
3 0.9375 0.8084064632400043 0.028125 0.022202264003817973
3 0.88515625 0.7762030379137767 0.0234375 0.020585220003181703
3 0.8375 0.8095700685869127 0.0296875 0.022220445337363514
3 0.79453125 0.7952263052594125 0.0234375 0.020585220003181703
3 0.75859375 0.7792382259309577 0.0203125 0.020548857336090798
3 0.746875 0.8309370859325487 0.0265625 0.02530908267027243
3 0.6984375 0.8143132072724573 0.021875 0.02369203866963616
3 0.66015625 0.7858523999443208 0.0234375 0.022147720003181704
3 0.653125 0.8476529659452752 0.0234375 0.022147720003181704
3 0.6109375 0.8231438619510023 0.025 0.022165901336727245
3 0.57890625 0.8157040792886839 0.01875 0.017405676002545434
3 0.56328125 0.8596358926241383 0.021875 0.022129538669636163
0 0.5578125 0.8143870272915474 0.0390625 0.037954533338636055
0 0.57421875 0.7782586232893202 0.0328125 0.03319430800445442
0 0.65078125 0.8062739879455935 0.0390625 0.03951703333863606
7 0.54453125 0.91484375 0.0296875 0.1453125
7 0.5734375 0.92890625 0.0875 0.1421875
7 0.58984375 0.8468268099538658 0.0296875 0.042532945337363515
7 0.6140625 0.8996699992839113 0.075 0.1477477040101814
7 0.66015625 0.9234375 0.0890625 0.153125
7 0.659375 0.8272677406110935 0.0640625 0.0632454346753633
7 0.7078125 0.8868603692711847 0.0734375 0.12429202267663583
7 0.7609375 0.9026484539306395 0.1 0.14803860534690827
7 0.7703125 0.809570615929367 0.0265625 0.02530908267027252
7 0.78984375 0.828093349260049 0.059375 0.05225339067472703
7 0.840625 0.8775024559198219 0.09375 0.1354658800127268
7 0.89375 0.8503217905792766 0.0796875 0.12436474801081765
7 0.98046875 0.8071252265675046 0.0328125 0.03163180800445451
7 0.98984375 0.88359375 0.0203125 0.1546875
5 0.96875 0.8515625 0.0625 0.296875
5 0.94765625 0.86953125 0.1046875 0.2609375
5 0.896875 0.8578125 0.11875 0.284375
5 0.85234375 0.8703125 0.1421875 0.259375
5 0.80625 0.8671875 0.10625 0.265625
5 0.7609375 0.7768672039306395 0.0484375 0.10056362133990868
5 0.7625 0.8796875 0.14375 0.240625
5 0.7140625 0.87890625 0.103125 0.2421875
5 0.65703125 0.7913575126114116 0.0734375 0.12272952267663584
5 0.67265625 0.8890625 0.1359375 0.221875
5 0.62109375 0.8796875 0.1109375 0.240625
5 0.5859375 0.878125 0.096875 0.24375
5 0.58515625 0.89453125 0.1109375 0.2109375
5 0.56640625 0.89140625 0.0734375 0.2171875