0 0.22421875 0.00390625 0.0265625 0.0078125
0 0.1359375 0.00390625 0.028125 0.0078125
7 0.23017894334818118 0.03985478113438381 0.036701116008908664 0.06583407825883118
7 0.16257382001909004 0.07150021175434718 0.07004087468172653 0.11133747579950319
5 0.18671875 0.15078125 0.1453125 0.3015625
5 0.22890625 0.071875 0.0796875 0.14375
8 0.25078125 0.78828125 0.2765625 0.4234375
8 0.52578125 0.775 0.2734375 0.45
4 0.43278741736949833 0.5831563710024841 0.03797271467218159 0.04084316861791084
3 0.43015276603277125 0.5581700065411035 0.01580681333545435 0.01571590359079611
5 0.42890625 0.6015625 0.0703125 0.103125
9 0.5678987613780888 0.645655850121637 0.04436816534054522 0.05337953005422928