7 0.4453125 0.18671875 0.109375 0.3734375
5 0.44453125 0.275 0.1109375 0.55
0 0.88046875 0.03671875 0.0984375 0.0734375
0 0.753125 0.0453125 0.09375 0.090625
0 0.80703125 0.13993049208304162 0.0296875 0.03315794533736351
0 0.7078125 0.1223697274029059 0.0359375 0.03791817067154524
0 0.65 0.13107201806172447 0.0375 0.04262385200509069
0 0.5109375 0.134375 0.021875 0.040625
3 0.5125 0.16384706070972532 0.009375 0.017296588001272716
3 0.65546875 0.1639481527291335 0.0171875 0.01894999466899989
3 0.88359375 0.10957137742676841 0.05 0.049019302673454224
3 0.75390625 0.1354060767424965 0.04375 0.048946577339272504
5 0.51953125 0.28828125 0.0390625 0.3421875
5 0.64609375 0.28493281472786086 0.0734375 0.35397952267663585
5 0.6921875 0.2878129140674514 0.0984375 0.36677042401336307
5 0.80859375 0.14307367341658708 0.034375 0.047274989337999784
5 0.9875 0.31015625 0.025 0.4796875
5 0.9078125 0.275 0.184375 0.55
5 0.75390625 0.275 0.2109375 0.55
7 0.515625 0.228125 0.03125 0.134375
7 0.6453125 0.2286737240610881 0.053125 0.12874316534054503
7 0.75 0.3220793734086329 0.1984375 0.38355902936027153
7 0.69140625 0.19405382340067873 0.065625 0.08670111600890866
7 0.91015625 0.26484375 0.1796875 0.3578125
7 0.990625 0.2203125 0.01875 0.184375
8 0.25 0.775 0.5 0.45
8 0.146875 0.78828125 0.29375 0.4234375
4 0.4484375 0.6266032414067239 0.0171875 0.05488749466899989
5 0.428125 0.6466793840706331 0.0578125 0.12254770934118149
4 0.88671875 0.5890625 0.1265625 0.078125
5 0.69765625 0.6484375 0.2296875 0.196875
5 0.9046875 0.64140625 0.16875 0.1828125