8 0.66171875 0.25 0.6765625 0.5
4 0.8829509389095828 0.45232296487760515 0.05349770472226432 0.06437157220870696
2 0.8716816408031768 0.3953553473911624 0.02822499394987581 0.017351126463433175
3 0.8725810654712116 0.4156633022116226 0.021974993949875808 0.01731476502711473
5 0.88125 0.440625 0.071875 0.11875
8 0.1296875 0.7859375 0.259375 0.428125
4 0.88984375 0.5203125 0.2203125 0.040625
4 0.497503797419035 0.7842239673134921 0.17308401775758925 0.2088124394987579
0 0.5396089633064713 0.6355364824388026 0.1394261143631848 0.063309041958086
3 0.5867384933607006 0.679013771666414 0.037709078258831144 0.03615566861791084
3 0.75703125 0.509375 0.0546875 0.01875
5 0.82890625 0.61953125 0.3421875 0.2390625
5 0.59921875 0.79921875 0.4171875 0.4015625