7 0.4046875 0.584375 0.028125 0.16875
7 0.3783234252572102 0.5184252087292851 0.05367042154477701 0.09405907220870695
7 0.3637836814055303 0.6005382719610017 0.08041472872636941 0.1254636083130606
7 0.3257160548439013 0.5640422357584522 0.03637383723582168 0.07520907825883114
7 0.29018255494209716 0.6290905188377437 0.11984993344863373 0.18975336729005096
7 0.2271785608940255 0.5818024283804683 0.04902837334017516 0.10184430113146803
7 0.2012064133533536 0.614764919305282 0.09449540944452864 0.128670421544777
7 0.11209391637841563 0.6238768197728201 0.06944086729005097 0.11914997579950323
7 0.074371202580965 0.6623762383907309 0.1008181323171656 0.14120678298109546
7 0.0265625 0.64296875 0.053125 0.1109375
0 0.058596732536998444 0.5538779371610669 0.04559430113146812 0.048701120413308985
0 0.08450979274365289 0.5310716962362532 0.03616475897699045 0.03927157825883114
0 0.1838239915139889 0.5140882084346975 0.03458407825883114 0.036137487899751616
0 0.1987268288480064 0.503845600023441 0.028306807181592397 0.031413626463433174
0 0.2503029643866258 0.5012018681738137 0.05029998184962743 0.051853391490547726
0 0.31904387402754625 0.5023643923743105 0.02046703610435365 0.02668067466803503
0 0.3370808017206433 0.4905411032448949 0.03773634933607006 0.04084316861791084
0 0.34344897638867844 0.4701922418085765 0.021974993949875808 0.01731476502711473
0 0.3639023769544124 0.44585531714054144 0.026726126463433177 0.028279536104353475
0 0.39609375 0.45390625 0.0453125 0.0484375
3 0.4026739854638647 0.495628058163551 0.020430674668035033 0.020430674668035033
3 0.3676404553114395 0.4747388412428424 0.015715903590796287 0.01571590359079611
3 0.3268018318730685 0.5116939405789125 0.006304542154477666 0.009411361436318443
3 0.33999672346181214 0.5264604225267357 0.014144313231716587 0.014144313231716587
3 0.2586103680756178 0.5503706211988758 0.020457945745273775 0.02511817466803503
3 0.18675354879377712 0.5476637777165383 0.01884999394987581 0.01729658430895533
3 0.08819332894620224 0.5693302203385542 0.015706813231716587 0.014153403590796287
3 0.06303424766230896 0.596819416083828 0.01886817466803503 0.020421584308955333
5 0.3859375 0.6421875 0.065625 0.4375
5 0.378125 0.57265625 0.08125 0.2859375
5 0.3449751149523599 0.4764331514494969 0.02363748789975162 0.03451135538619425
5 0.33262913017586626 0.584313829142594 0.06518970452587265 0.1941227047222643
5 0.36015625 0.61328125 0.1171875 0.2921875
5 0.2498348108940255 0.5816706181738137 0.034847698672140125 0.08144998789975162
5 0.29690018755385034 0.6829558622218854 0.17593734874689487 0.4306965298578377
5 0.23086209709657482 0.6200609524827692 0.0984749031980126 0.27556360226293625
5 0.20716552186280576 0.6647285578689633 0.1410441982793566 0.3414340419580859
5 0.11436039832623886 0.6371444342342006 0.10149990924813697 0.25839428298109546
5 0.08046875 0.73046875 0.1609375 0.4109375
5 0.03984375 0.68046875 0.0796875 0.2703125