8 0.2546875 0.35 0.509375 0.7
5 0.19453125 0.63046875 0.0609375 0.1390625
7 0.1925087432368226 0.646161216064588 0.03681020401018138 0.07541817067154515
3 0.18287975190964048 0.6007305373965426 0.011101132001909163 0.014189769334818081
0 0.1815717905792768 0.5788373560629971 0.020603401336727244 0.0252363573360908
5 0.63125 0.1359375 0.24375 0.271875
4 0.5890625 0.065625 0.159375 0.13125
3 0.56171875 0.01953125 0.1046875 0.0390625
2 0.71640625 0.68671875 0.3015625 0.0265625
3 0.6473315085535052 0.6098617314210415 0.11780566534054522 0.05448860001590816
4 0.61953125 0.53984375 0.2203125 0.2265625
5 0.72265625 0.371875 0.4265625 0.65625
4 0.146875 0.85 0.29375 0.3
5 0.22265625 0.85 0.4453125 0.3
8 0.62109375 0.85 0.2234375 0.3