8 0.0625 0.071875 0.125 0.14375
8 0.23515625 0.0796875 0.4703125 0.159375
5 0.85 0.05703125 0.3 0.1140625
6 0.5071382507855668 0.9616259056338997 0.02684430113146803 0.048592036104353656
6 0.4504251633533535 0.9066066075274936 0.014207945745273776 0.02508181323171641
6 0.43099845248276913 0.8885242280389983 0.00947499394987581 0.017242042154477843
6 0.4201291301758663 0.8767418455254411 0.006331813231716587 0.014098861436318444
6 0.41468765125310514 0.8720225292686624 0.004760222872636888 0.012527271077238921
6 0.40924617233034405 0.8673032130118837 0.004751132513557366 0.010964771077238922
6 0.4045950337666625 0.8610259419346449 0.006340903590796287 0.015661361436318445
6 0.23941039530117675 0.9186606590517453 0.020521578258831143 0.036055674668035206
6 0.2887791362259905 0.8931657553627531 0.012636355386194254 0.023510222872636887
6 0.30837401873954773 0.8823418848512483 0.009484084308955332 0.018804542154477487
6 0.3334512867917246 0.8692060805965223 0.006331813231716587 0.014098861436318444
6 0.34050526268942355 0.8653407372123805 0.004751132513557366 0.010964771077238922
6 0.345206398228043 0.8630242582896195 0.004742042154477666 0.009402271077238922
6 0.34757741930528185 0.8583503938282387 0.0032068132317165875 0.014080680718159044
6 0.014851277716538247 0.8415703973442803 0.004732951795398099 0.007839771077238922
6 0.4022467385871226 0.8617935563960255 0.003179542154477666 0.009393180718159044
6 0.39913537412574207 0.8594316256778661 0.0031613614363184437 0.006268180718159044
6 0.3889882144848217 0.8578100383438487 0.004723861436318444 0.006277271077238922
6 0.3725910548439013 0.8561520895735126 0.0031613614363184437 0.0062681807181594
6 0.3561984403825207 0.8537128908031768 0.0031613614363184437 0.006268180718159044
6 0.3436757144848217 0.8575464179305398 0.003170451795397966 0.0078306807181594
6 0.34056435002344115 0.8551844872123805 0.003170451795397966 0.007830680718159044
6 0.33275639520298095 0.8543577854169826 0.0031613614363184437 0.006268180718159044
6 0.3202654855620605 0.8527225625443455 0.0031613614363184437 0.0062681807181594
6 0.2968416211006799 0.8502424571581513 0.0031613614363184437 0.0062681807181594
6 0.2616944614597596 0.8484754240788599 0.003170451795397966 0.0078306807181594
6 0.23201150663929937 0.8475214572563472 0.0031704517953981435 0.0078306807181594
6 0.200770596998379 0.8457771500747547 0.0031704517953981435 0.007830680718159044
6 0.15078423253699844 0.843142508584207 0.0031613614363184437 0.0062681807181594
6 0.17030184699837897 0.8455998880727023 0.004723861436318444 0.006277271077238922
6 0.1421859373574586 0.8438737616092691 0.0031704517953981435 0.007830680718159044
6 0.11407457289607806 0.841366385145836 0.0031613614363184437 0.006268180718159044
6 0.09609673253699844 0.8428243460164204 0.004732951795398144 0.007839771077238922
6 0.06720411807561785 0.8403124243734474 0.003170451795398055 0.007830680718159044
6 0.05312798253699844 0.8425743611417309 0.004732951795398055 0.007839771077238922
6 0.02502570843469747 0.8385044846782979 0.003170451795398055 0.007830680718159044
6 0.5140336662802197 0.8507247670702182 0.0031613614363184437 0.006268180718159044
6 0.5109359373574586 0.8460190863520589 0.003170451795397966 0.0078306807181594
2 0.576574572896078 0.8440571314334029 0.006277271077238922 0.004723861436318444
2 0.5524285457687149 0.8314162308676687 0.0031522710772389217 0.004705680718159399
2 0.5398376421779189 0.8469685079950319 0.0031522710772389217 0.004705680718159399
2 0.5343370759211401 0.8524054417382532 0.0031522710772389217 0.004705680718159399
2 0.5064029734618122 0.81942931527482 0.006286361436318444 0.006286361436318444
4 0.5047404795119362 0.8366077249157403 0.007921584308955332 0.01879545179539832
4 0.5523603680756178 0.8431349808676687 0.00476931323171641 0.014089771077238921
4 0.5788546903825207 0.8550082669720223 0.0063136325135573655 0.010973861436318445
4 0.5507342355620606 0.854063390508589 0.0063136325135573655 0.010973861436318445
5 0.5749120789462022 0.8612355410743232 0.01585225897699054 0.03915340359079629
5 0.5539455939733169 0.8392378212267484 0.007930674668035032 0.020357951795398323
5 0.5452382144848217 0.8587190742518105 0.018940897540672096 0.03292158430895533
5 0.5398149162802197 0.8508747579950319 0.007885222872636887 0.012545451795397965
5 0.5335194644848217 0.8586508965587132 0.009484084308955332 0.018804542154477844
5 0.5139927596643614 0.8577560170702181 0.004823855386194254 0.023464771077238922
5 0.5038865066392993 0.8491031797362005 0.01601588544042354 0.06727840359079593
5 0.8703125 0.69765625 0.228125 0.4765625