3 0.0921875 0.07265625 0.1125 0.1453125
7 0.24921875 0.20078125 0.4828125 0.4015625
5 0.24609375 0.2078125 0.4921875 0.415625
8 0.76484375 0.2421875 0.4703125 0.484375
6 0.1421875 0.74765625 0.284375 0.4953125
2 0.26953125 0.53515625 0.1578125 0.0703125
3 0.3150684045727548 0.7216183864223822 0.11317268657189175 0.11627950585373234
4 0.33515625 0.875 0.2859375 0.25
5 0.26484375 0.75 0.5296875 0.5
9 0.8265625 0.56875 0.178125 0.1375
3 0.96171875 0.52890625 0.0765625 0.0578125
4 0.93046875 0.73671875 0.1390625 0.4734375
4 0.6796875 0.78359375 0.3 0.4328125
3 0.575 0.57265625 0.090625 0.0765625
5 0.7109375 0.75 0.3625 0.5
5 0.83984375 0.5734375 0.1953125 0.146875
5 0.9 0.75 0.2 0.5