8 0.6213512625912276 0.21042195393669744 0.38334987294739153 0.3631555476154268
8 0.525 0.34609375 0.571875 0.2265625
4 0.5905285094679698 0.13680264675510506 0.015761355386194255 0.02352840359079611
2 0.5937671389564649 0.1172895774732643 0.011010222872636888 0.012563632513557365
5 0.5944665757247485 0.13135662265280415 0.03151362041330898 0.0454943071815924
8 0.11953125 0.7296875 0.2390625 0.540625
1 0.84296875 0.521875 0.1265625 0.125
4 0.5 0.74609375 0.371875 0.5078125
4 0.81328125 0.78671875 0.3734375 0.4265625
5 0.53515625 0.7296875 0.5921875 0.540625
5 0.79296875 0.7296875 0.4140625 0.540625