0 0.9284356348512484 0.078125 0.03146816861791102 0.0375
0 0.8586412853187866 0.1671875 0.03629202400410492 0.0609375
3 0.9232032341873184 0.11875 0.020439765027114733 0.021875
4 0.8474406857863247 0.25625 0.05060905405833438 0.1046875
4 0.9188157160369459 0.1703125 0.050563602262936415 0.096875
3 0.8666310473208391 0.19765625 0.01101931323171641 0.0140625
5 0.8734375 0.24375 0.14375 0.2125
5 0.9234375 0.203125 0.09375 0.29375
8 0.35234375 0.534375 0.2953125 0.36875
6 0.5362663155694076 0.5828125 0.04421360831306061 0.0796875
6 0.7078686047970191 0.5359375 0.02218407220870695 0.053125
6 0.8484936047970191 0.5359375 0.020521578258831143 0.0359375
6 0.977595297517231 0.56953125 0.01895907825883114 0.0359375
6 0.9891549662333375 0.5421875 0.009529536104353652 0.0265625
6 0.9397680445903646 0.51328125 0.009511355386194253 0.0234375
6 0.9060515747427897 0.4921875 0.011055674668034855 0.0203125
6 0.9224305536655508 0.4875 0.006340903590796287 0.015625
9 0.70859375 0.7921875 0.4171875 0.415625
9 0.9293254482793566 0.4640625 0.031468168617910665 0.0375