8 0.31171875 0.19453125 0.4765625 0.3890625
0 0.978125 0.28203125 0.04375 0.0671875
0 0.8282760326865081 0.27734375 0.11923178903121964 0.0828125
0 0.64765625 0.171875 0.1953125 0.153125
4 0.79296875 0.365625 0.1765625 0.046875
4 0.64453125 0.35078125 0.1890625 0.0765625
5 0.86015625 0.00859375 0.1046875 0.0171875
5 0.659375 0.05625 0.203125 0.1125
3 0.8293981711519937 0.3359375 0.05802157825883114 0.0359375
3 0.9890625 0.340625 0.021875 0.0375
3 0.6565146621750031 0.296875 0.11448065651766245 0.071875
5 0.6640625 0.05234375 0.209375 0.1046875
5 0.8015625 0.30703125 0.234375 0.1640625
5 0.70703125 0.24140625 0.3140625 0.2953125
8 0.275 0.69453125 0.55 0.6109375
4 0.6546941287029282 0.78828125 0.1306965298578376 0.1734375
2 0.7259146228491958 0.67578125 0.05033634328594587 0.0578125
5 0.6515625 0.81015625 0.203125 0.3796875