9 0.2984375 0.48515625 0.08125 0.1296875
9 0.4583185775714601 0.4691428262157277 0.08797269867214012 0.08175906010845857
7 0.37734375 0.43203125 0.0953125 0.2359375
7 0.17598280054229293 0.4184398860295987 0.06029312626704133 0.1581579336450254
3 0.37606409289316234 0.2969592748878679 0.02836134933607006 0.040788626463433175
3 0.16443624648395855 0.3138160185431561 0.0063863553861942535 0.023473861436318445
0 0.1775265989432866 0.28092625049097936 0.0441045240041051 0.06119203005422928
0 0.3694459333504379 0.23371438632418634 0.03937157220870695 0.05335225897699045
5 0.36796875 0.31015625 0.1296875 0.4796875
5 0.1828125 0.36796875 0.078125 0.3640625
7 0.05234375 0.68671875 0.1046875 0.2734375
5 0.05625 0.775 0.1125 0.45
9 0.79453125 0.775 0.4109375 0.45