8 0.2546875 0.3296875 0.509375 0.5
6 0.996875 0.28984375 0.00625 0.0484375
6 0.9480814133533535 0.24211723878351438 0.014207945745273776 0.02508181323171659
6 0.9278643621236895 0.2258291634515494 0.011037493949875809 0.017251132513557366
6 0.9154279946372469 0.2149643863241863 0.00633181323171641 0.014098861436318444
6 0.9092052657144857 0.21031324776050475 0.004760222872636888 0.012527271077238921
6 0.9037592416121847 0.20643881401728342 0.004751132513557366 0.010964771077238922
6 0.8975410578689633 0.20100642545360198 0.006340903590795932 0.015661361436318445
6 0.7369575609922213 0.27537568725926287 0.02209316861791084 0.037627265027114734
6 0.784791072994274 0.2446296813073344 0.012636355386194254 0.023510222872636887
6 0.8036183410464506 0.23123934699837906 0.011046584308955332 0.018813632513557367
6 0.8279234494577071 0.2162546964326449 0.00633181323171641 0.014098861436318444
6 0.8342052657144856 0.21074958499632643 0.004751132513557366 0.010964771077238922
6 0.8381251512531052 0.20838310909862745 0.004742042154477844 0.009402271077238922
6 0.840496172330344 0.203681973560008 0.00320681323171641 0.014080680718159221
6 0.8951973078689633 0.20102006099222133 0.0031795421544778433 0.009393180718159222
6 0.892081398228043 0.19947574171038057 0.0031613614363184437 0.0062681807181594
6 0.8827109434075828 0.19874903386485832 0.004723861436318444 0.006277271077238922
6 0.8655279885871228 0.19806777781473411 0.0031613614363184437 0.006268180718159222
6 0.8491217385871227 0.19816322658507007 0.0031613614363184437 0.006268180718159222
6 0.8365944675098838 0.20292344945770707 0.0031704517953983213 0.007830680718159223
6 0.8334785578689633 0.20137913017586628 0.0031704517953983213 0.007830680718159223
6 0.8248893530485033 0.20064787715080418 0.0031613614363184437 0.006268180718159222
6 0.8131706030485033 0.20071605484390131 0.0031613614363184437 0.006268180718159222
6 0.7897331030485033 0.20085241023009556 0.0031613614363184437 0.006268180718159222
6 0.7537865126894235 0.2026239884889268 0.0031704517953981435 0.007830680718159223
6 0.724089922330344 0.2043592053114395 0.0031704517953981435 0.007830680718159223
6 0.6928308319712644 0.20610351249303188 0.0031704517953981435 0.007830680718159223
6 0.6428217416121847 0.20795690398357963 0.0031613614363184437 0.006268180718159222
6 0.662348446432645 0.20862452449508434 0.004723861436318444 0.006277271077238922
6 0.6334376512531051 0.20957394613805738 0.0031704517953981435 0.007830680718159223
6 0.6053081060735653 0.21051882260149046 0.0031613614363184437 0.006268180718159222
6 0.5873257205349459 0.21296711173090604 0.004732951795398144 0.007839771077238922
6 0.5584149253554062 0.21391653337387898 0.003170451795397966 0.007830680718159223
6 0.5443387898167866 0.21634209660559556 0.004732951795398144 0.007839771077238922
6 0.5154325398167867 0.2165102682485685 0.0031704517953981435 0.007830680718159223
9 0.7546875 0.43671875 0.490625 0.2859375
2 0.9962830848981306 0.14808998283158603 0.006286361436318444 0.006286361436318444
4 0.9953125 0.1640625 0.009375 0.01875
5 0.99375 0.17734375 0.0125 0.0671875
2 0.3640625 0.82109375 0.290625 0.2453125
5 0.2546875 0.84453125 0.509375 0.3109375
8 0.7546875 0.94375 0.490625 0.1125
8 0.73984375 0.86015625 0.4609375 0.2796875