7 0.14609375 0.2546875 0.2921875 0.509375
5 0.22109375 0.2546875 0.4421875 0.509375
1 0.73359375 0.19140625 0.2484375 0.3015625
4 0.8046875 0.3671875 0.390625 0.284375
5 0.8046875 0.2546875 0.390625 0.509375
1 0.09219023671227067 0.7939373941228265 0.13081583736472577 0.23199540944452873
8 0.4953125 0.7546875 0.228125 0.490625
0 0.1046875 0.64296875 0.209375 0.2671875
0 0.33828125 0.8859375 0.2140625 0.228125
7 0.353125 0.93359375 0.48125 0.1328125
7 0.09296875 0.80859375 0.1859375 0.3828125
5 0.153125 0.7546875 0.30625 0.490625
5 0.3484375 0.87109375 0.521875 0.2578125
1 0.73125 0.8890625 0.24375 0.221875
2 0.7296875 0.66015625 0.240625 0.2890625
4 0.8046875 0.92265625 0.390625 0.1546875
5 0.8046875 0.7546875 0.390625 0.490625