3 0.0765625 0.246875 0.153125 0.20625
0 0.0546875 0.175 0.109375 0.35
7 0.1171875 0.5328125 0.234375 0.19375
5 0.221875 0.31484375 0.44375 0.6296875
8 0.065625 0.78125 0.13125 0.303125
9 0.15107862744539177 0.6688430960375438 0.07227497579950323 0.06958634134309047
0 0.11996952801112584 0.6442607193666349 0.007857951795398055 0.007903406667727176
7 0.11910191959986945 0.6590953786998621 0.00947499394987581 0.01729658800127254
5 0.11912464549756852 0.6551891286998621 0.011119307181592398 0.03137726933481808
0 0.47862184446429623 0.7726611760820872 0.009429542154477666 0.009484088001272716
7 0.4828125 0.8 0.0125 0.0375
5 0.47578125 0.81953125 0.0265625 0.1078125
0 0.26883829918656055 0.7061532867202247 0.007857951795398143 0.007903406667727353
4 0.2726218293389857 0.7272924900540885 0.012663626463433086 0.028270450668363624
5 0.2717451305686497 0.7436896493873156 0.01767837939029935 0.0845749946689999
5 0.25847751610726916 0.7411913580521794 0.01768746974937896 0.08613749466899989
5 0.32348437168985517 0.8482049740610881 0.0303147347764936 0.10815794533736352
5 0.29298835061261636 0.852537938056952 0.033448825135573304 0.10975680800445424
5 0.27425653133077554 0.8491947620544066 0.024092005853732435 0.1127727200031817
5 0.25631050722847454 0.8450794267186339 0.030342005853732524 0.11284544533736351
5 0.27072753123257964 0.784305558720543 0.01259090359079611 0.015770450668363623
5 0.24970195892567676 0.7723413607176794 0.01738748789975162 0.034574994668999895
0 0.2489797962596943 0.7621760200509067 0.012581813231716588 0.014207950668363622
7 0.2512235523098185 0.7793907920512249 0.0110284035907962 0.015752269334818082
0 0.23493547697785355 0.7588873880489977 0.009438632513557366 0.011046588001272718
7 0.23320935051442043 0.7869942067154522 0.017432939695149675 0.042387494668999805
5 0.2324553715916593 0.7822976160486796 0.017551114363184704 0.06269999466899989
0 0.24414685051442042 0.7871214760502705 0.012581813231716588 0.014207950668363622
7 0.23773322405098735 0.8151737507160887 0.01739657825883114 0.03613749466899989
5 0.2360207331261736 0.8409368193825433 0.02726245764913058 0.12062158267027252
7 0.25878606743512905 0.822450448718952 0.026807939695149673 0.04249658267027243
7 0.2759599318965096 0.8249941933879519 0.020567030054229284 0.04398635733609098
7 0.2938832301011115 0.8330157787237248 0.031504530054229284 0.0441136266709087
7 0.3228031156397309 0.8310083833943154 0.02991475897699054 0.03940794533736351
0 0.32141787764178353 0.80052145206077 0.01101931323171641 0.014189769334818081
0 0.29873890174408446 0.8041640727243611 0.011010222872636888 0.012627269334818081
0 0.2730212842576417 0.7929265807208612 0.009438632513557366 0.011046588001272539
0 0.2566059438985621 0.7942981767186341 0.011010222872636888 0.01262726933481817
0 0.25869568472518 0.7036913580521794 0.009429542154477666 0.00948408800127254
0 0.2281996636479411 0.7080243220480432 0.011001132513557365 0.011064769334818082
0 0.21965136544333924 0.7001118247135433 0.009438632513557366 0.011046588001272718
0 0.18733376913233127 0.7489578573758617 0.009438632513557366 0.011046588001272539
0 0.21698945287555257 0.7547720527132251 0.012572722872636888 0.012645450668363622
0 0.20117810051442042 0.7866214893777708 0.011019313231716588 0.014189769334818081
0 0.18942298907810198 0.7927351293761798 0.011010222872636888 0.012627269334818081
0 0.14503263964383603 0.7679982113701346 0.012581813231716588 0.014207950668363622
0 0.10651049512822616 0.8089590186982714 0.00947499394987581 0.01729658800127254
6 0.1607485432346322 0.7525550247055891 0.011101126463433175 0.02825226933481808
5 0.015408251276546237 0.8899357513526354 0.023610216822512742 0.029960220003181704
7 0.11102982348525323 0.8379198126989076 0.02054884933607006 0.040861357336090975
5 0.12110426025353668 0.8521004913669531 0.0459397347764936 0.10833975867281787
5 0.14397413369190773 0.815645370703362 0.027207915494652825 0.11124658267027243
5 0.17858548302797778 0.7754203600413618 0.03009656615858276 0.07065794533736351
5 0.2079093686647931 0.8382658053787253 0.03193177693097127 0.11755112667090879
5 0.1891457331261736 0.8403913793761799 0.0319681383672898 0.1238011266709087
5 0.21371900713027872 0.7797356900461343 0.020676114363184707 0.0627363573360908
5 0.22887182933898575 0.726783412714816 0.01592498184962743 0.05174431333545435
5 0.21796614559576435 0.7211873933799978 0.014389752926866173 0.056413632001908985
7 0.1425116276417835 0.7984396893698165 0.020567030054229284 0.04398635733609062
7 0.18329570892567676 0.771568654041998 0.017342036104353475 0.02676249466899989
7 0.19161220297374845 0.819324901376498 0.023673849336070064 0.0408977200031817
7 0.20801390779420864 0.8202970553787251 0.022138620413308895 0.04556703866963616
7 0.21449116677119912 0.7813072807129069 0.018986349336070064 0.04084317600254543
7 0.22884455826174682 0.7314709127148159 0.01269089754067192 0.03295795066836362
7 0.2179388745185255 0.7258748933799979 0.014226126463433176 0.028288632001908988
7 0.25934057933898574 0.7271379487189522 0.018931807181592396 0.03146817600254544
1 0.7117449793155446 0.8587146653803159 0.13694652985783762 0.1750192760184536
2 0.71953125 0.69453125 0.1484375 0.1296875
2 0.9734375 0.77421875 0.053125 0.0578125
3 0.9539142985973854 0.86465777207986 0.04243293969514994 0.042678396005727134
2 0.8638114733636163 0.9081435954009969 0.17578177088084707 0.13641130935709
2 0.9796875 0.88828125 0.040625 0.1328125
4 0.64453125 0.909375 0.2859375 0.18125
5 0.96484375 0.82890625 0.0703125 0.1703125
5 0.81640625 0.89375 0.3671875 0.2125
5 0.646875 0.81484375 0.315625 0.3703125