0 0.3578125 0.26953125 0.14375 0.5390625
7 0.10234375 0.26953125 0.2046875 0.5390625
5 0.21484375 0.26953125 0.4296875 0.5390625
2 0.6048483952896384 0.08030214099956848 0.014371582670272609 0.026644313231716586
2 0.6098171586171387 0.12330270725634711 0.020585220003181703 0.023555674668035032
3 0.611761466621593 0.09049929761542672 0.014335220003181704 0.023519313231716587
3 0.6026677299490932 0.13341805064048887 0.007921588001272717 0.009420451795398143
4 0.6078546692791389 0.15766861689726747 0.0301965773392725 0.0439227168225127
4 0.6382512412874112 0.09690383371978024 0.052362478675999566 0.06904998184962743
5 0.6258779632797752 0.15308565602668311 0.09598630402608972 0.192732921544777
5 0.6029489932765936 0.17639134582002863 0.0547067760184536 0.13624657220870695
0 0.3561734432686393 0.8874076765147467 0.036428396005727136 0.04239657825883114
0 0.271875 0.971875 0.04375 0.05625
3 0.3470706159293669 0.9311076795398089 0.023710220003181702 0.023573855386194255
4 0.3375 0.965625 0.0625 0.06875
5 0.3390625 0.93046875 0.128125 0.1390625
8 0.55234375 0.83828125 0.2453125 0.3234375
8 0.81328125 0.88203125 0.3734375 0.2359375
5 0.5026211819303213 0.9624515656676035 0.017514764003817972 0.02822499394987581
5 0.79921875 0.98984375 0.0203125 0.0203125