7 0.32734375 0.26484375 0.2828125 0.5296875
5 0.25390625 0.26484375 0.4296875 0.5296875
0 0.50859375 0.08203125 0.0796875 0.1203125
3 0.7864243550916067 0.06370186817381374 0.06917724687674207 0.07383747579950314
3 0.537319755460949 0.21906257562655257 0.07073065651766246 0.07228406615858277
4 0.55859375 0.3734375 0.1796875 0.3125
7 0.83984375 0.2859375 0.3015625 0.4875
5 0.9265625 0.26484375 0.146875 0.5296875
5 0.78984375 0.26484375 0.4203125 0.5296875
5 0.63125 0.26484375 0.325 0.5296875
5 0.51328125 0.29609375 0.0890625 0.4671875
8 0.234375 0.76484375 0.46875 0.4703125
3 0.65078125 0.896875 0.3640625 0.20625
2 0.61015625 0.63515625 0.2828125 0.2109375
4 0.734375 0.9125 0.53125 0.175
5 0.734375 0.76484375 0.53125 0.4703125