4 0.32421875 0.37891780201523095 0.165625 0.3119010780624395
3 0.309375 0.2336916604264873 0.0375 0.04865566861791084
2 0.3203125 0.12894052791292998 0.1109375 0.15845791549465288
5 0.3234375 0.37265625 0.33125 0.6546875
1 0.96015625 0.08945532621572774 0.028125 0.039226126463433174
1 0.98671875 0.09867579011137426 0.0125 0.012572722872636888
0 0.8875 0.11722177791292995 0.0484375 0.0752818011314682
0 0.9625 0.03631669067710832 0.0375 0.05178066861791084
0 0.98515625 0.06587238047045388 0.0265625 0.04546703610435347
7 0.95546875 0.13479509729296663 0.084375 0.08642837939029935
7 0.81875 0.23402800371243315 0.096875 0.20837610226293632
5 0.98359375 0.11484375 0.0328125 0.1390625
5 0.9546875 0.096875 0.090625 0.18125
5 0.834375 0.287062100121637 0.1515625 0.4274442648307229
8 0.38671875 0.85 0.6265625 0.3
2 0.85 0.94375 0.3 0.1125
5 0.85 0.93359375 0.3 0.1328125