8 0.2046875 0.18984375 0.409375 0.3796875
4 0.4453125 0.0421875 0.071875 0.084375
5 0.46328125 0.11484375 0.1078125 0.2296875
1 0.2046875 0.55390625 0.409375 0.3484375
4 0.2046875 0.7796875 0.409375 0.440625
5 0.2046875 0.68984375 0.409375 0.6203125
4 0.496875 0.6546875 0.175 0.228125
3 0.5392475973901792 0.5289441740788599 0.028470445337363516 0.029851126463433176
0 0.4887748827179976 0.4880282825883121 0.1524715666772723 0.07900676483072289
5 0.659375 0.46640625 0.36875 0.1734375
5 0.58984375 0.71328125 0.3609375 0.5734375