8 0.24453125 0.234375 0.4890625 0.46875
5 0.43203125 0.234375 0.1140625 0.46875
1 0.06053856596219109 0.5873444221339522 0.039289758976990365 0.03928975897699054
1 0.21875 0.49609375 0.040625 0.0546875
1 0.3414158612399268 0.5216456574996211 0.04573974687674216 0.07370112041330881
1 0.418401062937129 0.5938564799047198 0.02198408430895533 0.01887726502711473
1 0.3854749334486337 0.5745161274453918 0.018822722872636886 0.01260908430895551
2 0.38686471662612104 0.5448195370863121 0.02511817466803503 0.020457945745273775
2 0.4212260810875016 0.5422757991865605 0.0314318071815924 0.0314318071815924
4 0.4156033158639952 0.650124660622879 0.05703177088084708 0.13470225292686636
5 0.38537039431921816 0.5565473774453917 0.028434072208706952 0.053288626463433
5 0.41545332493918147 0.624343410622879 0.05737720452587247 0.19407725292686634
5 0.4578125 0.734375 0.0625 0.53125
5 0.2953125 0.734375 0.1875 0.53125
5 0.17578125 0.734375 0.1640625 0.53125
5 0.0515625 0.7453125 0.103125 0.509375
4 0.04067149355709234 0.6640250968019873 0.07579995159900639 0.1379363372358217
4 0.1969305839161719 0.6646785608940255 0.0984112706844554 0.26462610226293626
4 0.312696484481906 0.6882246243221337 0.12334763817089804 0.2538340480082101
4 0.465625 0.73046875 0.046875 0.2953125