8 0.2 0.43984375 0.4 0.4984375
7 0.5050649292648213 0.2046875 0.14006466271481594 0.3546875
7 0.8780115332590943 0.246875 0.19157152402927125 0.215625
0 0.745799017266094 0.1953125 0.08455790802036275 0.15
3 0.5342268126193658 0.0484375 0.030160214672181596 0.040625
3 0.7803916459261853 0.24375 0.028834072008272215 0.0609375
5 0.85078125 0.37421875 0.2984375 0.5546875
5 0.52109375 0.33046875 0.1828125 0.6609375
2 0.13125 0.9625 0.2625 0.075
5 0.2 0.94296875 0.4 0.1140625
1 0.64296875 0.87734375 0.2203125 0.2453125
4 0.70625 0.95 0.453125 0.1
5 0.7 0.84453125 0.6 0.3109375