4 0.134375 0.5796875 0.26875 0.21875
5 0.134375 0.34453125 0.26875 0.6890625
3 0.28046875 0.00703125 0.0234375 0.0140625
3 0.4600097624930319 0.039087582630501674 0.042532933645025396 0.05986589600572696
3 0.9099688558771735 0.04088260856941357 0.02687157220870695 0.05343408267027261
4 0.89609375 0.3734375 0.2078125 0.63125
4 0.5484375 0.42734375 0.271875 0.5234375
4 0.45619844038252066 0.15709269529759257 0.03191359621281222 0.11442612667090887
4 0.35572574171038057 0.239506300644501 0.16034871018321328 0.43777381468808996
4 0.3243535427436529 0.12659776798218264 0.05892152380771334 0.1912977093411814
4 0.28828125 0.1921875 0.0390625 0.365625
3 0.33125 0.0078125 0.0375 0.015625
5 0.42890625 0.1140625 0.1015625 0.228125
5 0.33125 0.04375 0.071875 0.0875
5 0.31015625 0.34453125 0.0828125 0.6890625
5 0.28359375 0.34453125 0.0296875 0.6890625
5 0.38203125 0.34453125 0.2265625 0.6890625
0 0.5703125 0.34453125 0.4125 0.6890625
0 0.85859375 0.34453125 0.2828125 0.6890625
9 0.634375 0.34453125 0.73125 0.6890625
5 0.14453125 0.76171875 0.2484375 0.1453125
8 0.29765625 0.9203125 0.0578125 0.159375
8 0.76015625 0.84453125 0.4796875 0.3109375
7 0.8431530188377436 0.8830348405872309 0.023655668617910665 0.0377727200031817
5 0.97578125 0.71875 0.0453125 0.059375
5 0.8471047206331417 0.8751768872533674 0.033167024004104914 0.061319308004454245