5 0.09375 0.20625 0.0453125 0.084375
5 0.5046875 0.4375 0.025 0.04375
8 0.37421875 0.4015625 0.3296875 0.115625
8 0.22421875 0.21953125 0.4484375 0.4390625
6 0.571875 0.25390625 0.065625 0.3390625
3 0.98671875 0.0984375 0.0265625 0.08125
9 0.79765625 0.2296875 0.4046875 0.459375
6 0.63515625 0.20546875 0.05 0.2109375
9 0.62265625 0.04921875 0.1671875 0.0984375
6 0.34921875 0.94375 0.1265625 0.1125
9 0.040625 0.6984375 0.08125 0.15
1 0.88046875 0.5375 0.0734375 0.0453125
1 0.8828125 0.68125 0.0796875 0.065625
1 0.84375 0.85234375 0.06875 0.06875
1 0.671875 0.90390625 0.05625 0.059375
1 0.67890625 0.65703125 0.0703125 0.0734375
1 0.57578125 0.6453125 0.0734375 0.084375
2 0.584375 0.55 0.084375 0.065625
2 0.6875 0.56875 0.084375 0.0625
2 0.68828125 0.8078125 0.09375 0.0984375
2 0.87578125 0.4796875 0.0953125 0.040625
2 0.85859375 0.75859375 0.0828125 0.0703125
2 0.87890625 0.5875 0.1 0.0828125
4 0.815625 0.61015625 0.065625 0.1515625
4 0.85859375 0.4953125 0.1515625 0.071875
4 0.69765625 0.50859375 0.1453125 0.0984375
4 0.596875 0.8390625 0.115625 0.321875
4 0.7078125 0.74765625 0.1109375 0.13125
5 0.984375 0.53203125 0.03125 0.1453125
5 0.859375 0.85859375 0.2625 0.2828125
5 0.865625 0.76640625 0.26875 0.4671875
5 0.86953125 0.6125 0.2359375 0.30625
5 0.8703125 0.53359375 0.23125 0.1484375
5 0.6921875 0.5546875 0.23125 0.190625
5 0.68359375 0.709375 0.209375 0.3453125
5 0.66484375 0.871875 0.2515625 0.25625
5 0.609375 0.7515625 0.140625 0.496875
5 0.57578125 0.48203125 0.0734375 0.0453125
5 0.5671875 0.5359375 0.05625 0.153125