1 0.6171875 0.34453125 0.134375 0.2390625
4 0.7296875 0.43828125 0.359375 0.1609375
5 0.775 0.278125 0.45 0.48125
9 0.07109375 0.875 0.1421875 0.25
9 0.43203125 0.8015625 0.2359375 0.396875
0 0.15638471797422845 0.6080448250373773 0.12481928134945379 0.11946813836728971
3 0.18053873862191114 0.7480385659621911 0.06484429734245412 0.06756020472226432
7 0.16640625 0.87890625 0.2828125 0.2421875
5 0.1921875 0.7703125 0.38125 0.459375
2 0.62109375 0.7546875 0.1421875 0.2375
5 0.775 0.79765625 0.45 0.4046875