8 0.76953125 0.2 0.4609375 0.4
8 0.69453125 0.1328125 0.3109375 0.265625
0 0.6633427989901689 0.03696802940004238 0.014126132513557366 0.011101132001908987
3 0.6640376905789125 0.05182087006681506 0.009429542154477666 0.00948408800127254
4 0.6616075821676561 0.06663734806649693 0.018931807181592396 0.03146817600254544
5 0.6561115610904172 0.07126121339908789 0.04109769867214012 0.08172271467218159
1 0.1328125 0.915625 0.265625 0.16875
2 0.1609375 0.69296875 0.321875 0.2140625
5 0.26953125 0.78203125 0.5390625 0.4359375
1 0.66953125 0.71328125 0.2609375 0.2578125
2 0.69296875 0.48984375 0.3078125 0.1171875
4 0.72109375 0.93203125 0.3640625 0.1359375
5 0.76953125 0.70078125 0.4609375 0.5984375