0 0.27734375 0.05078125 0.0828125 0.1015625
7 0.234375 0.30546875 0.16875 0.3671875
5 0.21875 0.24453125 0.2 0.4890625
3 0.8984375 0.025 0.09375 0.05
0 0.33984375 0.06484375 0.0421875 0.1296875
4 0.371875 0.3453125 0.10625 0.2875
4 0.8984375 0.24453125 0.203125 0.4890625
5 0.93359375 0.24453125 0.1328125 0.4890625
5 0.7921875 0.24453125 0.415625 0.4890625
5 0.86953125 0.24453125 0.2609375 0.4890625
5 0.434375 0.24453125 0.23125 0.4890625
6 0.64921875 0.6390625 0.2890625 0.3
3 0.50625 0.95703125 0.078125 0.0859375
2 0.4781382552514583 0.775 0.12327496268299924 0.1203125
5 0.6 0.8328125 0.54375 0.334375