3 0.08359375 0.090625 0.1671875 0.178125
0 0.2828125 0.08984375 0.290625 0.1796875
7 0.0984375 0.08984375 0.196875 0.1796875
5 0.2625 0.08984375 0.525 0.1796875
0 0.8078125 0.07109375 0.109375 0.1421875
3 0.85234375 0.11656689392643468 0.0296875 0.05173521682251274
4 0.93515625 0.08984375 0.1296875 0.1796875
5 0.88671875 0.08984375 0.2265625 0.1796875
1 0.85 0.5046875 0.3 0.284375
2 0.76484375 0.290625 0.4703125 0.221875
4 0.76484375 0.77265625 0.4703125 0.4546875
5 0.76484375 0.58984375 0.4703125 0.8203125