5 0.35546875 0.1421875 0.0265625 0.284375
4 0.6347144245703681 0.2846047206331418 0.20314646538827025 0.4058419756031114
3 0.6445728719366848 0.04159506401728343 0.053797709341181485 0.05812157220870695
5 0.66015625 0.284375 0.2546875 0.56875
8 0.184375 0.7953125 0.36875 0.409375
8 0.2015625 0.6234375 0.1625 0.109375
5 0.29107734396881957 0.714214952580965 0.025836341343090475 0.07202044574527396
3 0.7678580199713649 0.674579759958949 0.024110209341181486 0.05794885538619425
3 0.6229085992998197 0.7113581181738138 0.030287484006999675 0.0517352168225127
0 0.633873918642592 0.6417677808397962 0.06348179201145392 0.08473861436318461
0 0.775 0.6109375 0.071875 0.084375
7 0.7871245459500478 0.8314882901113743 0.12387604137490715 0.3069499576491306
7 0.595872837285184 0.8193206090986275 0.11535446936663477 0.24596700585373235
5 0.58671875 0.79921875 0.1640625 0.4015625
5 0.77578125 0.784375 0.1859375 0.43125