0 0.16343228268650795 0.24206738455666077 0.06470791549465282 0.11131020472226431
3 0.13241408684303818 0.2817293273750684 0.02384656615858276 0.07044885538619425
0 0.07770386094533918 0.2775049148072818 0.03155907220870695 0.0533068071815924
7 0.08515625 0.38515625 0.0640625 0.1296875
7 0.140625 0.38671875 0.125 0.1265625
5 0.14140625 0.26484375 0.1453125 0.3703125
5 0.090625 0.31328125 0.096875 0.2734375
7 0.7213958153730159 0.12469755649422129 0.10277151775758923 0.20840337334017517
7 0.9253929689638121 0.14150884835411137 0.1263453731437835 0.23197722872636958
3 0.71953125 0.0109375 0.0390625 0.021875
3 0.9171875 0.01015625 0.04375 0.0203125
5 0.39375 0.225 0.05 0.45
5 0.71640625 0.225 0.1265625 0.45
5 0.91796875 0.225 0.1640625 0.45
3 0.60078125 0.8875 0.1546875 0.225
0 0.54921875 0.59453125 0.2859375 0.2890625
5 0.56171875 0.725 0.3859375 0.55