3 0.32109375 0.21548618295765448 0.0171875 0.03134999394987581
0 0.34453125 0.16874753834384873 0.078125 0.14420451795398073
7 0.2515625 0.18383166197861148 0.1625 0.21188289734428026
7 0.5859375 0.09765625 0.065625 0.1953125
5 0.57421875 0.209375 0.0890625 0.41875
5 0.2765625 0.26991460772388526 0.259375 0.39838399960721665
1 0.77578125 0.11328125 0.3140625 0.2265625
4 0.809375 0.315625 0.38125 0.328125
5 0.809375 0.23984375 0.38125 0.4796875
6 0.56953125 0.7279685231203423 0.0609375 0.1097295240041051
6 0.43828125 0.7061111829576545 0.04375 0.08462953005422946
6 0.31171875 0.6913123638722054 0.0296875 0.0626727168225127
6 0.21796875 0.6704544423274283 0.0203125 0.04230567466803503
6 0.1984375 0.653934562838933 0.01875 0.03604658430895533
6 0.17265625 0.6444095719141194 0.0140625 0.032894313231716585
6 0.15078125 0.6372510568870047 0.0109375 0.023501132513557364
6 0.1625 0.629506734580102 0.0125 0.023510222872636887
6 0.615625 0.615625 0.00625 0.0375
6 0.5765625 0.6123844297362007 0.0171875 0.03447499394987581
6 0.57890625 0.59755431527482 0.015625 0.03290340359079611
6 0.61484375 0.5859375 0.0078125 0.03125
6 0.4796875 0.5790083274732643 0.00625 0.017223861436318443
6 0.52265625 0.5722270623479538 0.0078125 0.015670451795397965
6 0.409375 0.5903180113146815 0.009375 0.018804542154477667
6 0.3296875 0.602354403001621 0.0125 0.02194772287263689
6 0.26484375 0.6129146530998169 0.0078125 0.017232951795397966
6 0.2546875 0.6784805657657993 0.0203125 0.05011817466803503
6 0.21796875 0.6188919423274284 0.0109375 0.021938632513557366
6 0.03203125 0.6396851895969539 0.0125 0.023510222872636887
6 0.084375 0.628270966626121 0.0109375 0.021938632513557366
6 0.15 0.616934011707465 0.0109375 0.020376132513557365
6 0.203125 0.613336833916172 0.009375 0.020367042154477665
6 0.29453125 0.5998061199223296 0.009375 0.018804542154477667
6 0.36875 0.5900816619786114 0.009375 0.017242042154477666
6 0.4234375 0.5841498245463981 0.009375 0.017242042154477666
6 0.48515625 0.572790143730043 0.009375 0.015679542154477664
6 0.53359375 0.5683844448615111 0.0078125 0.018795451795398144
6 0.26328125 0.6652493127407373 0.0296875 0.0798602168225127
6 0.2484375 0.6667254543294809 0.0265625 0.07671703610435347
9 0.309375 0.834375 0.61875 0.33125
5 0.8515625 0.69453125 0.296875 0.4296875