5 0.44375 0.3200008233870573 0.0453125 0.08463862041330898
8 0.296875 0.2546875 0.425 0.509375
0 0.6546875 0.490625 0.078125 0.0375
0 0.79140625 0.44258889569396026 0.084375 0.07080337939029935
3 0.78671875 0.49921875 0.0265625 0.0203125
5 0.8390625 0.453125 0.190625 0.1125
1 0.25234375 0.709375 0.5046875 0.334375
4 0.2546875 0.87265625 0.509375 0.2546875
5 0.2546875 0.7546875 0.509375 0.490625
4 0.61015625 0.61484375 0.1203125 0.2109375
4 0.815625 0.63125 0.125 0.24375
5 0.621875 0.7546875 0.196875 0.490625
5 0.81796875 0.7546875 0.2140625 0.490625