0 0.15705381007317848 0.05038738202257802 0.03820907200827239 0.061155668617910844
3 0.09140625 0.00703125 0.0203125 0.0140625
4 0.17136230541849606 0.13874590007475476 0.052780649347544804 0.10498748184962743
4 0.09616176340704205 0.053939108018472924 0.052707924013362994 0.09873748184962743
3 0.15038618674408735 0.08159647540671973 0.012663632001908986 0.014135222872636887
5 0.14612649542485942 0.18547090914994105 0.15229194271163432 0.33211358411256386
5 0.0921875 0.12421875 0.1 0.2484375
5 0.02265625 0.203125 0.0453125 0.40625
4 0.8984375 0.4296875 0.125 0.140625
2 0.8307447540579064 0.32798618295765447 0.04909202800763594 0.05653180113146803
5 0.90234375 0.39140625 0.1953125 0.2171875
8 0.23984375 0.8015625 0.4796875 0.396875
4 0.88359375 0.6390625 0.1453125 0.278125
3 0.915625 0.521875 0.04375 0.04375
5 0.884375 0.75 0.23125 0.5