0 0.17866081030485031 0.032763544786756346 0.01896816861791084 0.03760908430895542
0 0.27863808440715127 0.03725157776785189 0.022074987899751618 0.03450226502711464
7 0.1815130995324618 0.0796567255049156 0.02539088544042354 0.06733294574527389
7 0.2547915182485685 0.10742772238165763 0.05684996369925477 0.10345225292686626
5 0.18295287968488694 0.10075956586399519 0.04164312021691714 0.17523634933607007
5 0.2504807472695255 0.17693624648395856 0.10183625253408275 0.31620678298109556
2 0.69140625 0.115625 0.2640625 0.23125
5 0.7796875 0.2046875 0.440625 0.409375
7 0.52265625 0.534375 0.0734375 0.25
7 0.29413880191703506 0.5924703428931624 0.10780445140261463 0.2678056444174139
3 0.37041547648687423 0.5077549753085239 0.023837475799503148 0.06888635538619425
0 0.38125 0.4546875 0.059375 0.090625
5 0.325 0.7046875 0.171875 0.590625
5 0.49375 0.7046875 0.13125 0.590625