0 0.48828125 0.184375 0.3015625 0.36875
7 0.1171875 0.2046875 0.234375 0.328125
5 0.31953125 0.184375 0.6390625 0.36875
4 0.81953125 0.31171875 0.3609375 0.1140625
1 0.81796875 0.13203125 0.3578125 0.2640625
5 0.81953125 0.184375 0.3609375 0.36875
8 0.3984375 0.62734375 0.48125 0.5171875
8 0.27421875 0.7546875 0.5484375 0.490625
8 0.91875 0.55078125 0.1625 0.3640625
4 0.9319782704880637 0.41837028844204455 0.015761355386194255 0.02352840359079611
2 0.9295208909995685 0.3988254029034251 0.007857951795397966 0.007857951795398143
5 0.9327186138722053 0.4113435836215844 0.02834316861791102 0.03766362646343313