0 0.2234375 0.334375 0.446875 0.66875
5 0.090625 0.334375 0.18125 0.66875
9 0.7165901407049808 0.4625 0.23698289129415606 0.1796875
9 0.5859375 0.45234375 0.053125 0.1046875
0 0.8909805657657994 0.2234375 0.0678238251355733 0.109375
3 0.9209044151018695 0.2640625 0.02539997579950324 0.06875
0 0.9747924843837101 0.2609375 0.03312157220870695 0.053125
7 0.9630742552645574 0.3953125 0.06826016237139498 0.184375
7 0.9079918455254411 0.46171875 0.1330953428931622 0.3171875
5 0.9046875 0.3671875 0.16875 0.603125
5 0.9484375 0.415625 0.103125 0.50625
5 0.15625 0.7546875 0.3125 0.171875
5 0.2875 0.75859375 0.259375 0.1796875
5 0.2484375 0.9140625 0.284375 0.171875
5 0.1546875 0.90625 0.309375 0.1875
7 0.14609375 0.9328125 0.2703125 0.134375
7 0.2984375 0.94140625 0.13125 0.1171875
7 0.309375 0.725 0.11875 0.1125
7 0.15859375 0.72421875 0.2484375 0.1109375
0 0.06328125 0.78359375 0.1265625 0.0734375
0 0.22606357201231528 0.790625 0.12861587939029934 0.084375
0 0.21870104478675634 0.86796875 0.13335792154477702 0.09375
0 0.065625 0.86171875 0.13125 0.0921875