8 0.11015625 0.296875 0.2203125 0.40625
2 0.803125 0.06796875 0.39375 0.1359375
3 0.76015625 0.246875 0.3828125 0.278125
4 0.784375 0.37109375 0.43125 0.2578125
5 0.784375 0.25 0.43125 0.5
7 0.1609375 0.60859375 0.178125 0.2171875
5 0.14453125 0.75 0.2890625 0.5
8 0.91171875 0.7015625 0.1765625 0.20625
8 0.70078125 0.77734375 0.2640625 0.4453125
7 0.95 0.7684349627172962 0.0109375 0.014126132513557366
5 0.94921875 0.7645241675377563 0.015625 0.02196590359079611
8 0.95078125 0.7859375 0.0984375 0.115625
2 0.65859375 0.8448646107489474 0.009375 0.010992042154477844
5 0.6546875 0.8565606348512483 0.0234375 0.039198855386194255