8 0.24453125 0.2296875 0.4890625 0.459375
5 0.32890625 0.240625 0.3203125 0.4375
7 0.4234375 0.3640625 0.13125 0.190625
3 0.47734375 0.20234375 0.0234375 0.0484375
2 0.47890625 0.10859375 0.0203125 0.1265625
3 0.66875 0.31015625 0.359375 0.2984375
2 0.70390625 0.06484375 0.4296875 0.1296875
4 0.74453125 0.37578125 0.5109375 0.1671875
5 0.74453125 0.2296875 0.5109375 0.459375
7 0.390625 0.6140625 0.1875 0.309375
5 0.30078125 0.7296875 0.3765625 0.540625
1 0.74453125 0.6328125 0.5109375 0.346875
4 0.74453125 0.884375 0.5109375 0.23125
5 0.74453125 0.7296875 0.5109375 0.540625