5 0.44296875 0.23125 0.1328125 0.4625
8 0.17890625 0.62109375 0.3578125 0.1828125
8 0.2546875 0.76484375 0.509375 0.4703125
0 0.7644317013044187 0.643552616504484 0.08314884328594578 0.058294289031219824
0 0.534375 0.60703125 0.05 0.0640625
0 0.8808697675611974 0.6496985982559156 0.03608294574527378 0.02520907825883114
0 0.8144635175611974 0.6493122579950319 0.04546703610435365 0.026826120413308986
0 0.8346987495090208 0.6361491826630667 0.028234084308955333 0.018913626463433177
1 0.8817510115110732 0.6668906434354553 0.01726931323171641 0.01416249394987581
3 0.8145862374087723 0.6704060079950318 0.01414431323171641 0.014144313231716587
3 0.7420027102814093 0.6824833062978296 0.040779536104353656 0.026798849336070064
3 0.5171875 0.64609375 0.015625 0.0265625
7 0.53125 0.728125 0.04375 0.18125
7 0.758986198082965 0.7817975050681656 0.17302038524403188 0.19787493949875792
7 0.8662623668972674 0.6902372398446592 0.051935204722264317 0.06436248184962742
4 0.83573452956325 0.6799037278426067 0.02520907825883114 0.03608294574527378
4 0.813241906026683 0.7078969176359522 0.06918633723582168 0.07539997579950324
5 0.98671875 0.7734375 0.0265625 0.1875
5 0.8727078096174793 0.7238673512809777 0.10107266237139498 0.18495678298109547
5 0.8242339481811609 0.7173355501495096 0.07763516237139498 0.1848204275949012
5 0.8161896440246306 0.6774463483541113 0.05983860831306061 0.0800329336450254
5 0.7546875 0.80390625 0.25 0.3921875
5 0.5390625 0.7828125 0.059375 0.434375