8 0.4296875 0.0390625 0.21875 0.078125
5 0.07265625 0.21573110177195698 0.0171875 0.04072499394987581
8 0.14921875 0.1794577793668582 0.146875 0.26335449375348396
8 0.221875 0.24453125 0.44375 0.4890625
7 0.8046875 0.24453125 0.390625 0.4890625
5 0.8046875 0.24453125 0.390625 0.4890625
9 0.1515625 0.58125 0.171875 0.184375
2 0.46171875 0.5328125 0.2953125 0.0875
3 0.30859375 0.54375 0.1109375 0.109375
3 0.53828125 0.703125 0.1421875 0.1875
4 0.35703125 0.759375 0.3390625 0.48125
4 0.06796875 0.8 0.1359375 0.4
5 0.0921875 0.74453125 0.184375 0.5109375
5 0.4640625 0.74453125 0.290625 0.5109375
5 0.16640625 0.5875 0.1859375 0.196875
5 0.3734375 0.74453125 0.471875 0.5109375
8 0.8046875 0.74453125 0.390625 0.5109375