0 0.090625 0.0703125 0.18125 0.140625
3 0.09875864510478509 0.20548342730031371 0.06917724687674198 0.07383747579950324
7 0.17109375 0.38203125 0.3421875 0.4953125
5 0.196875 0.31484375 0.39375 0.6296875
0 0.7890625 0.0859375 0.159375 0.171875
5 0.83203125 0.31484375 0.2453125 0.6296875
9 0.26484375 0.8484375 0.5296875 0.303125
9 0.659375 0.87421875 0.1 0.2515625
7 0.459375 0.90078125 0.303125 0.1984375
3 0.3964739824388026 0.8189157099868216 0.0645261083130606 0.08006020472226431
0 0.4015625 0.7 0.146875 0.140625
5 0.41796875 0.81484375 0.5046875 0.3703125
8 0.8546875 0.81484375 0.290625 0.3703125