7 0.38111747139558805 0.1523958304983264 0.022402258672817865 0.045439765027114734
5 0.39487143606776964 0.19309809855050322 0.06479084802672616 0.1972386143631848
8 0.26484375 0.24453125 0.5296875 0.4890625
6 0.06046062074313284 0.8012857649289188 0.033557934675363235 0.0642533975406721
6 0.22741231074949617 0.849128888170898 0.04658519334818116 0.10963862041330899
6 0.2313361947405875 0.783531159248137 0.025727253341817757 0.06264544574527378
6 0.3420918814051331 0.7685515747427898 0.028906797342454115 0.06735112646343318
6 0.4287197247374058 0.7612435896717086 0.028834072008272215 0.06110112646343317
4 0.2674282360757238 0.7970214875069681 0.036592028007635946 0.05645907825883114
2 0.26841802406904225 0.7478118278660478 0.019022720003181705 0.023546584308955332
5 0.27366005474217836 0.7954953489432866 0.07338405068427196 0.1301056565176623
1 0.7174549607335878 0.7979072766363837 0.1233658693507266 0.1288340480082101
2 0.75234375 0.5046875 0.0859375 0.03125
3 0.7938612773710891 0.5835225897699045 0.045839758672817865 0.04557612041330881
3 0.8959344967377241 0.82941232757146 0.07905224801081764 0.08014201795398099
2 0.8896737640435889 0.627045851673761 0.18919086401972623 0.14640334308955402
2 0.7238669507081344 0.6104572736113216 0.13444882001909003 0.14139768052176754
4 0.90546875 0.91328125 0.1890625 0.1734375
4 0.7390625 0.91953125 0.278125 0.1609375
5 0.59296875 0.74453125 0.1265625 0.5109375
5 0.76171875 0.56328125 0.1140625 0.1484375
5 0.7203125 0.76484375 0.38125 0.4703125
5 0.8390625 0.74765625 0.321875 0.5046875