8 0.5078125 0.53359375 0.121875 0.2515625
8 0.284375 0.428125 0.56875 0.4625
8 0.084375 0.45234375 0.16875 0.4140625
5 0.60546875 0.3296875 0.0734375 0.659375
4 0.35696515583029137 0.7712094630118838 0.20727721057599685 0.17776242739850961
0 0.321875 0.671875 0.115625 0.025
5 0.34140625 0.8296875 0.3046875 0.340625
5 0.59609375 0.9171875 0.0546875 0.165625
5 0.72421875 0.903125 0.0921875 0.19375
4 0.7313879180287357 0.8751520744482022 0.0363011143631848 0.06270907825883114
3 0.7202686108471432 0.8438384419346449 0.004732951795397966 0.007839771077238922
0 0.7224896409995685 0.8227583274732643 0.022011355386194253 0.023564765027114732