9 0.22890625 0.3 0.4578125 0.6
7 0.5234375 0.3484375 0.190625 0.503125
5 0.515625 0.3 0.20625 0.6
3 0.57265625 0.08575427292395058 0.0671875 0.07226588544042353
4 0.721875 0.3122844357863248 0.11875 0.28506586729005096
5 0.7234375 0.315625 0.209375 0.56875
1 0.69609375 0.1636969448615111 0.0234375 0.048573855386194256
0 0.69765625 0.0847997852205907 0.084375 0.08017837939029934
2 0.21796875 0.8296875 0.4359375 0.134375
5 0.309375 0.8640625 0.61875 0.271875
0 0.90859375 0.840625 0.1828125 0.31875
5 0.809375 0.8375 0.38125 0.325