9 0.19202179001317835 0.3921875 0.02518180718159222 0.03125
9 0.3875 0.353125 0.04375 0.0875
9 0.059141112320081214 0.40390625 0.022038626463433176 0.028125
5 0.58359375 0.08984375 0.3484375 0.1796875
4 0.5640625 0.02265625 0.246875 0.0453125
3 0.5146270012765461 0.55390625 0.11586134933607006 0.040625
4 0.5674161788714475 0.47734375 0.26675220452587267 0.19375
5 0.7046875 0.303125 0.590625 0.571875
8 0.7046875 0.7859375 0.590625 0.39375
7 0.61171875 0.75078125 0.2921875 0.3234375
7 0.6393563740275462 0.78671875 0.3169431020665446 0.2265625
7 0.7078125 0.64296875 0.115625 0.1078125
5 0.72421875 0.64609375 0.1390625 0.1140625
5 0.7914955909482547 0.821875 0.10305331888905718 0.25625
5 0.5859375 0.79453125 0.353125 0.4109375