8 0.0328125 0.2765625 0.065625 0.325
8 0.140625 0.34453125 0.28125 0.6890625
9 0.1440529643866258 0.0984355592246958 0.022229524004105095 0.061064765027114644
9 0.11279387402754626 0.09981625204310349 0.0535704275949012 0.07687157220870695
8 0.2998626028521116 0.04074629995311776 0.03466589149054755 0.05019998789975162
9 0.2577932775201465 0.020188360257968087 0.015743174668035032 0.02040340359079611
9 0.2437035064429077 0.024794047026251542 0.015752265027114732 0.0219659035907962
7 0.528125 0.12265625 0.140625 0.2453125
0 0.525 0.03515625 0.0875 0.0703125
5 0.51015625 0.26796875 0.1953125 0.5359375
2 0.03671875 0.73046875 0.0734375 0.0828125
5 0.27109375 0.84453125 0.0953125 0.3109375
5 0.13984375 0.84453125 0.2796875 0.3109375
9 0.159375 0.84453125 0.31875 0.3109375