7 0.9203125 0.06875 0.159375 0.1375
5 0.8984375 0.12421875 0.203125 0.2484375
8 0.47265625 0.0734375 0.2453125 0.146875
0 0.015625 0.5796875 0.03125 0.10625
0 0.14453125 0.61953125 0.0671875 0.0953125
7 0.2 0.79765625 0.1265625 0.271875
7 0.02734375 0.80390625 0.0546875 0.3046875
3 0.15703125 0.696875 0.0328125 0.034375
3 0.01171875 0.6578125 0.0234375 0.0375
5 0.05625 0.7609375 0.1125 0.478125
5 0.21015625 0.78203125 0.2015625 0.4359375
6 0.60703125 0.7375 0.0328125 0.0484375
9 0.90625 0.6484375 0.1875 0.359375
9 0.49765625 0.734375 0.2953125 0.53125