0 0.06680726756119744 0.02528738807270221 0.020539758976990452 0.03918067466803503
0 0.37456120110802704 0.15129239363184704 0.026807939695149587 0.04234203610435365
0 0.22852199326250472 0.15981744505790285 0.02051248789975162 0.03449317466803503
4 0.2122884600850175 0.18940949628756681 0.02218407220870695 0.053252265027114734
4 0.3709731136758137 0.20595716773414807 0.0457761083130606 0.07995112041330898
4 0.5185879361791083 0.06541450184671174 0.036492011903856716 0.09552157825883115
4 0.16015625 0.0859375 0.0828125 0.171875
4 0.04913395423128501 0.07596409894328664 0.017432939695149675 0.04228749394987581
5 0.21925153239192036 0.1777316529034251 0.03791815651766246 0.07209316861791085
5 0.3670804992144331 0.208278191836449 0.07748971662612103 0.1598204275949012
5 0.50703125 0.128125 0.0640625 0.25625
3 0.5073731802271799 0.01769461933315437 0.011046584308955332 0.018813632513557367
3 0.37164982454639806 0.18799296291368783 0.01259999394987581 0.01726022287263689
3 0.1875 0.00390625 0.025 0.0078125
5 0.16171875 0.24375 0.1484375 0.4875
5 0.05843623135864808 0.06351864109776431 0.036619276930971265 0.11739657825883114
5 0.03671875 0.25703125 0.0734375 0.5140625
7 0.02734375 0.1125 0.0546875 0.225
8 0.81015625 0.28828125 0.3015625 0.5421875
7 0.28046875 0.590625 0.0359375 0.0625
5 0.25859375 0.634375 0.0859375 0.15
8 0.3296875 0.7796875 0.659375 0.440625
8 0.74921875 0.89609375 0.1796875 0.2078125