0 0.15 0.096875 0.08125 0.109375
0 0.025 0.17421875 0.05 0.0984375
7 0.21328125 0.23828125 0.1484375 0.1609375
3 0.02109375 0.253125 0.0328125 0.0359375
3 0.15546875 0.178125 0.0296875 0.0390625
5 0.22265625 0.175 0.2453125 0.2875
5 0.075 0.221875 0.15 0.19375
2 0.43984375 0.221875 0.0640625 0.05625
2 0.5609375 0.15625 0.05625 0.0578125
2 0.65 0.11171875 0.065625 0.05625
2 0.76875 0.2625 0.05625 0.0609375
0 0.7984375 0.07109375 0.084375 0.0875
0 0.9765625 0.0328125 0.046875 0.065625
3 0.9875 0.1265625 0.025 0.046875
3 0.8171875 0.16796875 0.046875 0.0546875
3 0.665625 0.21640625 0.0375 0.0484375
3 0.57890625 0.26640625 0.0484375 0.05625
3 0.46328125 0.31328125 0.0453125 0.0109375
4 0.696875 0.28203125 0.146875 0.0734375
7 0.846875 0.2453125 0.171875 0.146875
5 0.4921875 0.25078125 0.246875 0.1359375
5 0.6015625 0.21875 0.253125 0.2
5 0.70546875 0.1953125 0.2515625 0.246875
5 0.86640625 0.16640625 0.2671875 0.3046875
6 0.21171875 0.72109375 0.0359375 0.0484375
8 0.715625 0.659375 0.56875 0.68125
0 0.934375 0.38828125 0.0296875 0.0265625
7 0.94375 0.44296875 0.071875 0.05625
5 0.92890625 0.43359375 0.109375 0.121875