7 0.32823110177195697 0.2251424632082754 0.026835210772388506 0.047029536104353474
5 0.3104941559284873 0.2648816740788599 0.08398515632127079 0.20204428903121965
8 0.325 0.309375 0.65 0.61875
6 0.9661669181269315 0.29339703863843625 0.02522725897699054 0.039207945745273864
6 0.8255646440246306 0.2964851563212707 0.02366475897699054 0.039198855386194255
6 0.746694755460949 0.30227609318775 0.01738748789975162 0.03447499394987581
6 0.7434879422292324 0.28819541246959074 0.014253397540672097 0.032894313231716585
6 0.8206953368430382 0.2652078852440319 0.012663626463433175 0.028197722872636888
6 0.8776265928931624 0.2483521833504379 0.014217036104353653 0.026644313231716586
6 0.6734375 0.45859375 0.046875 0.0953125
6 0.6583316922292324 0.2876999878997516 0.011110216822512698 0.029751132513557366
6 0.6645589663315334 0.28383009933607006 0.011110216822512698 0.029751132513557366
6 0.6708862343837102 0.2971477107723885 0.011082945745273954 0.025063632513557366
6 0.916602734481906 0.23373569232742836 0.01418976502711473 0.02195681323171659
6 0.9017089875069682 0.22505558391617195 0.00791249394987581 0.017232951795398056
9 0.89375 0.4859375 0.2125 0.265625
9 0.8992152465821543 0.19926069837755253 0.03619203005422946 0.04395907825883123
8 0.296875 0.83515625 0.453125 0.3296875
5 0.825 0.8703125 0.35 0.259375