7 0.15859375 0.05390625 0.1796875 0.1078125
5 0.13046875 0.15703125 0.2609375 0.3140625
8 0.709375 0.234375 0.58125 0.46875
4 0.8409767992918656 0.24382798460377558 0.020894302673454136 0.050236357336090796
5 0.8563654419557748 0.2639586712683212 0.06540791868236298 0.1163704346753633
1 0.096875 0.48125 0.028125 0.025
1 0.15527401460059392 0.730284747294729 0.07719884667409058 0.05557838534372692
4 0.08125 0.7 0.1625 0.378125
5 0.1234375 0.5015625 0.10625 0.065625
5 0.17890625 0.73515625 0.3578125 0.5296875
5 0.2828125 0.734375 0.271875 0.53125
2 0.17181771928709302 0.5840182746260473 0.13481244668999892 0.17342041335136288