1 0.12109375 0.45078125 0.2421875 0.1359375
8 0.70390625 0.259375 0.5921875 0.51875
2 0.421875 0.0665307826225475 0.046875 0.0677329400063634
2 0.64921875 0.08966664859168527 0.0390625 0.030142033338636142
2 0.76328125 0.3305269112428678 0.059375 0.04287839067472685
3 0.64921875 0.11622914859168527 0.021875 0.01900453866963625
3 0.76796875 0.3796911172422314 0.0171875 0.020512494668999893
4 0.81484375 0.4127394272358681 0.0796875 0.11030224801081764
4 0.6734375 0.17532233792173085 0.05625 0.10221702800763595
4 0.44609375 0.01328125 0.0640625 0.0265625
4 0.41796875 0.1407949859564111 0.096875 0.17143974267981754
5 0.453125 0.23046875 0.16875 0.4140625
5 0.46328125 0.090625 0.1328125 0.18125
5 0.66875 0.2308456319223672 0.18125 0.3349215346912716
5 0.78046875 0.40859375 0.2078125 0.2203125
8 0.22890625 0.89375 0.2796875 0.2125
8 0.05546875 0.92890625 0.1109375 0.1421875
8 0.66015625 0.715625 0.5828125 0.39375