1 0.33872615671405415 0.05652375253408278 0.0659886143631847 0.06288179508134395
1 0.5530472110669761 0.1476174269075302 0.06899543969514958 0.04258747579950319
1 0.9219426568122501 0.12476275165032 0.04871930113146803 0.04871930113146816
1 0.9126580395221989 0.24346275467538211 0.06125566256778683 0.05504202400410509
1 0.96875 0.4015625 0.0625 0.065625
1 0.28046875 0.25 0.0609375 0.06875
1 0.5241449853656688 0.2810475504440971 0.0753545240041051 0.06137383723582168
1 0.5294177717646099 0.44905266188041554 0.06599770472226432 0.06444429508134383
1 0.27109375 0.49765625 0.0421875 0.0734375
1 0.6805212086310892 0.5288406767111384 0.05345225292686635 0.05655907220870695
1 0.7201478317748726 0.2978133905085891 0.06602497579950324 0.06913179508134393
1 0.8216603347999347 0.3069980138487643 0.07701701795398072 0.0785704275949013
2 0.9671875 0.30859375 0.065625 0.0953125
2 0.9309000211754348 0.062312748625257895 0.06903180113146803 0.04883747579950317
2 0.9123040363989411 0.1700207094958423 0.06748748184962743 0.051953385440423536
2 0.8276608708060923 0.21562358010554292 0.0800511143631848 0.06296360831306051
2 0.727669961165172 0.21347929712444738 0.08002384328594588 0.058276108313060515
2 0.6826245849963264 0.43588101707021815 0.0880363311856975 0.09269656010845857
2 0.5714295724050988 0.07662821603694582 0.08948974687674216 0.0739556504675382
2 0.346875 0.00234375 0.071875 0.0046875
2 0.2875 0.159375 0.075 0.06875
2 0.3000029825369984 0.40084137909571177 0.09729315651766246 0.07243860226293623
2 0.5322887625912277 0.358441297419035 0.07850679508134402 0.0660795179539809
2 0.5457432502945876 0.19445152029167195 0.09420451795398091 0.07867042154477702
4 0.334375 0.20390625 0.16875 0.2671875
4 0.6010211027539156 0.22758672803899835 0.06177381303532492 0.1441045240041051
4 0.41953125 0.05 0.0921875 0.1
4 0.5875 0.0734375 0.146875 0.146875
4 0.737663105582586 0.10728383927892511 0.14015334308955402 0.18830904195808595
4 0.9011796631569619 0.3363678721618248 0.10553290339440444 0.14592155405833437
4 0.93046875 0.484375 0.1390625 0.15
4 0.80546875 0.44921875 0.2078125 0.2203125
4 0.675938768641352 0.3764651104543598 0.10384313836728971 0.12403746369925468
5 0.41953125 0.09140625 0.1109375 0.1828125
5 0.28203125 0.06015625 0.0640625 0.1203125
5 0.35859375 0.18984375 0.2171875 0.3796875
5 0.3203125 0.3359375 0.140625 0.446875
5 0.4921875 0.43671875 0.246875 0.2453125
5 0.5046875 0.34921875 0.271875 0.4203125
5 0.5535284792173487 0.19918447208707005 0.22223965612487895 0.3325317406302261
5 0.57109375 0.10859375 0.2203125 0.2171875
5 0.7342881207078966 0.15023440856076586 0.22193967427525152 0.2809692406302261
5 0.7050222806434044 0.3461645320973328 0.19721238504764002 0.3276987948849522
5 0.68046875 0.46953125 0.2921875 0.1796875
5 0.90546875 0.4046875 0.1890625 0.309375
5 0.8 0.36640625 0.26875 0.3859375
5 0.9054222564429077 0.2785780980595238 0.14540444535249045 0.2852113130353248
5 0.8626994670189043 0.10176106800529452 0.08212267447164337 0.15047269867214014
5 0.91484375 0.16171875 0.1703125 0.2578125
5 0.990625 0.08671875 0.01875 0.0921875
5 0.99140625 0.17421875 0.0171875 0.2640625
8 0.33055704918656054 0.748802156124879 0.03943520472226432 0.06428975897699055
6 0.2677434317983137 0.8023447917616942 0.006340903590796199 0.015661361436318445
6 0.2515625 0.878125 0.003125 0.021875
5 0.8909082210259252 0.8528468450344617 0.00791249394987581 0.017232951795397966
0 0.7259190252806513 0.876887812151562 0.004705680718159399 0.0031522710772389217
7 0.7258690283057134 0.8854815621515619 0.0063045421544778435 0.009411361436318443
5 0.7242838024080144 0.8893787217924825 0.007976126463433176 0.028170451795397965
0 0.6519770103517326 0.96317931527482 0.004714771077238921 0.004714771077238921
5 0.6487611067609363 0.9787861345566607 0.011146578258831141 0.03600113251355737
0 0.5140625 0.99765625 0.00625 0.0046875
0 0.48671875 0.99921875 0.0046875 0.0015625
5 0.3034945794371816 0.8345851200205254 0.011082945745273864 0.025063632513557366
0 0.37008263661877394 0.8037214602814092 0.004705680718159222 0.0031522710772389217
5 0.3692559348233758 0.8115294151018695 0.01104658430895542 0.018813632513557367
6 0.27548775410521664 0.8141089935570923 0.0063227228726368875 0.012536361436318444
7 0.27960308236404785 0.7781942194547914 0.006295451795398144 0.007848861436318444
5 0.27958035646634877 0.7821004694547914 0.009493174668035032 0.020367042154477665
8 0.7843814859548439 0.7655054054375079 0.01414431323171641 0.014144313231716587
7 0.6251650463578902 0.8716139839909267 0.007876132513557366 0.010982951795397966
5 0.6235570945624921 0.8794173936318472 0.01428066861791084 0.03758181323171641
7 0.5618019831261736 0.8853083244482022 0.007876132513557366 0.010982951795397966
5 0.5602122120489348 0.8899867340891225 0.011101126463433175 0.028188632513557365
8 0.26015625 0.7609375 0.0203125 0.0375
9 0.28529454616149846 0.7399447857115701 0.025127265027114643 0.022020445745273953
9 0.3039309166730032 0.7595851200205255 0.028270445745273865 0.025163626463433175
7 0.4891730042034125 0.880198122751 0.004742042154477666 0.009402271077238922
5 0.4891684590238727 0.880979372751 0.007921584308955332 0.018795451795397967