7 0.16640625 0.16686322961013217 0.021875 0.04387726502711473
5 0.15234375 0.20444504284184878 0.065625 0.18788179508134384
8 0.184375 0.36484375 0.36875 0.7296875
8 0.640625 0.12265625 0.471875 0.2453125
6 0.27265625 0.86484375 0.1921875 0.2703125
2 0.1890625 0.8764422418085764 0.084375 0.08642837939029917
5 0.17890625 0.9125 0.3484375 0.175
0 0.6625 0.7612995517206433 0.0390625 0.061164758976990544
4 0.66015625 0.8488131872592628 0.0546875 0.10500566256778673
4 0.6015625 0.7671875 0.053125 0.075
4 0.42890625 0.83203125 0.0921875 0.2046875
3 0.65 0.7894972745932802 0.0125 0.014135222872636887
5 0.6265625 0.86484375 0.15625 0.2703125
5 0.590625 0.83828125 0.10625 0.2171875
5 0.453125 0.86484375 0.16875 0.2703125