7 0.34921875 0.2453125 0.2703125 0.2875
3 0.3175379997054124 0.11953125 0.04259656615858276 0.0703125
0 0.2875 0.06015625 0.109375 0.1203125
5 0.321875 0.19453125 0.334375 0.3890625
6 0.8847634237842723 0.26640625 0.1482021924256241 0.228125
6 0.7421875 0.1359375 0.203125 0.271875
3 0.29296875 0.8515625 0.3921875 0.296875
2 0.24453125 0.4953125 0.4890625 0.2125
4 0.24453125 0.92734375 0.4890625 0.1453125
5 0.24453125 0.69453125 0.4890625 0.6109375
8 0.7453125 0.69453125 0.509375 0.6109375
8 0.678125 0.84609375 0.378125 0.3078125