1 0.146875 0.0328125 0.03125 0.059375
0 0.1515625 0.0109375 0.053125 0.021875
0 0.3390625 0.01015625 0.05 0.0203125
7 0.2640625 0.0171875 0.090625 0.034375
7 0.39375 0.1140625 0.103125 0.221875
7 0.07734375 0.1 0.1171875 0.2
7 0.0453125 0.0625 0.090625 0.125
5 0.05 0.18046875 0.1 0.3609375
5 0.0890625 0.209375 0.178125 0.41875
5 0.22265625 0.01796875 0.0609375 0.0359375
5 0.25703125 0.02265625 0.1234375 0.0453125
5 0.36953125 0.19765625 0.1609375 0.3953125
6 0.784375 0.209375 0.25 0.41875
1 0.16796875 0.86640625 0.3359375 0.2390625
0 0.19453125 0.60703125 0.3890625 0.1859375
5 0.3296875 0.74921875 0.659375 0.5015625
8 0.8296875 0.709375 0.340625 0.58125