5 0.209375 0.2796875 0.41875 0.559375
0 0.871875 0.09765625 0.25625 0.1515625
3 0.8487364400879331 0.2015625 0.11914088544042371 0.0671875
4 0.8390625 0.378125 0.321875 0.359375
5 0.709375 0.2796875 0.58125 0.559375
5 0.4140625 0.8515625 0.009375 0.084375
9 0.0390625 0.5671875 0.0125 0.015625
9 0.0442807442444634 0.57421875 0.015743174668035032 0.0203125
9 0.0640625 0.56171875 0.009375 0.0046875
9 0.065625 0.56640625 0.0125 0.0140625
9 0.055913135833207006 0.5890625 0.017314765027114643 0.021875
8 0.26171875 0.89375 0.2203125 0.2125
8 0.209375 0.7796875 0.41875 0.440625
5 0.5875 0.85625 0.275 0.2875