3 0.03297806723873729 0.36957111485416405 0.012663626463433175 0.028197722872636888
0 0.045550790111374265 0.35699839198152705 0.023710210772388506 0.047011355386194255
7 0.021875 0.4015625 0.04375 0.125
5 0.04296875 0.478125 0.0859375 0.290625
7 0.16328125 0.03984375 0.0484375 0.0796875
5 0.16875 0.11171875 0.0875 0.2234375
7 0.43671875 0.021875 0.0546875 0.04375
5 0.4421875 0.08359375 0.09375 0.1671875
8 0.83984375 0.15 0.3203125 0.3
8 0.83984375 0.38046875 0.3203125 0.4984375
4 0.7789552052132437 0.05279163925105257 0.011073855386194254 0.023501132513557364
2 0.775939289522199 0.03405981996921179 0.006286361436318444 0.006286361436318444
5 0.7797591811109428 0.04888084407151276 0.022111349336070063 0.04075226502711464
4 0.49921875 0.8046875 0.2296875 0.35
5 0.46953125 0.81484375 0.2984375 0.3703125
8 0.83984375 0.85 0.3203125 0.3
0 0.9826786062699571 0.9882337146812133 0.007839771077238922 0.004732951795397966
7 0.9828125 0.99375 0.015625 0.0125
5 0.9859375 0.99140625 0.021875 0.0171875