7 0.97734375 0.28515625 0.0453125 0.1484375
1 0.981947874125742 0.2040490913410383 0.023655668617910665 0.037636355386194253
1 0.4368358829063408 0.03847617183936465 0.025145445745273953 0.025145445745273866
1 0.46741826239483597 0.018767659837312146 0.02668976502711473 0.022029536104353476
1 0.6938944039835796 0.032293307770767575 0.028270445745273952 0.025163626463433175
1 0.555317717313492 0.08387905454931373 0.026707945745273954 0.025154536104353475
1 0.6610586572050334 0.17076091013189973 0.036137487899751616 0.03458407825883114
1 0.8834381721339521 0.082751329142594 0.0376908975406721 0.03303066861791084
2 0.425 0.01015625 0.046875 0.0203125
2 0.5516296359314029 0.04640178044701275 0.06279089149054773 0.050363614363184706
2 0.6637751119272978 0.10668477459328027 0.08790906615858277 0.07082156010845857
2 0.89453125 0.02734375 0.0765625 0.0546875
4 0.8877075156162899 0.15459905806535512 0.08985336123992696 0.1364556504675382
4 0.7161779492613153 0.09622399756411308 0.07723518657189174 0.1160704275949013
4 0.6089507356602564 0.2648108919815271 0.10893061416679295 0.1928147347764936
4 0.5937762293155446 0.05318759075186308 0.05833065046753827 0.08939884328594587
4 0.5260296722321481 0.14967222619228665 0.07113063231716552 0.14103406615858277
4 0.5572483768562166 0.020588714190234114 0.03608294574527395 0.02520907825883114
4 0.4608410094679698 0.07505402127363059 0.0645806504675381 0.08943520472226432
4 0.40762056069763375 0.09176934348233759 0.06461701190385671 0.09568520472226431
5 0.3703125 0.05546875 0.034375 0.1109375
5 0.39609375 0.00859375 0.0328125 0.0171875
5 0.41484375 0.2046875 0.1296875 0.409375
5 0.45703125 0.18984375 0.1234375 0.3796875
5 0.509150723560008 0.23101767496262263 0.1430793969514969 0.42269313231716554
5 0.55234375 0.01171875 0.0609375 0.0234375
5 0.60546875 0.04765625 0.0984375 0.0953125
5 0.6359375 0.259375 0.209375 0.4
5 0.721875 0.10390625 0.153125 0.2078125
5 0.76796875 0.0203125 0.0484375 0.040625
5 0.8953125 0.14140625 0.1625 0.2828125
5 0.9671875 0.296875 0.065625 0.325
0 0.98828125 0.15546875 0.0234375 0.0578125
3 0.334375 0.725 0.03125 0.05625
0 0.3328125 0.65 0.034375 0.090625
7 0.296875 0.87734375 0.10625 0.2453125
5 0.25390625 0.7984375 0.1921875 0.403125
6 0.5851774132551577 0.7961734797083281 0.21699764422102225 0.23719196955298721
6 0.99140625 0.646875 0.0171875 0.065625
6 0.9602006600337039 0.6557150887087596 0.051935204722264317 0.06436248184962742
6 0.8836290696746243 0.6577230163036609 0.07398292154477701 0.09417724687674198
6 0.8406148678792261 0.6657855011783503 0.08651928298109546 0.10049996974937905
6 0.7983319191088901 0.6824371908735001 0.11470791549465283 0.11160109621281204
6 0.7340194342342007 0.7257786455957644 0.17280221662612102 0.16037493949875808
5 0.5781653857350111 0.524348476683266 0.051944295081343836 0.06592498184962743
4 0.582857430914551 0.5235399556060271 0.03453862646343318 0.02832498789975162