7 0.23125 0.19986111744108595 0.2484375 0.30914083203372567
3 0.240625 0.06012645544235862 0.0390625 0.06451703333863615
0 0.23515625 0.02890625 0.0984375 0.0578125
5 0.18984375 0.26484375 0.3703125 0.5296875
8 0.45390625 0.1734375 0.0703125 0.275
8 0.675 0.33948504941117824 0.3140625 0.24584194804263432
9 0.26484375 0.9162549927195884 0.103125 0.09182496801399935
9 0.3578125 0.934375 0.121875 0.13125
0 0.3875 0.7067447274029058 0.0625 0.07572725334181776
7 0.35625 0.8890625 0.125 0.221875
5 0.3296875 0.78984375 0.178125 0.4203125
5 0.709375 0.76484375 0.58125 0.4703125
4 0.709375 0.8796875 0.58125 0.240625
1 0.5484375 0.69765625 0.259375 0.2046875