0 0.37050846360105893 0.14177232601933604 0.07089428298109546 0.10040906615858276
7 0.31640625 0.303125 0.1296875 0.23125
3 0.3600482074527388 0.22386720853289335 0.03302157825883114 0.03612839754067201
5 0.30703125 0.25234375 0.2046875 0.3328125
1 0.51484375 0.1578125 0.2109375 0.3
4 0.7046875 0.340625 0.590625 0.15625
5 0.7046875 0.209375 0.590625 0.41875
8 0.9203125 0.8546875 0.159375 0.290625
8 0.7046875 0.7375 0.590625 0.525
2 0.7593311108471432 0.7384478590004315 0.011019313231716588 0.014126132513557366
4 0.7533038246445939 0.77676547043675 0.020557939695149584 0.04230567466803503
5 0.7642276891059745 0.7743580879231928 0.04583065046753827 0.08932612041330908
3 0.7609890596174793 0.7548450186413519 0.009438632513557366 0.010992042154477666