1 0.28600269515609866 0.2277911183702054 0.11047493344863372 0.1896988251355733
2 0.175 0.0671875 0.20625 0.134375
4 0.28203125 0.4828125 0.3296875 0.334375
5 0.24921875 0.325 0.4203125 0.65
6 0.97421875 0.6296875 0.0328125 0.040625
0 0.7801844872123805 0.342463193309387 0.007848861436318444 0.006295451795397966
0 0.7747475534691592 0.34796375956616565 0.007867042154477666 0.009420451795398143
7 0.7833913004440971 0.3565075125912277 0.009456813231716588 0.014117042154477667
7 0.7771822070599554 0.36357512402754627 0.012627265027114731 0.02194772287263689
5 0.7764055022394952 0.364360919207086 0.017432939695149585 0.04228749394987581
5 0.7873339118804156 0.36273478669352865 0.022165891490547728 0.05012726502711473
8 0.2296875 0.825 0.459375 0.35
8 0.09765625 0.825 0.1953125 0.35
4 0.23910951443793946 0.7942604800029157 0.09909200585373253 0.11307269262201602
2 0.21121125253408285 0.6991070612868089 0.02981476502711473 0.0220477168225127
3 0.22317998740877226 0.7420076335937118 0.026717036104353477 0.026717036104353477
5 0.2392685957218328 0.8216042300029157 0.16730671642972936 0.2900260780624396