7 0.359375 0.0890625 0.109375 0.178125
7 0.1875 0.08515625 0.10625 0.1703125
5 0.36796875 0.27421875 0.1609375 0.5484375
5 0.19921875 0.22734375 0.1515625 0.4546875
8 0.753125 0.40859375 0.246875 0.3828125
4 0.3682313286516147 0.7278274798065238 0.13575673458010193 0.23828177088084698
5 0.30625 0.8 0.378125 0.4
0 0.6953125 0.6109375 0.11875 0.021875
7 0.9421875 0.86953125 0.115625 0.2609375
7 0.7671875 0.8453125 0.275 0.309375
0 0.95625 0.62890625 0.0875 0.0578125
3 0.957965473461812 0.716817256933887 0.051880662567786826 0.05498748184962743
3 0.7010433077707676 0.6995626210024841 0.06911361436318479 0.06289997579950324
5 0.765625 0.8 0.271875 0.4
5 0.9390625 0.8 0.121875 0.4