7 0.346875 0.24609375 0.34375 0.4921875
5 0.35703125 0.2796875 0.3234375 0.559375
0 0.978125 0.14921875 0.04375 0.0453125
0 0.8794111627545869 0.2278484485996394 0.054070429344363194 0.08186816534054522
0 0.807463437420405 0.22243478994272986 0.07761701734563572 0.09151588534372693
0 0.6608606100811326 0.18038474462922896 0.08361247867599957 0.06971361067790874
7 0.6532861094445858 0.40237792329727445 0.16433740937299818 0.29406017735518086
7 0.83046875 0.42421875 0.1578125 0.2703125
7 0.9055753154439493 0.3947541379296851 0.10120106269890741 0.23864542401336308
7 0.984375 0.28125 0.03125 0.175
3 0.98828125 0.196875 0.0234375 0.028125
3 0.6779668414226323 0.24035009062700183 0.02694430800445442 0.03312158267027261
5 0.9671875 0.3390625 0.065625 0.440625
5 0.9015625 0.3671875 0.1375 0.384375
5 0.82734375 0.36640625 0.1921875 0.3859375
5 0.65546875 0.35 0.1953125 0.41875
3 0.2796875 0.96953125 0.071875 0.0609375
2 0.2477878980744511 0.8172842132797753 0.09642156134627218 0.096421561346272
5 0.259375 0.78515625 0.51875 0.4296875
8 0.625 0.7796875 0.2125 0.440625
8 0.81171875 0.79375 0.3765625 0.4125