8 0.76953125 0.22734375 0.3015625 0.4546875
9 0.952736198082965 0.3015625 0.059856789031219645 0.0828125
5 0.521875 0.8515625 0.115625 0.296875
5 0.57265625 0.8265625 0.0921875 0.3125
5 0.4125 0.8484375 0.4125 0.303125
5 0.19296875 0.87890625 0.3859375 0.2421875
2 0.14421867437344743 0.86328125 0.18549311416679296 0.1921875
2 0.3899488100102627 0.80078125 0.17289312021691713 0.175
2 0.48636929205628193 0.72265625 0.017332945745273776 0.025
2 0.5533431686179109 0.6859375 0.020457945745273775 0.025
4 0.5678192799560333 0.75703125 0.053706782981095456 0.1
4 0.5056919846782978 0.82109375 0.05541472872636941 0.125
1 0.4640625 0.9671875 0.153125 0.065625
8 0.92421875 0.934375 0.1515625 0.13125
9 0.8036038064942213 0.95703125 0.07547269867214013 0.08125
8 0.6625 0.8296875 0.0875 0.340625