8 0.51171875 0.20078125 0.2859375 0.4015625
1 0.212932312937129 0.49368935002344116 0.08973518657189175 0.11614315046753809
4 0.2453125 0.80546875 0.246875 0.3890625
5 0.19375 0.709375 0.35 0.58125
0 0.37890625 0.840625 0.0203125 0.040625
0 0.9603310503459014 0.8759821369133615 0.02824317466803521 0.020476126463433175
5 0.9546875 0.93125 0.075 0.1375
5 0.40390625 0.909375 0.0703125 0.18125
4 0.9621889870159889 0.926754296554282 0.056613614363184794 0.06282725292686635
3 0.38137934855050315 0.8715376149523599 0.02510908430895542 0.018895445745273777
4 0.384375 0.93984375 0.03125 0.1109375