0 0.6390625 0.0484375 0.08125 0.096875
3 0.6234375 0.0855804414385406 0.046875 0.08492044000636341
4 0.5859375 0.19765625 0.134375 0.2421875
5 0.565625 0.159375 0.2875 0.31875
8 0.8546875 0.19296875 0.290625 0.2515625
0 0.5859375 0.49030320942072325 0.24375 0.3215862880330894
7 0.2078125 0.60859375 0.415625 0.4609375
3 0.4765625 0.5398117660725421 0.1265625 0.17491018801718106
7 0.18671875 0.9734375 0.3734375 0.053125
5 0.3546875 0.59609375 0.709375 0.5546875
5 0.20078125 0.9328125 0.4015625 0.134375
1 0.93125 0.8015625 0.1375 0.271875
2 0.89296875 0.528125 0.2140625 0.21875
4 0.8546875 0.915625 0.290625 0.16875
5 0.8546875 0.69609375 0.290625 0.6078125