0 0.4703125 0.2046875 0.31875 0.409375
5 0.25390625 0.2046875 0.5078125 0.409375
7 0.0375 0.2046875 0.075 0.409375
4 0.8546875 0.2046875 0.253125 0.409375
0 0.8234375 0.2046875 0.353125 0.409375
9 0.81484375 0.2046875 0.3703125 0.409375
3 0.2234375 0.42578125 0.025 0.0328125
4 0.209375 0.71875 0.215625 0.5625
4 0.53671875 0.775 0.1859375 0.45
0 0.49609375 0.7046875 0.2671875 0.590625
0 0.22109375 0.7046875 0.3359375 0.590625
9 0.31484375 0.7046875 0.6296875 0.590625
2 0.6613441045024315 0.9823712219128222 0.01572499394987581 0.01736931333545435
5 0.66171875 0.98671875 0.0359375 0.0265625