9 0.4651484539306396 0.18241110430603974 0.03789998933799978 0.03459316861791084
9 0.3918836765993213 0.16714010742929766 0.03315794533736351 0.0298783975406721
9 0.4222433385980485 0.1766923694313503 0.03155908267027243 0.02674430718159222
8 0.13307175059677592 0.18438565300162094 0.031649989337999784 0.03455680718159222
9 0.16344959392904873 0.19237541500367356 0.03473862667090888 0.03144998789975162
3 0.10805302192077634 0.2529947524358869 0.009520450668363623 0.012554542154477665
0 0.1051461979233217 0.2342265717177277 0.022274989337999783 0.03450226502711473
5 0.1235683865770496 0.329652701206223 0.06517265603118041 0.2300511143631848
4 0.24691607459423057 0.20379924921443307 0.03037839067472703 0.0595477168225127
0 0.24350072059995762 0.161589023316734 0.017442038669636162 0.021974993949875808
5 0.2534564285885036 0.24602765583029135 0.06324652936027153 0.1987920240041051
8 0.6921875 0.23125 0.40625 0.4625
8 0.5546875 0.38046875 0.13125 0.3578125
9 0.7617427379455934 0.318838962815492 0.06927725867281787 0.04571247579950324
8 0.23671875 0.83203125 0.4734375 0.3359375
8 0.13203125 0.91640625 0.2640625 0.1671875
1 0.68671875 0.6375 0.3953125 0.15625
4 0.74453125 0.79296875 0.5109375 0.4140625
5 0.74453125 0.7796875 0.5109375 0.440625