7 0.00390625 0.17578125 0.0078125 0.0296875
5 0.00703125 0.190625 0.0140625 0.084375
8 0.32265625 0.0234375 0.0765625 0.046875
9 0.29921875 0.024323673416587078 0.028125 0.039389764003817974
9 0.26640625 0.051285615412132744 0.05625 0.07721702800763604
7 0.32265625 0.03006514341976878 0.0109375 0.02043976933481808
5 0.32421875 0.03867707475331419 0.0171875 0.05176249466899989
8 0.17421875 0.27755666673295154 0.2109375 0.336829480028635
5 0.10625 0.39395327872372465 0.0546875 0.09594884667409058
8 0.20546875 0.3 0.4109375 0.6
0 0.7953125 0.28723384810626784 0.028125 0.033139764003817976
0 0.72109375 0.3043389847628592 0.0234375 0.023710220003181702
0 0.659375 0.30987082208781414 0.0125 0.017332950668363534
0 0.671875 0.2936100227561777 0.028125 0.033139764003817976
0 0.6734375 0.3209719540897232 0.0484375 0.04431362133990877
0 0.5859375 0.32386004941117824 0.0265625 0.02687158267027261
0 0.5359375 0.33890324673772404 0.05 0.04745680267345431
0 0.49296875 0.35480951006522427 0.01875 0.020530676002545344
0 0.4796875 0.357779968730088 0.01875 0.020530676002545344
0 0.4484375 0.35585384205917914 0.034375 0.03477498933799979
7 0.43125 0.4078125 0.025 0.084375
7 0.490625 0.4204072380649061 0.046875 0.0755454400063634
7 0.50390625 0.4111867794000424 0.0171875 0.05488749466899989
7 0.57265625 0.40339300807604195 0.0203125 0.0252363573360908
7 0.5984375 0.3974430000795418 0.071875 0.09927384134309047
7 0.65703125 0.38249980008749596 0.0328125 0.09100680800445442
7 0.68671875 0.3703452454248594 0.0640625 0.07418293467536322
7 0.72734375 0.36925546009704097 0.05 0.08495680267345432
7 0.69609375 0.4251418334261321 0.0953125 0.1526715613462722
7 0.55390625 0.4562998320734966 0.1046875 0.1684056493475449
7 0.45859375 0.4375 0.0796875 0.109375
7 0.45078125 0.515625 0.0640625 0.16875
3 0.8 0.30994464210690414 0.009375 0.017296588001272716
7 0.81953125 0.3531406587762222 0.0640625 0.10230793467536321
3 0.72421875 0.33015659742995007 0.0140625 0.014226132001908986
3 0.6734375 0.35847195408972315 0.021875 0.020567038669636162
3 0.58984375 0.35046800274504186 0.015625 0.015806813335454438
3 0.5546875 0.3805276727402694 0.0109375 0.02043976933481808
3 0.496875 0.3751674633990879 0.0078125 0.011028406667727175
3 0.48359375 0.37735667206395157 0.0109375 0.011064769334818082
3 0.4546875 0.38483281739336095 0.01875 0.017405676002545434
0 0.46328125 0.3763390647278609 0.0078125 0.017278406667727352
5 0.434375 0.396875 0.03125 0.15625
5 0.47578125 0.46640625 0.1140625 0.2671875
5 0.49453125 0.44467144139876974 0.0703125 0.2008181600095451
5 0.503125 0.4338339387332697 0.0546875 0.18032384667409057
5 0.56484375 0.4546875 0.1546875 0.290625
5 0.609375 0.43741401941435987 0.10625 0.26686133068109025
5 0.66015625 0.3926924127545869 0.0671875 0.1867192973424542
5 0.67734375 0.34836115742358675 0.0921875 0.15576019867918128
5 0.7328125 0.3833815947644501 0.0765625 0.18839088534372692
5 0.8140625 0.3780770241088132 0.096875 0.22300224267981755
5 0.734375 0.44140625 0.221875 0.3171875
5 0.475 0.4609375 0.1125 0.278125
1 0.3671875 0.67734375 0.103125 0.1546875
5 0.29375 0.8 0.25 0.4
7 0.721875 0.8018032360757237 0.159375 0.2127919960216353
3 0.69765625 0.7148026754057695 0.0375 0.05043635200509069
0 0.68046875 0.6435089307367695 0.059375 0.07412839067472703
5 0.76953125 0.8 0.2390625 0.4