5 0.3140625 0.40703125 0.0875 0.2046875
5 0.4631683306015484 0.39375 0.08695674936345306 0.221875
4 0.2986518446053664 0.365625 0.03025112133990877 0.0484375
4 0.471517179941139 0.34765625 0.035102253341817755 0.0625
0 0.29917910327818437 0.3203125 0.020603401336727157 0.025
3 0.30364842727563895 0.3390625 0.006340906667727353 0.0078125
3 0.4632779659452753 0.3171875 0.004778406667727353 0.0078125
0 0.46665750461491146 0.2953125 0.020585220003181703 0.0234375
1 0.8734375 0.0859375 0.253125 0.171875
4 0.784375 0.3265625 0.43125 0.365625
5 0.784375 0.2546875 0.43125 0.509375
1 0.3125 0.9375 0.5125 0.125
2 0.3078125 0.746875 0.521875 0.178125
5 0.284375 0.82265625 0.56875 0.3546875
1 0.784375 0.91015625 0.43125 0.1796875
2 0.7265625 0.796875 0.315625 0.090625
5 0.784375 0.8671875 0.43125 0.265625