7 0.12109375 0.16701970341340538 0.196875 0.24916584802672617
0 0.03125 0.07890625 0.0625 0.1453125
3 0.03359375 0.14100154873486054 0.0265625 0.03780908267027243
5 0.12578125 0.21796875 0.2515625 0.4234375
4 0.6171875 0.13046875 0.296875 0.2609375
5 0.69140625 0.21484375 0.4453125 0.4296875
3 0.01328125 0.45744361405949724 0.025 0.04247840133672724
0 0.05390625 0.4578125 0.0796875 0.05625
4 0.025 0.60546875 0.05 0.2671875
2 0.7203125 0.56953125 0.396875 0.2796875
3 0.6328125 0.93984375 0.328125 0.1203125
5 0.734375 0.71484375 0.53125 0.5703125