5 0.17734375 0.209375 0.3546875 0.41875
8 0.17265625 0.71484375 0.3453125 0.4015625
5 0.20207804606330254 0.6275468145687773 0.03936248184962743 0.052017033338636054
4 0.19577804908836463 0.636213289902959 0.023564765027114732 0.022147720003181704
9 0.69453125 0.4296875 0.0390625 0.021875
9 0.5749307805452085 0.4620052725970941 0.05803975897699054 0.039735209341181486
9 0.5782057714700223 0.43618765993000325 0.0376727168225127 0.03012385200509069
9 0.5976279371610669 0.45471039326068513 0.04397725897699054 0.0395715773392725
9 0.4889023769544124 0.4786302459420936 0.050254530054229286 0.044331802673454136
8 0.8203563891528567 0.5739854625636867 0.0944863190854491 0.1276533800127268
8 0.47890625 0.75546875 0.1984375 0.2171875