3 0.8323427838648584 0.35703125 0.10684087334017525 0.1015625
3 0.9796875 0.28671875 0.040625 0.1359375
2 0.96953125 0.19375 0.0609375 0.05625
2 0.8385478529503073 0.23046875 0.1223386083130606 0.0796875
4 0.9265625 0.43046875 0.146875 0.2390625
4 0.7734375 0.47109375 0.315625 0.1578125
5 0.75390625 0.36953125 0.4296875 0.3609375
5 0.821875 0.34375 0.35625 0.4125
4 0.359504726683266 0.82734375 0.20770445745273883 0.25
3 0.298617744539051 0.684375 0.09261474687674198 0.0734375
2 0.3015625 0.5640625 0.146875 0.028125
5 0.31953125 0.775 0.4390625 0.45