0 0.2091915446371832 0.07862638964383603 0.030105670671545327 0.0361102168225127
3 0.20647507729950157 0.11067127518245545 0.012699994668999893 0.01726022287263689
7 0.203494980625411 0.16537241072107492 0.052944281349453705 0.11904998184962742
5 0.2 0.15390625 0.090625 0.1921875
8 0.64375 0.19453125 0.35 0.1109375
6 0.08468079861554774 0.43946039227611466 0.016079533338636053 0.03915340359079611
6 0.19956091128263864 0.4356672508837628 0.012918170671545326 0.03601022287263689
6 0.3442012492839114 0.4254513926688982 0.014462489337999785 0.034456813231716586
6 0.021599543284547627 0.4226410518188392 0.009720445337363515 0.029742042154477667
6 0.14421943061745682 0.4250524586310892 0.009684082670272608 0.026617042154477667
6 0.2464155405792768 0.705688859393215 0.06604426535645339 0.1706852047222643
6 0.3762597712842295 0.42292129030776604 0.011282945337363515 0.029751132513557366
6 0.2403586339513204 0.4205871515476927 0.011319308004454243 0.032876132513557366
6 0.3872063619510023 0.42207640779420863 0.009702264003817972 0.028179542154477665
6 0.4178114719525931 0.4101803957921561 0.009593176002545434 0.018804542154477667
6 0.36614897461809315 0.41907412764178353 0.009629538669636162 0.021929542154477667
6 0.3529768126193658 0.4097763956939603 0.009574994668999892 0.017242042154477666
6 0.30378533461968404 0.40771899200496825 0.008012494668999892 0.017232951795398143
6 0.28945920528327507 0.43045705523668476 0.014444308004454242 0.032894313231716585
6 0.29347454328454764 0.42105932933898577 0.008067038669636161 0.021920451795398144
6 0.2966359059516385 0.41791614862082654 0.0064681760025454334 0.018786361436318445
6 0.25768249395291126 0.4087684075978169 0.007994313335454351 0.015670451795398145
6 0.2325915872851841 0.4167263533430908 0.008067038669636161 0.021920451795397967
6 0.2247699966184113 0.4175530551384889 0.008048857336090797 0.020357951795398142
6 0.1716813592855022 0.4147371273471959 0.008048857336090797 0.020357951795397965
6 0.15212283728518408 0.41719450683569115 0.00804885733609062 0.020357951795398142
6 0.09669044995227498 0.41439221458301756 0.008067038669636161 0.021920451795398144
6 0.05138704061904766 0.41387458499632646 0.008012494668999892 0.017232951795398143
6 0.0420393126193658 0.4115853771508042 0.008012494668999892 0.017232951795398143
6 0.060117150620638514 0.40210583802138855 0.004851132001908986 0.014089771077238878
6 0.032782491287411196 0.40148366930528184 0.006377269334818081 0.010973861436318445
6 0.0015625 0.4125 0.003125 0.01875
6 0.012497263287729377 0.3992580939733169 0.006395450668363533 0.012536361436318444
2 0.7568370619430481 0.56114047043675 0.06947725334181776 0.06289997579950324
4 0.9625 0.6203125 0.075 0.225
5 0.8101882339274578 0.6756660578689635 0.22998059070654345 0.29506810206654466
5 0.95625 0.628125 0.0875 0.40625