8 0.2 0.06484375 0.4 0.1296875
1 0.6296875 0.22421875 0.459375 0.1515625
2 0.6375 0.08046875 0.475 0.1609375
5 0.7 0.15 0.6 0.3
1 0.2 0.5875 0.4 0.365625
2 0.2 0.36015625 0.4 0.1203125
4 0.2 0.803125 0.4 0.39375
5 0.2 0.65 0.4 0.7
6 0.6005578147278609 0.6569574853656688 0.06377269334818117 0.1097386143631848
6 0.8216601080521795 0.5892604043763632 0.03353975334181776 0.0626908975406721
6 0.9410731793841339 0.5784087419067723 0.022402258672817865 0.045439765027114734
6 0.9921875 0.5703125 0.015625 0.0375
6 0.7060981953771344 0.5282097957687151 0.012827264003817973 0.028197722872636888
6 0.6341322887094071 0.5208154522863774 0.012827264003817973 0.028197722872636888
6 0.5746482007081345 0.5117858859314028 0.009665901336727067 0.025054542154477666
6 0.7489669480426344 0.5193660608940255 0.011210220003181703 0.023501132513557364
9 0.7 0.8015625 0.6 0.396875