8 0.25 0.134375 0.5 0.26875
8 0.2734375 0.134375 0.453125 0.26875
5 0.428125 0.17109375 0.14375 0.1953125
7 0.58828125 0.128125 0.0984375 0.25625
5 0.59296875 0.134375 0.1859375 0.26875
9 0.5984375 0.14595038777811462 0.1609375 0.15249880698520055
9 0.715625 0.13022591470908598 0.0984375 0.08651019262201594
8 0.42890625 0.53515625 0.1421875 0.5328125
8 0.85546875 0.46015625 0.2890625 0.3828125
2 0.540625 0.5138277133064714 0.0234375 0.022011355386194253
3 0.54921875 0.5388777102814093 0.0125 0.01726022287263689
4 0.5375 0.605215782588312 0.040625 0.10648634933607007
5 0.54453125 0.6107254392041703 0.0625 0.2175511143631848
2 0.99375 0.309375 0.0125 0.015625
3 0.99609375 0.34453125 0.0078125 0.0171875
5 0.98359375 0.39921875 0.0328125 0.2109375