5 0.775 0.25 0.45 0.5
4 0.7984375 0.31328125 0.403125 0.3734375
1 0.8953125 0.1265625 0.20625 0.253125
8 0.30870998389273085 0.8275564525780041 0.03789088544042354 0.06762385200509077
6 0.5125303963623216 0.9447241292170963 0.006359084308955332 0.018822725334181813
6 0.37156905307637567 0.8885479492361863 0.006340903590796287 0.01569772533418181
6 0.38610879692805566 0.9704155672342774 0.0063863553861942535 0.02351022533418181
6 0.40859375 0.98828125 0.0078125 0.0234375
6 0.39746847774441074 0.9085604572326865 0.004778403590796287 0.01567954400063627
7 0.465809932466675 0.9718320692234595 0.0063136325135573655 0.011010225334181455
7 0.4431082306712771 0.9642831985598687 0.00789431323171641 0.014153406667727353
7 0.4258889144144984 0.9590144432288685 0.0063136325135573655 0.011010225334181455
7 0.4196480047735779 0.9606496685630501 0.006340903590796287 0.01569772533418181
0 0.46573720959403814 0.9593320692234595 0.004714771077238921 0.00474204400063627
0 0.4414820981577197 0.953363879893414 0.004714771077238921 0.00474204400063627
5 0.46661845354391396 0.9765104785566869 0.01428975897699054 0.03922613200190881
5 0.4431355017485158 0.9689706985598686 0.009584078258831142 0.03604658800127254
5 0.42670198067127707 0.9644741025620955 0.009574987899751619 0.03448408800127254
5 0.4196798210303566 0.9661184185630504 0.009584078258831142 0.03604658800127254
5 0.33269290543750796 0.9210337325748224 0.009529536104353475 0.02667158800127254
0 0.26372473681959707 0.8843337112508219 0.004705680718159222 0.0031795440006362695
5 0.26455143861499514 0.8921371205840491 0.009493174668035032 0.02042158800127254
6 0.3630434807694729 0.9003666965706862 0.006331813231716587 0.014135225334181812
6 0.4098775741536146 0.8927900065643228 0.004787493949875809 0.01724204400063627
7 0.3604770169720222 0.8621127185710045 0.0063045421544778435 0.009447725334181811
5 0.36128099286972126 0.8660098779042317 0.007939765027114732 0.021965906667727353
7 0.05400936923495854 0.9625603506126843 0.0063227228726368875 0.01257272533418181
5 0.05560368549173722 0.9680109192791388 0.011110216822512698 0.02981476933481808
8 0.3830332730221464 0.8446615892345954 0.02210225897699054 0.039317038669636165
9 0.3571065772768726 0.8199615812380954 0.02512726502711473 0.022165901336727245
9 0.3353497519449077 0.8405286199077315 0.029832945745273776 0.025345445337363513
7 0.13134402887587893 0.9600978746021849 0.004742042154477666 0.00942954400063627
5 0.13213436923495853 0.9616512839354121 0.006368174668035032 0.02038522533418181
9 0.9640625 0.6953125 0.071875 0.065625