8 0.7296875 0.2046875 0.540625 0.409375
8 0.2296875 0.7046875 0.459375 0.590625
8 0.04140625 0.43515625 0.0828125 0.0515625
8 0.04296875 0.4828125 0.0859375 0.146875
8 0.742857582167656 0.592057773316734 0.31302828258831206 0.36118398145684394
8 0.828125 0.66875 0.34375 0.51875
0 0.745037705704223 0.6201964088553534 0.004723861436318444 0.006277271077238922
7 0.7464956665748075 0.6381742492144331 0.009502265027114732 0.021929542154477667
5 0.7480127147794093 0.6459958395735127 0.020657933645025394 0.05949317466803503
9 0.7402365762157277 0.6397003877781147 0.04406816256778665 0.054942030054229284
8 0.6926803201656035 0.6222356318261862 0.04557612041330898 0.04557612041330898
8 0.6440473774453918 0.6555475806947181 0.056586343285945875 0.05813975292686635
8 0.5870070370863122 0.6567782825883122 0.03785452400410509 0.06115566861791066
8 0.5682161304704538 0.6637004482793566 0.04568520472226432 0.06432612041330898
8 0.5393053352909141 0.6643135266363837 0.048864746876741985 0.07371930113146803
8 0.5079962479568965 0.6742879694547914 0.05981133723582168 0.0753454336450254
8 0.46953125 0.67109375 0.0203125 0.0984375