9 0.1640625 0.040625 0.125 0.08125
3 0.72421875 0.06162121770627551 0.0171875 0.04541249394987581
3 0.58125 0.09057798556206054 0.03125 0.034556807181592396
0 0.59140625 0.0265625 0.0671875 0.053125
0 0.7390625 0.02265625 0.075 0.0453125
7 0.73359375 0.22016042555179785 0.140625 0.3101931323171656
7 0.55078125 0.2055989975641131 0.134375 0.2632817708808471
5 0.7234375 0.26953125 0.2375 0.5390625
5 0.5484375 0.26953125 0.215625 0.5390625
0 0.403125 0.6652972261922867 0.1 0.10214428298109546
0 0.4765625 0.7187762293155446 0.059375 0.05972043364502557
0 0.6453125 0.7021694705349459 0.084375 0.08486587939029935
0 0.71796875 0.7267467688377437 0.0609375 0.06910452400410509
0 0.87890625 0.765654211852543 0.059375 0.07222043364502558
0 0.9640625 0.7909400372827038 0.053125 0.05655907220870695
3 0.403125 0.7473284761922866 0.0453125 0.050263620413308986
3 0.484375 0.7773245275201466 0.0203125 0.028243174668035033
3 0.66484375 0.7684620910464506 0.0171875 0.029787493949875808
3 0.7109375 0.780693925453602 0.034375 0.03144998789975162
3 0.87265625 0.8125655732888616 0.0296875 0.0298602168225127
3 0.95703125 0.8394184438985622 0.03125 0.02830680718159222
4 0.94609375 0.928125 0.1078125 0.14375
4 0.8515625 0.9203125 0.115625 0.159375
4 0.69609375 0.9015625 0.1265625 0.196875
4 0.59453125 0.890625 0.1359375 0.21875
4 0.459375 0.9 0.109375 0.2
4 0.36796875 0.87890625 0.1359375 0.2421875
5 0.37890625 0.803125 0.1578125 0.39375
5 0.453125 0.840625 0.1875 0.31875
5 0.596875 0.825 0.215625 0.35
5 0.69375 0.84296875 0.2 0.3140625
5 0.8375 0.8609375 0.1875 0.278125
5 0.9296875 0.87890625 0.140625 0.2421875