7 0.2514862737095175 0.12578125 0.14024424668035032 0.203125
3 0.26344994252382004 0.03359375 0.03309430113146803 0.0484375
5 0.2234375 0.234375 0.153125 0.46875
8 0.78203125 0.17890625 0.3734375 0.3578125
2 0.8142413246445941 0.06171875 0.01728749394987581 0.0171875
3 0.8128333607489473 0.08828125 0.007876132513557366 0.0109375
4 0.813769146853301 0.11484375 0.04090680113146812 0.0484375
5 0.7997748245463981 0.1265625 0.08366699375348396 0.146875
4 0.06640625 0.55234375 0.0734375 0.1671875
0 0.1265625 0.50234375 0.05625 0.0671875
5 0.07734375 0.62421875 0.1546875 0.3109375
2 0.64375 0.565625 0.209375 0.19375
1 0.65 0.8671875 0.221875 0.265625
5 0.76953125 0.734375 0.4609375 0.53125