5 0.18098391793053978 0.34921875 0.03957156010845857 0.0875
8 0.3375 0.3078125 0.384375 0.403125
8 0.22734375 0.30390625 0.3140625 0.4109375
5 0.68359375 0.22265625 0.2203125 0.4453125
8 0.06484375 0.6328125 0.1296875 0.1375
8 0.2754838725546082 0.721875 0.10690450585373253 0.1125
8 0.40346797198887413 0.69765625 0.059947692622015936 0.0984375
9 0.3906270835233885 0.6390625 0.02831589754067192 0.0328125
9 0.4570515142415477 0.6421875 0.033003397540672094 0.0328125
9 0.4899458274732643 0.65625 0.020430674668035033 0.0203125
9 0.5010287732185382 0.68125 0.03616475897699054 0.0390625
8 0.96953125 0.8640625 0.0609375 0.271875
8 0.81953125 0.559375 0.0765625 0.1
8 0.8390625 0.6671875 0.321875 0.315625
5 0.61171875 0.5171875 0.0296875 0.015625
7 0.60234375 0.5125 0.0109375 0.00625