7 0.3375 0.2326049843837102 0.10625 0.3209306444174139
3 0.34375 0.0125 0.0375 0.025
5 0.39921875 0.26484375 0.2703125 0.5296875
8 0.334375 0.26484375 0.66875 0.5296875
3 0.88828125 0.0203125 0.0328125 0.040625
7 0.8296875 0.24793156517662415 0.159375 0.44936471662612104
5 0.86484375 0.26484375 0.2703125 0.5296875
2 0.27734375 0.6109375 0.4171875 0.1625
5 0.334375 0.76484375 0.66875 0.4703125
3 0.24140625 0.890625 0.3953125 0.21875
8 0.70625 0.76484375 0.075 0.4703125
8 0.9796875 0.8234375 0.040625 0.353125
2 0.75078125 0.5701742038385016 0.0421875 0.06587043969514958
4 0.7640625 0.6452514718906783 0.0796875 0.1692136083130606
5 0.77109375 0.7382611285065366 0.1921875 0.40893061416679294
5 0.7109375 0.61015625 0.084375 0.1609375