9 0.4984375 0.1390625 0.259375 0.278125
0 0.84765625 0.028125 0.0609375 0.05625
3 0.864499946689999 0.059375 0.02207499466899989 0.0171875
7 0.8796875 0.10078125 0.134375 0.2015625
5 0.90078125 0.234375 0.1984375 0.46875
6 0.41851583203372567 0.840625 0.009647720003181703 0.0234375
6 0.4918806066995439 0.834375 0.009647720003181703 0.0234375
6 0.5442152660327713 0.83359375 0.009647720003181703 0.0234375
6 0.56352888737268 0.88203125 0.020857940006363408 0.046875
6 0.5942516286998621 0.83671875 0.012845445337363514 0.0296875
6 0.6226493487030438 0.86015625 0.017642033338636055 0.0390625
6 0.6255925353675893 0.84453125 0.012899989337999785 0.034375
6 0.4372845607097252 0.909375 0.024092028007635945 0.05625
6 0.5026192067154523 0.9515625 0.038445429344363194 0.08125
6 0.7121118380410436 0.89453125 0.030451116008908662 0.065625
6 0.7655817360359529 0.85703125 0.020839758672817864 0.0453125
6 0.7372294693666348 0.8375 0.016079533338636053 0.0390625
6 0.674593109365044 0.82578125 0.012863626670908878 0.03125
6 0.5987845873647257 0.8234375 0.009647720003181703 0.0234375
6 0.5276999280314986 0.82421875 0.009629538669636162 0.021875
6 0.4316879940324531 0.83125 0.009629538669636162 0.021875