0 0.2609375 0.0078125 0.025 0.015625
0 0.4015625 0.01328125 0.01875 0.0265625
4 0.4171875 0.04030211473581495 0.01875 0.05021817600254543
4 0.26484375 0.048685684715134146 0.040625 0.0754727146721816
5 0.409375 0.03125 0.034375 0.0625
5 0.2671875 0.06328125 0.06875 0.1265625
5 0.134375 0.0453125 0.05 0.090625
3 0.2640625 0.03148909404836146 0.0109375 0.015752269334818082
5 0.46484375 0.16484375 0.1203125 0.3296875
8 0.73046875 0.17109375 0.3828125 0.3421875
8 0.8359375 0.225 0.328125 0.45
8 0.46875 0.5625 0.140625 0.225
8 0.2671875 0.47421875 0.084375 0.0484375
2 0.534375 0.541574260741542 0.0078125 0.009465906667727175
5 0.53359375 0.5515625 0.0109375 0.034375
8 0.64453125 0.7610209580283168 0.209375 0.2055612986950897
5 0.62890625 0.7170891446928624 0.040625 0.0504727146721816