5 0.61796875 0.39910772491574037 0.05 0.09091589149054773
4 0.625 0.3944611315315987 0.021875 0.03606476502711473
8 0.4625 0.2661719841873184 0.1828125 0.32450107201231526
8 0.4203125 0.234375 0.496875 0.46875
7 0.628125 0.1436980622497579 0.0140625 0.03758181323171659
0 0.61875 0.12333102009528023 0.009375 0.009429542154477666
5 0.62578125 0.15696567671113842 0.025 0.08295794574527378
9 0.29375 0.06206522540671973 0.01875 0.06260908430895543
9 0.32578125 0.06693907776785188 0.05 0.07529089149054773
8 0.1375 0.00546875 0.03125 0.0109375
4 0.734375 0.1140625 0.13125 0.20625
3 0.79375 0.0109375 0.0375 0.021875
5 0.834375 0.221875 0.33125 0.44375
8 0.16953125 0.734375 0.3390625 0.53125
0 0.65078125 0.79609375 0.0359375 0.0390625
0 0.240625 0.8434884631100796 0.04375 0.04244203005422946
0 0.28125 0.8327873124461498 0.03125 0.03611930718159258
0 0.31796875 0.8001884358845206 0.04375 0.04556703005422937
0 0.42578125 0.8226906706610142 0.028125 0.03453862646343318
0 0.44375 0.7852952097904299 0.03125 0.034556807181592396
0 0.49609375 0.8566934868195972 0.0328125 0.026753397540672096
3 0.6625 0.834375 0.0125 0.021875
3 0.33203125 0.8369889991162373 0.0125 0.014135222872636887
3 0.278125 0.8648003817279903 0.01875 0.01885908430895533
3 0.25078125 0.8849538004440971 0.0203125 0.020430674668034852
7 0.21796875 0.9359375 0.0734375 0.128125
7 0.278125 0.9226128817279904 0.0515625 0.11904998184962742
7 0.32578125 0.9088276376799188 0.0703125 0.13009656615858275
7 0.41484375 0.959375 0.0328125 0.08125
7 0.446875 0.9064071405085891 0.0640625 0.15193520472226432
7 0.50390625 0.9375 0.0453125 0.125
7 0.6421875 0.9109375 0.053125 0.153125
5 0.6328125 0.8859375 0.071875 0.228125
5 0.503125 0.91875 0.0625 0.1625
5 0.45703125 0.88125 0.1046875 0.2375
5 0.4234375 0.90234375 0.078125 0.1953125
5 0.3328125 0.88671875 0.096875 0.2265625
5 0.2796875 0.9046875 0.065625 0.190625
5 0.2296875 0.91015625 0.10625 0.1796875
8 0.834375 0.734375 0.33125 0.53125
0 0.83828125 0.9394675418598901 0.0296875 0.0298602168225127
1 0.84296875 0.970744812937129 0.021875 0.01887726502711473
5 0.85546875 0.959375 0.1015625 0.08125