9 0.03125 0.2890625 0.0625 0.059375
9 0.07458989207972291 0.2959194705349459 0.08789997579950323 0.06925906010845857
8 0.14453125 0.24140625 0.2890625 0.1953125
5 0.6828125 0.16953125 0.590625 0.3390625
4 0.66328125 0.271875 0.3984375 0.134375
1 0.63671875 0.08828125 0.2203125 0.1765625
1 0.20703125 0.7640625 0.1640625 0.3
2 0.14453125 0.46015625 0.2890625 0.2015625
4 0.14453125 0.93125 0.2890625 0.1375
5 0.14453125 0.675 0.2890625 0.65
9 0.41855247375639976 0.8888438105012421 0.10037270472226431 0.06464428298109545