0 0.25078125 0.23984375 0.5015625 0.4796875
5 0.21484375 0.23984375 0.4296875 0.4796875
8 0.6515625 0.14609375 0.203125 0.2921875
8 0.8921875 0.23984375 0.215625 0.4796875
5 0.553125 0.1453125 0.00625 0.03125
4 0.2625 0.72734375 0.2125 0.4953125
1 0.34453125 0.5 0.0765625 0.040625
5 0.3078125 0.73984375 0.484375 0.5203125
3 0.7270558410464506 0.80234375 0.1528351502711466 0.21875
0 0.78203125 0.5703125 0.2828125 0.18125
7 0.81328125 0.9046875 0.3734375 0.190625
5 0.78359375 0.73984375 0.4328125 0.5203125