8 0.19453125 0.2734375 0.3890625 0.371875
8 0.11796875 0.1421875 0.2359375 0.284375
8 0.646875 0.38089443423420066 0.1375 0.1398624515990063
8 0.83984375 0.44140625 0.1078125 0.0359375
8 0.9640625 0.4390625 0.0625 0.040625
9 0.9578125 0.41189795277735675 0.0296875 0.032985216822512695
5 0.1515625 0.829232461165172 0.028125 0.04547612646343317
8 0.19453125 0.86875 0.3890625 0.2625
8 0.32109375 0.71015625 0.1359375 0.5015625
3 0.66015625 0.5181984706331417 0.009375 0.012554542154477665
0 0.659375 0.4986717658126816 0.0265625 0.032967036104353475
4 0.64140625 0.5511200549420971 0.0328125 0.06737839754067192
5 0.6421875 0.5972092597625573 0.09375 0.23335792154477702