5 0.11484375 0.30703125 0.1765625 0.4046875
5 0.2421875 0.36328125 0.16875 0.2921875
5 0.29724069788657326 0.2953125 0.12211239109776421 0.309375
4 0.29384753229372446 0.24921875 0.053715873340175156 0.1015625
4 0.21853898096586466 0.33046875 0.05833974082661797 0.090625
4 0.14414751414335178 0.30078125 0.08544766237139498 0.184375
3 0.304512321521336 0.20234375 0.020421584308955333 0.01875
3 0.2495026346548567 0.28125 0.009447722872636889 0.0125
3 0.12715948116225634 0.20078125 0.020494307181592397 0.03125
0 0.31210210772388525 0.1640625 0.03616475897699054 0.0390625
0 0.24542821301188375 0.25234375 0.048782933645025395 0.059375
0 0.1440151830558502 0.14375 0.06914997579950324 0.06875
5 0.615625 0.1796875 0.19375 0.359375
8 0.1265625 0.5984375 0.225 0.178125
2 0.8247793697259379 0.60546875 0.010992042154477844 0.009375
2 0.8763055082896194 0.59921875 0.012572722872636888 0.0125
2 0.8865435715213359 0.61328125 0.009429542154477843 0.009375
4 0.8187429931643088 0.6421875 0.02208407825883114 0.0359375
4 0.8663447010098311 0.6328125 0.017378397540672098 0.0328125
4 0.884390719062008 0.64609375 0.02363748789975162 0.034375
5 0.8798395744482022 0.66953125 0.04604881908544911 0.1265625
5 0.8694197040348932 0.62421875 0.028488614363184794 0.0625
5 0.8413447010098312 0.6328125 0.03636474687674216 0.0734375
4 0.8389964058302913 0.63203125 0.025236349336070062 0.040625
4 0.8172486708574059 0.65390625 0.03970791549465282 0.1109375
7 0.6859375 0.7546875 0.334375 0.490625
3 0.67421875 0.534375 0.1046875 0.05
5 0.70625 0.7546875 0.375 0.490625