5 0.275 0.24453125 0.35 0.4890625
8 0.725 0.24453125 0.55 0.4890625
0 0.03984375 0.76484375 0.0796875 0.1328125
3 0.03203125 0.89765625 0.0640625 0.0703125
6 0.8387569312091386 0.5876389597904299 0.02054884933607006 0.04074317466803503
6 0.9100546934075828 0.6872758663080922 0.041088608313060604 0.07992384933607007
6 0.6394700035160413 0.5981986890077786 0.020539758976990542 0.03918067466803503
6 0.5390609373574586 0.6679294060266832 0.03163179508134384 0.0658068071815924
6 0.8279921480316513 0.5578878272768726 0.012636355386194254 0.023510222872636887
9 0.725 0.89375 0.55 0.2125
6 0.5233546450065891 0.5475214572563472 0.007967036104353476 0.026607951795397967
6 0.5882802082383056 0.5338362071581513 0.007921584308955332 0.018795451795398144
6 0.6234819100337038 0.5262282402374426 0.004760222872636888 0.012527271077238921
6 0.6826251058771736 0.5664174238824681 0.014244307181592397 0.03133181323171659
6 0.6929040757247484 0.5453827612164857 0.007930674668035032 0.020357951795398142
6 0.6749762323406067 0.5382469720870701 0.007939765027114732 0.021920451795398144
6 0.7069438498270494 0.5493708244482022 0.009511355386194253 0.023492042154477664
6 0.7594194100337038 0.5270191014773694 0.006359084308955332 0.018786361436318445
6 0.764860888956465 0.5317384177341481 0.00634999394987581 0.017223861436318443
6 0.799994413058766 0.5358492008134395 0.00634999394987581 0.017223861436318443
6 0.9860364521881817 0.518962203543914 0.004778403590795932 0.015652271077238922
6 0.9399608829063407 0.5155690379510652 0.00634999394987581 0.017223861436318443
6 0.943835316649562 0.5210605138487643 0.007903403590795933 0.015670451795398145
6 0.9141069100337038 0.5279190470262515 0.00793067466803521 0.020357951795397965
6 0.8609819100337038 0.5276099748175446 0.006340903590796287 0.015661361436318445