1 0.5125 0.20703125 0.075 0.2296875
8 0.1421875 0.33984375 0.284375 0.6796875
0 0.4515625 0.103125 0.196875 0.20625
0 0.36953125 0.4207430453930427 0.2125 0.32122266136218053
7 0.3546875 0.51171875 0.390625 0.3359375
5 0.45 0.33984375 0.2 0.6796875
5 0.3328125 0.4515625 0.434375 0.45625
1 0.396875 0.576529968730088 0.075 0.06181020401018138
4 0.64140625 0.12109375 0.1828125 0.2421875
4 0.86171875 0.1015625 0.2171875 0.203125
7 0.58359375 0.46875 0.0671875 0.421875
1 0.55703125 0.36875 0.0140625 0.05
0 0.56796875 0.3125 0.0359375 0.078125
0 0.70625 0.26675662141945067 0.0953125 0.110484061346272
7 0.7140625 0.51953125 0.259375 0.3203125
6 0.7734375 0.63046875 0.090625 0.0984375
5 0.6 0.45 0.1 0.359375
5 0.69765625 0.44453125 0.2953125 0.4703125
5 0.8265625 0.10703125 0.315625 0.2140625
5 0.6609375 0.12734375 0.221875 0.2546875
7 0.40703125 0.72109375 0.1671875 0.0828125
7 0.22734375 0.73046875 0.1546875 0.1015625
5 0.41875 0.83984375 0.2625 0.3203125
5 0.25859375 0.83984375 0.2734375 0.3203125
7 0.775 0.83984375 0.45 0.3203125
5 0.775 0.83984375 0.45 0.3203125