7 0.3 0.28671875 0.3375 0.2265625
5 0.2484375 0.2 0.440625 0.4
0 0.23671875 0.05 0.1890625 0.1
3 0.2515625 0.1660992613146815 0.0984375 0.14588519262201594
0 0.5640625 0.14994702048806366 0.1 0.08026928298109555
1 0.57578125 0.22423394818116077 0.06875 0.06133747579950324
7 0.59140625 0.32578125 0.1640625 0.1484375
5 0.62421875 0.24921875 0.3109375 0.3015625
4 0.046875 0.9125 0.09375 0.175
4 0.20390625 0.9010873396717086 0.1234375 0.1975931383672897
4 0.35390625 0.8652412641433518 0.1390625 0.214871541958086
2 0.175 0.7001379180287357 0.08125 0.08172269867214013
3 0.18984375 0.790849276439992 0.0546875 0.05344316256778674
3 0.3828125 0.7404094357863248 0.040625 0.05023634933607006
5 0.3640625 0.83359375 0.209375 0.3328125
5 0.175 0.82109375 0.35 0.3578125
5 0.078125 0.8921875 0.15625 0.215625
1 0.61875 0.8625 0.3 0.275
2 0.6671875 0.5765625 0.396875 0.275
4 0.734375 0.92734375 0.53125 0.1453125
5 0.734375 0.7 0.53125 0.6