8 0.81328125 0.3546875 0.3734375 0.709375
8 0.67734375 0.50546875 0.3359375 0.4078125
8 0.43671875 0.121875 0.0359375 0.1
8 0.4998813044511179 0.08937957865213701 0.12380111436318479 0.06393632535009015
8 0.88984375 0.00546875 0.0421875 0.0109375
9 0.8463659398915414 0.018164913271821015 0.042360216822512696 0.030178396005727005
7 0.7297757991865605 0.5882330599538658 0.031486349336070064 0.04098862667090888
5 0.73057068472518 0.5858802192870931 0.036228391490547726 0.050418170671545325
8 0.209375 0.88359375 0.41875 0.2328125
7 0.28359375 0.9953125 0.0421875 0.009375
5 0.2828125 0.9875 0.05625 0.025
3 0.8370388533430908 0.8309189045990031 0.018940897540672096 0.03303067600254543
0 0.86015625 0.7828125 0.0859375 0.146875
7 0.7625 0.8109375 0.178125 0.203125
5 0.79140625 0.8546875 0.2859375 0.290625