7 0.5859375 0.13984375 0.1875 0.2796875
5 0.56015625 0.3046875 0.2390625 0.609375
6 0.940142169207086 0.2758615005891752 0.02366475897699054 0.039198855386194255
6 0.7994399011549093 0.2899608829063408 0.020539758976990362 0.03918067466803503
6 0.7212467234618122 0.3021341508603217 0.01581589754067192 0.03290340359079611
6 0.7174177415139888 0.2888756267580207 0.012690897540672097 0.032885222872636885
6 0.7925859131569618 0.2595330395221991 0.011101126463433175 0.028188632513557365
6 0.8497398830045366 0.23810749141579302 0.012654536104353298 0.026635222872636977
6 0.8873353317748727 0.2214830727978822 0.012627265027114731 0.02194772287263689
6 0.8709790787498106 0.21298477156821818 0.00634999394987581 0.017223861436318443
9 0.89765625 0.47421875 0.2046875 0.2703125
9 0.8672182744950844 0.18800749746591724 0.03461134933607006 0.04082498789975162
0 0.2359375 0.8046875 0.471875 0.390625
5 0.33984375 0.8046875 0.6796875 0.390625
8 0.83984375 0.8046875 0.3203125 0.390625
8 0.83984375 0.8046875 0.3203125 0.390625