8 0.28515625 0.2265625 0.3859375 0.225
8 0.5828125 0.28203125 0.053125 0.1140625
1 0.9296875 0.16953125 0.140625 0.3390625
4 0.8046875 0.2296875 0.390625 0.21875
5 0.8046875 0.16953125 0.390625 0.3390625
8 0.3046875 0.66953125 0.609375 0.6609375
5 0.0859375 0.4984375 0.171875 0.31875
7 0.07555507801559021 0.44885863905466084 0.13479426535645347 0.17108518052176755
7 0.3875 0.82109375 0.209375 0.3578125
0 0.39534196137013466 0.6032587509819587 0.08548406134627218 0.09580337939029934
5 0.31796875 0.7625 0.4640625 0.475
4 0.7890625 0.75546875 0.359375 0.4890625
5 0.8046875 0.7046875 0.390625 0.590625