0 0.38984375 0.2546875 0.1390625 0.509375
5 0.2296875 0.2546875 0.459375 0.509375
7 0.08203125 0.2546875 0.1640625 0.509375
3 0.69921875 0.0859375 0.1859375 0.171875
7 0.803125 0.2546875 0.39375 0.509375
5 0.75078125 0.2546875 0.4984375 0.509375
8 0.2203125 0.7828125 0.440625 0.390625
5 0.1191083674013151 0.809595109393215 0.017587489337999786 0.03447499394987581
8 0.24231005740767841 0.8557565162054651 0.11667951734563572 0.09129768657189175
0 0.6966782893857248 0.8082831151487516 0.21081132535009015 0.12465560811666876
0 0.5046875 0.66171875 0.090625 0.1640625
3 0.503125 0.7890625 0.0875 0.121875
3 0.7333254087364514 0.9362035820694603 0.1038704346753633 0.06466246369925485
5 0.546875 0.78671875 0.175 0.4265625
5 0.67578125 0.86875 0.3359375 0.2625