1 0.3278853586091845 0.7182012759389119 0.45509077339272463 0.44273622406108804
2 0.2625 0.43828125 0.40625 0.0765625
4 0.309375 0.91328125 0.61875 0.1734375
5 0.309375 0.7 0.61875 0.6
0 0.7408126199475025 0.502397199315728 0.030069308004454242 0.03315794533736351
0 0.8182472766152296 0.4936847233052285 0.025272720003181703 0.023728401336727246
0 0.8809381806174568 0.47655121996341077 0.014262494668999893 0.017351132001908985
0 0.8623245406190477 0.46505064596595613 0.0300693080044546 0.03315794533736334
0 0.8713813672820023 0.4922853079646835 0.048946577339272324 0.04431362133990877
0 0.9568557906190478 0.4639506752864567 0.026871582670272433 0.02687158267027261
0 0.99140625 0.4609375 0.0171875 0.046875
7 0.9921875 0.534375 0.015625 0.025
7 0.96484375 0.5390625 0.0703125 0.103125
7 0.9074819519414572 0.5449830466263654 0.03544769867918127 0.09258748933799979
7 0.8746876332750027 0.5438023546308198 0.06649770401018137 0.07576361600890866
7 0.833917182606639 0.5567750693030014 0.05256247334499946 0.08653748400699968
7 0.8834081052673668 0.5999432666295472 0.09867495202099903 0.15581474267981754
7 0.98828125 0.5796875 0.0234375 0.171875
3 0.7444461499443207 0.5257892459818645 0.009574994668999892 0.017296588001272716
7 0.739976278604412 0.574272199315728 0.06682496801399936 0.10388861600890884
3 0.8241972846117298 0.5193932479710468 0.014226132001909165 0.014226132001908986
3 0.8826910372772299 0.5273051979630926 0.022129538669636163 0.022129538669636163
3 0.9612160266152296 0.49202113128582037 0.01580681333545435 0.015806813335454528
5 0.98125 0.64765625 0.0375 0.4359375
5 0.9578125 0.5796875 0.084375 0.271875
5 0.9073455919398665 0.5567017966263654 0.07096812269254435 0.19142497867599956
5 0.876531943944957 0.5195654232972744 0.09714881468809011 0.15892156134627217
5 0.8329541192711847 0.572409159969774 0.0803613040260898 0.1930965666772723
5 0.7545654899347757 0.5959744766470464 0.1010737933640895 0.2277079240133631
5 0.8677280139242761 0.6719909892982289 0.23139873472308842 0.4182612933640894