7 0.31077715205281575 0.3118669373806342 0.017532945337363427 0.02988749466899989
0 0.31208511338317957 0.29001011871417964 0.006359088001272717 0.009447725334181811
5 0.3062532840547248 0.32587489337999787 0.03221361067790855 0.08317612667090887
8 0.37890625 0.44765625 0.0796875 0.3046875
5 0.3439912834181779 0.5481589733847704 0.05421588001272663 0.09436816534054522
8 0.21640625 0.3 0.4046875 0.6
5 0.5979418920671333 0.31533902474535996 0.10561584269572588 0.21526246801399934
5 0.4609375 0.28359375 0.084375 0.2265625
4 0.6169731553946335 0.27259754141467807 0.03339430267345413 0.05038180800445424
4 0.447069188056952 0.2385936167249973 0.039807934675363296 0.06451703333863605
0 0.6211424873885883 0.22812083541531436 0.02218408267027261 0.02681703866963616
3 0.6151015727243611 0.24601686008113263 0.006340906667727353 0.007885225334181812
3 0.4584424927195885 0.20904247672658816 0.0047784066677271754 0.00786704400063636
0 0.4574067040499522 0.18715838605981544 0.023728401336727066 0.025272720003181703
8 0.3424271413908156 0.6917758974379042 0.10939427601845378 0.13719201201463563
8 0.04765625 0.81484375 0.0953125 0.2515625
8 0.5171875 0.81015625 0.196875 0.3796875
8 0.7109375 0.80078125 0.578125 0.3984375