0 0.9895811713483853 0.2019286492282321 0.020485216822512697 0.0299238573360908
0 0.5058459999018041 0.04895293129377455 0.023646578258831142 0.03621022000318166
0 0.5925602047222643 0.04716261728200236 0.026744307181592396 0.03155908267027256
7 0.5022215510332723 0.09743588462763816 0.033185204722264314 0.06444430800445433
7 0.5711397226762452 0.1255421559516386 0.0646897347764936 0.1085579346753632
7 0.9921875 0.240625 0.015625 0.071875
5 0.97890625 0.27109375 0.0421875 0.1734375
5 0.5496328822189698 0.18907794462127478 0.12846238504764002 0.32803518801718107
5 0.5046698401626879 0.11537736262731998 0.0713033491396784 0.17113066000954497
7 0.1109375 0.99140625 0.0375 0.0171875
0 0.11545839099956848 0.9537291485916853 0.02208407825883114 0.03619203866963616
5 0.12265625 0.9640625 0.1046875 0.071875
8 0.225 0.81484375 0.45 0.3703125
3 0.7670936138722053 0.8105234939131403 0.2575953731437835 0.23423173870145284
0 0.84609375 0.78671875 0.3078125 0.3140625
5 0.725 0.81484375 0.55 0.3703125