3 0.42421875 0.06361513162979456 0.0375 0.06428066861791085
0 0.42578125 0.01484375 0.0796875 0.0296875
7 0.3859375 0.2438611678323439 0.1484375 0.30086358411256364
5 0.4046875 0.3046875 0.309375 0.609375
1 0.84453125 0.37578125 0.2296875 0.2734375
2 0.86484375 0.1171875 0.2703125 0.140625
4 0.86484375 0.52265625 0.2703125 0.1734375
5 0.86484375 0.3140625 0.2703125 0.590625
8 0.3109375 0.82421875 0.534375 0.3515625
8 0.3703125 0.68046875 0.16875 0.1421875
5 0.26328125 0.7718179961893709 0.028125 0.07360112646343309
4 0.86484375 0.840625 0.2703125 0.31875
5 0.86484375 0.8046875 0.2703125 0.390625