4 0.9921875 0.215625 0.015625 0.209375
4 0.95625 0.190625 0.0875 0.1625
4 0.8551612404338342 0.2203125 0.12458288524403187 0.196875
4 0.64453125 0.184375 0.1734375 0.290625
4 0.45546875 0.1734375 0.0921875 0.3125
5 0.86015625 0.19140625 0.1421875 0.2765625
5 0.48828125 0.16484375 0.1578125 0.3296875
5 0.65234375 0.16484375 0.2671875 0.3296875
1 0.5776715238077134 0.0609375 0.0692045179539809 0.078125
1 0.99375 0.11015625 0.0125 0.0390625
1 0.959948213502863 0.103125 0.03926248789975162 0.034375
1 0.8545703670936593 0.11875 0.040861349336070066 0.040625
2 0.8433237948849521 0.065625 0.04234203610435365 0.0265625
2 0.9619692557555366 0.04765625 0.048592036104353656 0.0265625
8 0.2046875 0.66484375 0.409375 0.6703125
1 0.7634055324901162 0.55703125 0.4497101502711465 0.21875
2 0.9625 0.5609375 0.075 0.15
4 0.7046875 0.86484375 0.590625 0.2703125
5 0.7046875 0.7125 0.590625 0.575