5 0.2453125 0.24609375 0.040625 0.09375
8 0.028125 0.33359375 0.05625 0.1109375
8 0.2375 0.23359375 0.421875 0.4671875
5 0.95625 0.765625 0.0875 0.46875
5 0.84765625 0.80703125 0.1484375 0.33125
5 0.7984375 0.71328125 0.1 0.3203125
4 0.80703125 0.66484375 0.0484375 0.103125
4 0.87890625 0.7578125 0.053125 0.0921875
4 0.95859375 0.73203125 0.0734375 0.1890625
3 0.79765625 0.61484375 0.0203125 0.01875
3 0.85 0.70234375 0.009375 0.0125
3 0.98515625 0.62890625 0.01875 0.0328125
0 0.79375 0.57421875 0.034375 0.0390625
0 0.85703125 0.6734375 0.0453125 0.059375
0 0.96953125 0.5671875 0.0609375 0.06875