1 0.28428513817089807 0.025 0.033048849336070066 0.040625
1 0.2601345658639952 0.03671875 0.014144313231716587 0.0140625
1 0.20134589402463057 0.1375 0.03627384328594587 0.0578125
1 0.01328125 0.08359375 0.0265625 0.0359375
0 0.01171875 0.0453125 0.0234375 0.05625
0 0.07890625 0.02578125 0.0453125 0.0515625
0 0.19327431879086143 0.09296875 0.058257927594901206 0.0765625
0 0.36016638212077384 0.0421875 0.056713608313060604 0.0796875
0 0.2546875 0.0140625 0.03125 0.028125
7 0.2962584182251274 0.06875 0.0942954215447771 0.09375
7 0.44358793617910824 0.146875 0.12468287919390768 0.2140625
7 0.1556793909013726 0.2109375 0.13400333703942993 0.2046875
7 0.10541122530852384 0.16484375 0.12137607201231529 0.1828125
7 0.0390625 0.1640625 0.078125 0.175
5 0.065625 0.2375 0.13125 0.453125
5 0.1203125 0.2359375 0.1875 0.471875
5 0.18586686065075156 0.296875 0.2434884631100796 0.4921875
5 0.2515625 0.06328125 0.075 0.1265625
5 0.27734375 0.0640625 0.1390625 0.128125
5 0.43515625 0.20859375 0.2078125 0.4171875
8 0.8296875 0.284375 0.340625 0.56875
5 0.91015625 0.284375 0.1796875 0.56875
5 0.3296875 0.784375 0.659375 0.43125
4 0.3296875 0.95546875 0.659375 0.0890625
1 0.45859375 0.875 0.4015625 0.221875
2 0.38671875 0.66875 0.4703125 0.2
2 0.8296875 0.75546875 0.340625 0.1859375
3 0.8296875 0.9328125 0.340625 0.134375
5 0.8296875 0.79453125 0.340625 0.4109375