7 0.24453125 0.0796875 0.4890625 0.159375
5 0.24453125 0.284375 0.4890625 0.56875
3 0.5219220144379395 0.09230008772680094 0.028252265027114552 0.022038626463433176
3 0.5593765626425414 0.08426941910889019 0.023555674668035032 0.020448855386194252
3 0.6165441680287357 0.10737512100248407 0.023564765027114732 0.022011355386194253
3 0.6319055476154267 0.06197171741168792 0.01886817466803503 0.02042158430895542
3 0.6671799722834618 0.08207968433239654 0.02199317466803503 0.020439765027114642
3 0.7168572645361353 0.026320042841848766 0.02511817466803503 0.020457945745273865
3 0.7141231499765589 0.09352572356000799 0.02199317466803503 0.020439765027114733
3 0.7864248759724538 0.03216552186280577 0.020430674668035033 0.020430674668035033
3 0.777427125874258 0.09706381401728344 0.023564765027114732 0.022011355386194253
3 0.8202140686926656 0.065563829142594 0.02200226502711473 0.022002265027114644
3 0.8926294241770556 0.023734877445391777 0.023573855386194255 0.023573855386194255
3 0.9389686138722053 0.06565421185254303 0.028252265027114733 0.022038626463433176
3 0.8555066740788598 0.08879679606330253 0.02514544574527413 0.025145445745273776
0 0.99375 0.03671875 0.0125 0.0453125
0 0.9379419241770558 0.02347125703208284 0.04085225897699054 0.039298849336070064
0 0.8536578277678519 0.03958713642238223 0.039298849336070064 0.040852258976990366
0 0.8192055597156751 0.02650587432213376 0.03460225897699054 0.03926248789975162
0 0.7859375 0.00703125 0.03125 0.0140625
0 0.7771680506404888 0.05253256401728348 0.037727258976990544 0.03928066861791084
0 0.7115566861791083 0.055258109098627405 0.03773634933607006 0.04084316861791084
0 0.6677475988450907 0.04535638915285674 0.03615566861791084 0.037709078258831144
0 0.625437378997516 0.02450807884800641 0.03458407825883114 0.036137487899751616
0 0.6108254331540461 0.06443818725926276 0.039307939695149584 0.04241475897699036
0 0.5567782825883121 0.04053305464750956 0.03928066861791084 0.03772725897699045
0 0.5177521440246305 0.04701031362450001 0.04557612041330898 0.0455761204133089
7 0.978125 0.175 0.04375 0.184375
7 0.9417759721852658 0.14532807631392367 0.10558744554888193 0.15529655405833437
7 0.8991203186926656 0.06510476600907329 0.0597386143631848 0.06284543364502548
7 0.8622339179305397 0.17079168462698407 0.1056692587805987 0.16935905405833437
7 0.7786901649054776 0.17987176883774367 0.08210449375348397 0.14734769867214012
7 0.8180430355151783 0.09526496468121337 0.04567611436318479 0.06276362041330899
7 0.7772907704880636 0.07362631401728352 0.06438066256778666 0.05506020472226432
7 0.7202731560266831 0.07630186212368954 0.07706246974937905 0.08638292759490121
7 0.711543571521336 0.18729390427816722 0.07748971662612103 0.1598204275949012
7 0.660689598648699 0.1750893409482548 0.05553290339440444 0.14563066256778665
7 0.6383646258742579 0.09787285597536943 0.028334078258831143 0.03610112646343318
7 0.6185839118804155 0.18939728064340447 0.0915340359079618 0.1567772408266178
7 0.5604077975172308 0.12723362392935034 0.05201701795398091 0.07842498184962743
7 0.53515625 0.17734375 0.0921875 0.1609375
7 0.49921875 0.16953125 0.0203125 0.1578125
5 0.971875 0.25078125 0.05625 0.4796875
5 0.94140625 0.21640625 0.1171875 0.4328125
5 0.903125 0.18515625 0.08125 0.3703125
5 0.8673532099868216 0.24498316354974525 0.12454756556940758 0.4600840480082102
5 0.8265100413689108 0.2077195128858153 0.08048849336070063 0.4067045179539809
5 0.79765625 0.1859375 0.0609375 0.371875
5 0.7868935503459011 0.24701381704234554 0.11497257766965596 0.4256545058537323
5 0.72421875 0.1859375 0.1046875 0.371875
5 0.7181435503459012 0.24741379284184878 0.09467825838781536 0.4286613311856975
5 0.6758469660369458 0.22890923253699844 0.08048849336070063 0.4067045179539809
5 0.6405543606507516 0.20567626561628982 0.07263054156530249 0.39884656615858277
5 0.6275912732185381 0.26044103366846655 0.11816121018321332 0.43661018657189177
5 0.5741662913689108 0.2091876058771736 0.0803703186926656 0.3863920179539809
5 0.54765625 0.2609375 0.1171875 0.48125
5 0.509375 0.24140625 0.040625 0.4609375
1 0.24453125 0.671875 0.4109375 0.10625
5 0.24453125 0.809375 0.4890625 0.38125
4 0.24453125 0.84921875 0.4890625 0.3015625