3 0.11171875 0.16040498205758827 0.16875 0.226963584022908
7 0.20078125 0.35703125 0.4015625 0.4046875
5 0.23671875 0.2796875 0.4734375 0.559375
8 0.79453125 0.1234375 0.4109375 0.246875
7 0.35234375 0.8291918920671332 0.1203125 0.20452496268299925
7 0.16328125 0.8152732007081344 0.14375 0.22979768268618095
3 0.3671875 0.720770864735815 0.0390625 0.037954533338636055
3 0.18828125 0.6897828520448617 0.0453125 0.038027258672817865
0 0.19140625 0.6343504647119524 0.071875 0.060211341343090474
0 0.3734375 0.6700623400699968 0.0578125 0.05223520934118149
5 0.34296875 0.81953125 0.1890625 0.3609375
5 0.1515625 0.796875 0.240625 0.40625
8 0.7578125 0.7796875 0.3375 0.440625