0 0.32166208326704854 0.15078125 0.023837489337999784 0.034375
5 0.3184189045990031 0.1609375 0.05248974801081765 0.0796875
4 0.32797571793445757 0.1453125 0.027035214672181597 0.040625
5 0.775 0.2296875 0.45 0.459375
4 0.68984375 0.35703125 0.2796875 0.2046875
1 0.6943461526098208 0.18125 0.239119233370453 0.2734375
8 0.06015625 0.49453125 0.1203125 0.0703125
8 0.2359375 0.55546875 0.25 0.1921875
8 0.275 0.7296875 0.55 0.540625
2 0.24467396395609295 0.5 0.015824994668999892 0.0171875
3 0.24366544728677492 0.51953125 0.01268181333545435 0.015625
5 0.24727170528327508 0.5453125 0.05757723734881744 0.1140625
4 0.23860522994909328 0.5515625 0.022402258672817865 0.0453125
5 0.864585379933185 0.6390625 0.11987833736472595 0.23125
5 0.98046875 0.66171875 0.0390625 0.2421875
4 0.8604887732734119 0.58828125 0.03655566534054522 0.053125
0 0.8735342132797751 0.54140625 0.025345445337363513 0.0296875
3 0.8732887652769117 0.5625 0.006359088001272895 0.009375