5 0.49140625 0.08671875 0.0953125 0.1734375
5 0.3453125 0.10078125 0.11875 0.2015625
9 0.06015625 0.2984375 0.1203125 0.321875
5 0.04765625 0.39375 0.0671875 0.13125
3 0.044800835487305776 0.3835079124695907 0.01259999394987581 0.01726022287263689
0 0.033259347489358326 0.3529709847764936 0.0362011204133089 0.045521578258831144
4 0.5078125 0.01640625 0.0375 0.0328125
4 0.32573423556206055 0.03669304156530249 0.044149975799503235 0.06900453005422928
3 0.325 0.00234375 0.00625 0.0046875
2 0.6465729346269841 0.372739625874258 0.10993860226293642 0.0975113251355733
5 0.6875 0.3828125 0.296875 0.153125
8 0.2125 0.87890625 0.425 0.2421875
8 0.42791994603986144 0.6165310533709633 0.1666067587805987 0.16971357806243947