7 0.3390625 0.43125 0.2 0.3375
5 0.24921875 0.3 0.3796875 0.6
0 0.6463862041330891 0.3127555718159235 0.09571247579950323 0.06930451190385671
0 0.5361754119786115 0.30273970150081053 0.14452268052176756 0.13364881303532491
3 0.6067378968533009 0.3461175176593933 0.04406816256778665 0.054942030054229284
3 0.6451918636758137 0.3760277314568439 0.05178975897699054 0.03936248184962743
4 0.5465412611182898 0.4731067436552882 0.17760789129415605 0.18071471057599683
4 0.5296875 0.5453125 0.18125 0.109375
5 0.64375 0.55546875 0.409375 0.0890625
5 0.663269697984769 0.39488227058625947 0.4440328428931625 0.3197600716195318
5 0.7227401467551051 0.41163395423128507 0.3046521803253757 0.2642635296614458
7 0.28203125 0.80234375 0.3140625 0.3953125
5 0.28828125 0.8 0.3015625 0.4
1 0.6874207911725192 0.7847179719888742 0.4438783067888089 0.29319757161953175
2 0.68984375 0.63671875 0.4734375 0.0734375
4 0.71953125 0.90703125 0.5609375 0.1859375
5 0.71953125 0.8 0.5609375 0.4