8 0.1078125 0.2546875 0.215625 0.509375
5 0.77265625 0.03359375 0.2921875 0.0671875
5 0.5796875 0.34375 0.18125 0.490625
5 0.84609375 0.29921875 0.3078125 0.5796875
5 0.88671875 0.29453125 0.2265625 0.5890625
4 0.53671875 0.3734375 0.0953125 0.43125
7 0.90234375 0.190625 0.1953125 0.321875
7 0.8071873487468949 0.21179900058917517 0.1655987706844555 0.26501698770335996
0 0.84609375 0.0171875 0.1359375 0.034375
0 0.866461833916172 0.05988652176460989 0.14439541549465282 0.11177381303532483
0 0.971875 0.04375 0.05625 0.0875
7 0.175 0.890625 0.190625 0.21875
0 0.11640625 0.63671875 0.1078125 0.0953125
1 0.14833854781181852 0.7083376573032293 0.06131929508134384 0.06597952400410509
5 0.18203125 0.79453125 0.3046875 0.4109375
8 0.6421875 0.7765625 0.30625 0.375