0 0.1953125 0.184375 0.390625 0.36875
5 0.2296875 0.184375 0.459375 0.36875
2 0.6911844567552232 0.24765625 0.13210452267663583 0.0734375
2 0.8035020960773146 0.16484375 0.13857269867918126 0.0921875
3 0.46953125 0.034375 0.0203125 0.034375
3 0.7985247894254958 0.27421875 0.07549089600572705 0.0421875
4 0.5598333647358149 0.1046875 0.1611567706874535 0.153125
4 0.6375 0.32421875 0.35625 0.0890625
4 0.82421875 0.29609375 0.1515625 0.1453125
5 0.70234375 0.03828125 0.1265625 0.0765625
5 0.553125 0.1609375 0.1875 0.321875
5 0.709375 0.28203125 0.5 0.1734375
5 0.8390625 0.2328125 0.3 0.271875
5 0.8796875 0.0953125 0.215625 0.190625
8 0.2296875 0.684375 0.459375 0.63125
8 0.1890625 0.66875 0.378125 0.440625
7 0.3049742367520416 0.88359375 0.02890679734245403 0.0671875
4 0.24792480541849607 0.88203125 0.011410214672181595 0.040625
5 0.22457821208622325 0.88984375 0.0736567706874535 0.153125
1 0.7296875 0.84140625 0.540625 0.3171875
2 0.7296875 0.4796875 0.540625 0.221875
5 0.7296875 0.684375 0.540625 0.63125