7 0.02421875 0.12421875 0.0484375 0.1515625
5 0.02421875 0.11015625 0.0484375 0.2078125
7 0.18467654449216875 0.6928252450300303 0.0362920240041051 0.061146578258831144
7 0.3063293515755653 0.78821449220136 0.031504530054229464 0.04393180718159222
7 0.3501429840891225 0.7988974621471308 0.03943520472226432 0.06428975897699055
7 0.33325092075921 0.8497787060970066 0.03945338544042372 0.06741475897699019
0 0.3404816377781145 0.7497332543016084 0.02043067466803521 0.020430674668035033
0 0.2975083425985748 0.7492019891762978 0.020457945745273775 0.02511817466803503
0 0.17501974336070064 0.644442287184508 0.018886355386194254 0.02354658430895551
5 0.18952312577606206 0.7201417239527915 0.06668857201231529 0.18319429508134383
5 0.31277933947531694 0.8225531307650413 0.06195562021691714 0.175354524004105
5 0.3388878424021831 0.8786531398402279 0.08384880093507655 0.17860678903121965
5 0.3581372912707149 0.8301020103517326 0.07296584308955403 0.18791815651766255
7 0.64609375 0.78984375 0.3734375 0.4203125
5 0.68046875 0.78984375 0.4421875 0.4203125