9 0.2574177699315941 0.19303380240801432 0.03949885200509051 0.037727258976990544
9 0.18252685793286672 0.184095139643836 0.03473862667090888 0.03144998789975162
9 0.21291379193191223 0.19094912764178354 0.033139764003817976 0.028315897540672097
4 0.03743198659295795 0.23337349785870068 0.03508407200827239 0.06113748789975162
0 0.030128563932230356 0.1896689496540988 0.019022720003181705 0.023546584308955332
5 0.0470973405872309 0.27550191052468315 0.0773635733609078 0.20356133723582168
4 0.8484375 0.12734375 0.165625 0.2546875
5 0.8171875 0.26953125 0.365625 0.5390625
8 0.04609375 0.7875 0.0921875 0.425
8 0.2 0.76953125 0.4 0.4609375
8 0.928125 0.58359375 0.14375 0.0890625
8 0.7359375 0.64609375 0.253125 0.2140625
8 0.7 0.76953125 0.6 0.4609375
2 0.7303574726289108 0.5999570098607532 0.015824994668999892 0.01727840359079611
3 0.7316927059595928 0.6194791695016736 0.01268181333545435 0.015697722872636887
5 0.7266961232893202 0.6460689405789124 0.059157918682362975 0.11596134328594587
4 0.7360074886219111 0.6514831484244347 0.022420440006363406 0.04700226502711473