7 0.20234375 0.23359375 0.4046875 0.4671875
5 0.196875 0.23984375 0.39375 0.4796875
0 0.6234355592246958 0.33203125 0.09746587334017516 0.1015625
0 0.578125 0.24765625 0.078125 0.0734375
0 0.7558117219888741 0.25703125 0.04556703005422928 0.04375
0 0.8586008995837755 0.33359375 0.05516019867214013 0.08125
0 0.9296628333269968 0.328125 0.07865224082661797 0.090625
7 0.909375 0.43828125 0.153125 0.0828125
7 0.8328125 0.43046875 0.1 0.0984375
7 0.7229951976901814 0.390625 0.08851812021691714 0.175
7 0.6078125 0.43984375 0.1375 0.0796875
7 0.5578125 0.3953125 0.0375 0.16875
3 0.5794992068635636 0.3 0.034547716822512696 0.0296875
3 0.7443656827612627 0.30390625 0.029851126463433176 0.028125
5 0.578125 0.340625 0.078125 0.278125
5 0.6234375 0.37734375 0.16875 0.2046875
5 0.728125 0.353125 0.146875 0.253125
5 0.8375 0.38125 0.13125 0.196875
5 0.909375 0.3796875 0.18125 0.2
0 0.06206172198887416 0.65078125 0.04556703005422928 0.04375
0 0.1648508995837754 0.72734375 0.05516019867214013 0.08125
0 0.2359128333269968 0.721875 0.07865224082661797 0.090625
0 0.3825287580932276 0.67734375 0.08321247579950324 0.06875
7 0.3921875 0.87578125 0.1625 0.2484375
7 0.215625 0.8953125 0.153125 0.209375
7 0.1390625 0.8875 0.1 0.225
7 0.03671875 0.784375 0.0734375 0.175
3 0.050615682761262715 0.69765625 0.029851126463433176 0.028125
3 0.3664770320973327 0.73828125 0.026753397540672096 0.0328125
5 0.05390625 0.81015625 0.1078125 0.3796875
5 0.14375 0.83828125 0.13125 0.3234375
5 0.21796875 0.83671875 0.1859375 0.3265625
5 0.39140625 0.81953125 0.1890625 0.3609375
8 0.76953125 0.8 0.4609375 0.4
2 0.5492834242752516 0.7140625 0.01259999394987581 0.0171875
3 0.5524766019683487 0.72578125 0.007857951795397966 0.0078125
4 0.54921875 0.753125 0.0203125 0.04375
5 0.5546875 0.74453125 0.03125 0.0796875