9 0.16328125 0.4140625 0.1140625 0.05
9 0.3125 0.4140625 0.234375 0.05
0 0.4634478590004315 0.28515625 0.03779089149054791 0.05
0 0.29899953962039494 0.2171875 0.06922269867214012 0.08125
7 0.45859375 0.38984375 0.0921875 0.0984375
7 0.26875 0.36640625 0.153125 0.1453125
3 0.4632069644848217 0.3265625 0.028297716822512697 0.0296875
5 0.26875 0.26015625 0.26875 0.3578125
5 0.434375 0.31171875 0.15 0.2546875
8 0.7546875 0.21953125 0.490625 0.4390625
5 0.8627978983262388 0.2640625 0.072684041958086 0.1390625
5 0.3671875 0.771875 0.284375 0.45625
5 0.21640625 0.83984375 0.2671875 0.3203125
5 0.17603421741168787 0.7046875 0.05059087334017498 0.1015625
5 0.2704200216664141 0.7296875 0.025363614363184794 0.0625
4 0.2687802536142373 0.74296875 0.020521578258831143 0.0359375
4 0.16889388310273254 0.7234375 0.020530668617910842 0.0375
2 0.18329727156821818 0.66484375 0.0298693071815924 0.03125
2 0.27440353971859077 0.71640625 0.020439765027114733 0.021875
2 0.22746490720503337 0.72734375 0.10526928298109546 0.1
2 0.1450382265850701 0.7953125 0.12409200585373252 0.1125
2 0.01484375 0.64453125 0.0296875 0.0390625
2 0.02109375 0.75703125 0.0421875 0.1015625
1 0.01015625 0.68984375 0.0203125 0.0296875
1 0.22452573868531847 0.8296875 0.07716246369925486 0.103125
1 0.1544445219610017 0.92421875 0.10075449980360815 0.1296875
4 0.38671875 0.90234375 0.2453125 0.1953125
4 0.22265625 0.9328125 0.1703125 0.134375