0 0.33515625 0.209375 0.5703125 0.41875
5 0.175 0.209375 0.35 0.41875
0 0.951005526439992 0.18208266686939495 0.03774543969514958 0.04240566861791084
0 0.8679299269075301 0.27163150108015455 0.044140885440423716 0.06744203005422929
3 0.9410992613146816 0.22511050420341244 0.023582945745273774 0.025136355386194253
4 0.84765625 0.3625 0.0640625 0.1125
4 0.932828219062008 0.28062925117835036 0.06156473477649342 0.10816702400410509
3 0.874375369627742 0.305188889643836 0.014153403590796287 0.01570681323171641
5 0.87109375 0.3265625 0.1859375 0.184375
5 0.93515625 0.28671875 0.1296875 0.2640625
6 0.6638590086824029 0.5825301779876847 0.06638859016268786 0.13163179508134384
9 0.81484375 0.709375 0.3703125 0.58125