3 0.49811133068109026 0.0640625 0.02236589600572696 0.0421875
0 0.46484375 0.03984375 0.0703125 0.0796875
4 0.49371582670272557 0.2234375 0.13277832670272574 0.265625
5 0.4953125 0.259375 0.228125 0.51875
0 0.7015625 0.153125 0.184375 0.125
2 0.97890625 0.26796875 0.0421875 0.0671875
9 0.8046875 0.259375 0.390625 0.51875
3 0.66875 0.26015625 0.11875 0.0859375
4 0.66796875 0.403125 0.1171875 0.23125
5 0.709375 0.30546875 0.2 0.4265625
5 0.86015625 0.36796875 0.2796875 0.3015625
5 0.92890625 0.64609375 0.1421875 0.2546875
5 0.7515625 0.6125 0.284375 0.1875
9 0.8046875 0.759375 0.390625 0.48125