8 0.278125 0.2109375 0.321875 0.421875
0 0.0984375 0.24375 0.196875 0.3125
7 0.16875 0.3421875 0.3375 0.3375
5 0.18359375 0.3109375 0.3671875 0.5125
1 0.12899454918656056 0.3946270827498143 0.07221134328594588 0.0586488413430903
3 0.8795006267580208 0.04556177940004238 0.04728406615858276 0.07085794000636332
7 0.8924268318730686 0.24103791140195135 0.19097147540671963 0.3303249413589988
5 0.86875 0.3546875 0.2625 0.709375
0 0.10043477459328028 0.7427645907463145 0.03302157825883114 0.036319308004454244
0 0.0109375 0.740625 0.021875 0.040625
3 0.31640625 0.71875 0.0265625 0.01875
3 0.34296875 0.7171875 0.0171875 0.015625
3 0.16796875 0.71953125 0.0546875 0.0203125
3 0.04962625351604144 0.7468611974060876 0.04873748184962743 0.05212612133990877
5 0.04296875 0.86015625 0.0859375 0.2796875
5 0.10197909387512105 0.74590777207986 0.03935339149054773 0.05045453333863605
5 0.37421875 0.8546875 0.1296875 0.290625
5 0.33359375 0.8546875 0.1734375 0.290625
5 0.25703125 0.8546875 0.3578125 0.290625
5 0.12578125 0.8546875 0.2515625 0.290625
7 0.09765625 0.8640625 0.1953125 0.271875
7 0.01796875 0.8109375 0.0359375 0.090625
7 0.2359375 0.8546875 0.2625 0.290625
7 0.31328125 0.79453125 0.1015625 0.1703125
7 0.36171875 0.76640625 0.0859375 0.1140625