7 0.33828125 0.05234375 0.1015625 0.1046875
7 0.04609375 0.06953125 0.0921875 0.1390625
5 0.03359375 0.1546875 0.0671875 0.309375
5 0.08046875 0.1953125 0.1609375 0.390625
5 0.3125 0.140625 0.153125 0.28125
6 0.749989346998379 0.27605097823539004 0.2280078670936593 0.24975560206654457
6 0.534375 0.43984375 0.290625 0.2203125
6 0.990625 0.0609375 0.01875 0.1
6 0.965625 0.08046875 0.06875 0.1078125
6 0.9384756509585175 0.10761057132494423 0.12098518657189175 0.11632495764913058
6 0.8842148769544125 0.1682344539366974 0.1806692587805987 0.16979539129415605
5 0.67265625 0.01640625 0.0546875 0.0328125
4 0.678125 0.00546875 0.0375 0.0109375
8 0.19453125 0.65625 0.3890625 0.2125
6 0.6830422206331418 0.8888560261454044 0.05664997579950324 0.06907725292686599