8 0.225 0.24453125 0.45 0.4890625
5 0.2015625 0.24453125 0.290625 0.4890625
7 0.15336606926323046 0.3015822433607006 0.11286581604072551 0.3006363251355733
3 0.1677120219605473 0.07586917105379776 0.0380090773392725 0.04396816861791084
2 0.171875 0.02109375 0.06875 0.0421875
8 0.57734375 0.18046875 0.2546875 0.3609375
3 0.7713920999761374 0.05747876111828978 0.022402258672817865 0.045439765027114644
0 0.78203125 0.0109375 0.0703125 0.021875
7 0.794737598623502 0.19981170686356364 0.16715332670272565 0.26657948770335993
5 0.76953125 0.22421875 0.2421875 0.4484375
6 0.375 0.59765625 0.15 0.2171875
4 0.2015625 0.92578125 0.240625 0.1484375
3 0.19222693256686824 0.8184924874087723 0.06497156667727229 0.07849770472226432
2 0.20981551658977624 0.6498333909995685 0.10274428668045399 0.10215337334017516
5 0.24765625 0.79453125 0.4046875 0.4109375
6 0.49406598396722873 0.5438515565924171 0.008139764003817973 0.028170451795398142
5 0.48203125 0.5015625 0.0140625 0.025
4 0.4828381299729558 0.5015958788993201 0.009629538669636162 0.021929542154477667