8 0.6209185715213359 0.0792310412707149 0.03301248789975162 0.034565897540672096
9 0.5928799299325924 0.09391116480728182 0.03455680718159222 0.03144998789975162
3 0.6611395714231401 0.1443065954272452 0.009438632513557366 0.010992042154477666
0 0.6594634419346448 0.1247662550681655 0.022074987899751618 0.03450226502711473
5 0.6608219297362006 0.22398955024770545 0.057613553861942536 0.23470225292686636
4 0.5110168515755653 0.12234017095560183 0.030032933645025395 0.0595477168225127
0 0.505293571521336 0.07855835469882325 0.01731476502711473 0.021974993949875808
5 0.51484375 0.165625 0.0515625 0.203125
8 0.2546875 0.678125 0.428125 0.31875
8 0.4359375 0.76328125 0.10625 0.4734375
9 0.20028790895354934 0.7102527405320302 0.0690136204133089 0.04571247579950324
8 0.74453125 0.6859375 0.5109375 0.334375