9 0.16171875 0.05703125 0.3140625 0.1140625
9 0.03984375 0.08671875 0.0796875 0.1734375
9 0.0234375 0.30546875 0.046875 0.6078125
7 0.89296875 0.246875 0.2140625 0.33125
5 0.853125 0.3046875 0.29375 0.609375
1 0.9049216679662744 0.0453125 0.09167951734563573 0.090625
6 0.94375 0.93125 0.1125 0.1375
6 0.86953125 0.95234375 0.2109375 0.0953125
4 0.542293303946548 0.8515625 0.16769767202418073 0.178125
2 0.5116892886298654 0.72890625 0.08804544000636341 0.046875
5 0.5953125 0.840625 0.315625 0.31875