9 0.22593370258096498 0.1354350685944697 0.08203177088084708 0.13484769867214014
9 0.38458199473544263 0.12698274004105095 0.08798178903121964 0.08332156010845856
7 0.30703125 0.1046875 0.0984375 0.209375
7 0.1078125 0.06796875 0.0625 0.1359375
5 0.29296875 0.2796875 0.1421875 0.559375
5 0.11015625 0.2171875 0.0890625 0.434375
0 0.6671875 0.01796875 0.046875 0.0359375
7 0.5984375 0.02578125 0.08125 0.0515625
7 0.7227455909482547 0.12194071603694581 0.09024424668035032 0.20364315046753817
5 0.5625 0.02734375 0.046875 0.0546875
5 0.5921875 0.0296875 0.10625 0.059375
5 0.7015625 0.190625 0.1375 0.38125
3 0.48423708197126436 0.6956383330324092 0.031386355386194255 0.02361930718159222
3 0.4391518409482549 0.6563122126191002 0.021974993949875808 0.01731476502711473
3 0.37425354879377704 0.6653099627172961 0.02668976502711473 0.022029536104353476
3 0.33679445540963543 0.6580605440993853 0.02198408430895533 0.01887726502711473
3 0.28118025966436144 0.6827378363520589 0.02199317466803503 0.020439765027114733
3 0.2658143348981306 0.6381156827612627 0.01729658430895533 0.01884999394987581
3 0.23132116023009558 0.6582281948615111 0.020421584308955333 0.01886817466803503
3 0.18240693725926277 0.6055980985505032 0.023555674668035032 0.020448855386194252
3 0.1851546873574586 0.6704600292686623 0.020421584308955333 0.01886817466803503
3 0.11440182582294423 0.6114526679305398 0.020421584308955333 0.01886817466803503
3 0.12341321145975961 0.6740072100850175 0.023555674668035032 0.020448855386194252
3 0.08139842828227231 0.6440742703898679 0.020430674668035033 0.020430674668035033
3 0.011308642079722953 0.6053839542312851 0.022002265027114644 0.02200226502711473
3 0.04766377771653829 0.668097577669656 0.023573855386194255 0.023573855386194255
0 0.0140625 0.571875 0.028125 0.025
0 0.04950353366846656 0.6204504180287357 0.037727258976990544 0.03928066861791084
0 0.08239784690018315 0.6065788155694076 0.03303066861791084 0.03769089754067192
0 0.11381601854315608 0.5778543727509999 0.029878397540671918 0.032985216822512695
0 0.12365865115490929 0.6318197100850175 0.03615566861791084 0.037709078258831144
0 0.18359375 0.571875 0.0328125 0.025
0 0.18850240115490918 0.6321969599868217 0.03616475897699054 0.03927157825883114
0 0.2307489884889268 0.6222861496819713 0.03458407825883114 0.036137487899751616
0 0.27150125351604143 0.6006474990180413 0.03301248789975162 0.034565897540672096
0 0.286898994539051 0.6398009026088375 0.03773634933607006 0.04084316861791084
0 0.337821145104785 0.6158775892789251 0.037709078258831144 0.03615566861791084
0 0.3776330788480064 0.6215781434354554 0.042442030054229286 0.04399543969514959
0 0.4401830758229444 0.6133480077986401 0.04244203005422946 0.04399543969514976
0 0.48690808489813053 0.6394019685710286 0.05185339149054755 0.05029998184962743
7 0.0171875 0.6453125 0.034375 0.0625
7 0.046875 0.746875 0.09375 0.1625
7 0.12450301278761948 0.7552663004440971 0.07738972267624522 0.1426329275949012
7 0.08435525663929937 0.6729987011080271 0.042532933645025396 0.05962043969514959
7 0.1235450216664141 0.6513509600850175 0.06279998184962743 0.05192611436318462
7 0.17978138612779465 0.6540219630118838 0.07391928903121965 0.08323974687674199
7 0.19009165135130104 0.7618980955254411 0.07276585518980241 0.15354315651766245
7 0.23939221458301763 0.748121941836449 0.05081813231716552 0.14091589149054773
7 0.25936434699837907 0.6724543213249443 0.02677157825883114 0.03609203610435348
7 0.280716651351301 0.7624253363520589 0.08525676483072289 0.15205337939029953
7 0.3365444705349459 0.7010292940993853 0.050445427594901206 0.07685339149054773
7 0.37376721458301754 0.7489037127172962 0.11339085518980259 0.15377950585373235
7 0.4285092567374953 0.7398468752850829 0.08057835518980241 0.1535886083130606
7 0.48125 0.78515625 0.115625 0.2015625
5 0.01953125 0.7515625 0.0390625 0.384375
5 0.04765625 0.79765625 0.0953125 0.4046875
5 0.07824109114464654 0.7839043848512484 0.07261236084714326 0.3957215661585828
5 0.10576664832623894 0.7528134661351418 0.05377145725634698 0.3799874818496275
5 0.11796875 0.80703125 0.1046875 0.3859375
5 0.17578125 0.75 0.0953125 0.38125
5 0.18359375 0.80546875 0.0859375 0.3890625
5 0.22579734719477074 0.8019509237842722 0.07104986084714326 0.39571247579950325
5 0.25953199776050473 0.777927616504484 0.06319190905174529 0.3878545240041051
5 0.27265625 0.809375 0.1078125 0.38125
5 0.3251433622218854 0.780653161585828 0.07249418617910823 0.37540906615858277
5 0.36484375 0.79921875 0.1359375 0.4015625
5 0.4203125 0.7921875 0.1 0.415625
5 0.4671875 0.80546875 0.14375 0.3890625
1 0.621875 0.696875 0.165625 0.275
1 0.8828125 0.6515625 0.234375 0.184375