9 0.1171875 0.54609375 0.0875 0.0453125
9 0.07578125 0.54296875 0.1515625 0.0515625
3 0.7534819856602564 0.23192008216765608 0.10212610226293642 0.09746587334017516
3 0.5544904946372469 0.19401660295030734 0.12420109016268785 0.13196813836728988
2 0.5675540969001831 0.09706888007767041 0.10967498184962743 0.05219882513557321
2 0.7292001240275463 0.10862802791292996 0.11917724687674217 0.07412836729005097
4 0.59296875 0.39609375 0.3078125 0.3453125
4 0.8383695491865606 0.41188886241827716 0.30016466822512733 0.29861125858420684
5 0.82890625 0.30703125 0.3421875 0.5234375
5 0.69296875 0.30859375 0.5078125 0.5203125
8 0.21953125 0.784375 0.4390625 0.43125
8 0.71953125 0.784375 0.5609375 0.43125