5 0.2413927805935943 0.35234375 0.02756247334499946 0.0859375
7 0.23754107459423057 0.34765625 0.012863626670908878 0.03125
8 0.3046875 0.259375 0.51875 0.51875
1 0.9223733446451373 0.03046875 0.024001121339908595 0.0484375
1 0.7738085753103192 0.04140625 0.03650112133990877 0.0484375
4 0.60546875 0.1515625 0.0328125 0.2875
4 0.7839455492918657 0.17734375 0.10728743069699868 0.2234375
4 0.96171875 0.19375 0.0765625 0.3375
5 0.95 0.27421875 0.1 0.4890625
5 0.90859375 0.259375 0.1828125 0.51875
5 0.62421875 0.259375 0.0703125 0.51875
5 0.80078125 0.259375 0.1859375 0.51875
7 0.2390625 0.61640625 0.2125 0.1953125
5 0.28046875 0.759375 0.3609375 0.48125
5 0.9259303179105951 0.98515625 0.019095445337363515 0.0296875
7 0.9290280459102768 0.9875 0.009611357336090975 0.0203125
8 0.90859375 0.92734375 0.1828125 0.1453125
9 0.96328125 0.62890625 0.0734375 0.0703125
9 0.8949921372931382 0.62265625 0.0882454346753633 0.0640625
9 0.6235983952896385 0.6484375 0.06629770934118148 0.0578125
9 0.6657677139560929 0.65 0.08673747867599957 0.06875
8 0.6483614906110935 0.7359375 0.06831474267981755 0.096875
8 0.7859375 0.7375 0.39375 0.4375