8 0.409375 0.08125 0.24375 0.1625
8 0.284375 0.053125 0.503125 0.10625
8 0.8 0.16484375 0.4 0.3296875
7 0.7587157600652243 0.24130044605345208 0.02543635200509069 0.037790901336727065
4 0.674139123368862 0.021595926042316194 0.025454533338636055 0.039353401336727066
5 0.6703125 0.046875 0.05625 0.09375
5 0.7570623533974971 0.2334697647199066 0.03820907200827239 0.06137385200509069
6 0.45648909404836147 0.6291577187698589 0.022365896005727137 0.04244203866963616
6 0.5046822407304061 0.7429844087762223 0.046257929344363194 0.08177725867281786
6 0.2599589920432708 0.5893759614099056 0.022347714672181596 0.04087953866963616
6 0.14641466004931586 0.6325799740610881 0.03671929734245403 0.06760567067154515
6 0.4530004673774525 0.597871356102768 0.014335220003181704 0.023601132001908987
9 0.29609375 0.8734375 0.5921875 0.253125
6 0.0078125 0.50703125 0.015625 0.0359375
6 0.15907719736631662 0.5124311060629971 0.011246582670272431 0.02668976933481808
6 0.22550162869986218 0.5147663127386786 0.009593176002545434 0.018859088001272718
6 0.26066696936663475 0.515956642743451 0.006395450668363623 0.01257272533418181
6 0.30972263470718 0.5696452640833598 0.01598862667090888 0.03143181333545435
6 0.3235760493714073 0.5518401460852689 0.008048857336090797 0.020403406667727175
6 0.3078237800365892 0.5407208327498144 0.009629538669636162 0.021984088001272717
6 0.3369391153723619 0.5590259374204051 0.011228401336727246 0.02512726933481808
6 0.39308002737108916 0.550305465428041 0.008030676002545433 0.018840906667727177
6 0.397840252705271 0.5566100094286774 0.008012494668999892 0.017278406667727175
6 0.4307982033736345 0.5694918174331318 0.008012494668999892 0.017278406667727175
6 0.5715686540419981 0.5836281374522219 0.008012494668999892 0.017278406667727175
6 0.5747754700429525 0.5906957501193127 0.007994313335454705 0.015715906667727174
6 0.5427351293761798 0.589541782781631 0.009611357336090975 0.020421588001272716
6 0.4917993380410436 0.575669639441404 0.007994313335454528 0.015715906667727174
4 0.7433260227164068 0.49178915268936263 0.20298173870145284 0.25857721069381695
4 0.62890625 0.43828125 0.0578125 0.1546875
0 0.721875 0.33671875 0.04375 0.0140625
5 0.71796875 0.35234375 0.0578125 0.0453125
5 0.6515625 0.534375 0.103125 0.409375
5 0.74765625 0.66484375 0.2953125 0.6703125
3 0.7792897000318166 0.36019425469445326 0.07563634667409067 0.05556020401018138
3 0.64375 0.346875 0.046875 0.034375