7 0.33515625 0.0328125 0.1109375 0.065625
5 0.30390625 0.034375 0.1796875 0.06875
3 0.6044046571068377 0.046588477402905906 0.08621021077238851 0.04787497334499946
3 0.9119308107958297 0.09938895011135851 0.09710225897699054 0.04018974267981754
0 0.925 0.0296875 0.15 0.059375
7 0.87734375 0.2765625 0.2453125 0.3125
7 0.62265625 0.20859375 0.2671875 0.2984375
5 0.8515625 0.309375 0.296875 0.61875
5 0.6546875 0.309375 0.33125 0.61875
7 0.446875 0.66484375 0.084375 0.0921875
7 0.31015625 0.6453125 0.1171875 0.053125
7 0.221875 0.63671875 0.090625 0.0359375
7 0.15 0.6390625 0.0875 0.040625
5 0.43203125 0.78359375 0.1140625 0.3296875
5 0.390625 0.7453125 0.146875 0.253125
5 0.353125 0.709375 0.1 0.18125
5 0.30390625 0.7609375 0.1484375 0.284375
5 0.2671875 0.72421875 0.1 0.2109375
5 0.2421875 0.7015625 0.078125 0.165625
5 0.21875 0.746875 0.1375 0.25625
5 0.1671875 0.69609375 0.125 0.1546875
5 0.14765625 0.74140625 0.1140625 0.2453125
5 0.10625 0.72265625 0.1 0.2078125
5 0.0734375 0.7046875 0.090625 0.171875
5 0.06015625 0.74296875 0.1203125 0.2484375
5 0.02578125 0.6984375 0.0515625 0.159375
1 0.64765625 0.8984375 0.3171875 0.203125
2 0.66328125 0.78828125 0.3484375 0.0890625
5 0.74453125 0.8546875 0.5109375 0.290625