5 0.17265625 0.32806519672976986 0.025 0.08935340133672724
7 0.16796875 0.3225419027291335 0.0109375 0.032939769334818084
8 0.23984375 0.31484375 0.4796875 0.6296875
8 0.85546875 0.290625 0.2890625 0.334375
8 0.73984375 0.34453125 0.5203125 0.5703125
4 0.5625 0.1939527313812705 0.015625 0.03299431333545444
3 0.565625 0.16352034404836138 0.009375 0.011046588001272718
2 0.5625 0.1470777313812705 0.0125 0.014207950668363533
5 0.5703125 0.18388738804899774 0.0375 0.0894988520050907
3 0.2578125 0.9526572114099056 0.065625 0.08045111600890884
2 0.27734375 0.7880407280792237 0.0890625 0.09009883601209037
5 0.23984375 0.81484375 0.4796875 0.3703125
8 0.73984375 0.81484375 0.5203125 0.3703125
4 0.9375 0.9543117127625411 0.05 0.06308180267345413
2 0.92578125 0.8994878527609502 0.0265625 0.01749658267027243
3 0.9265625 0.919028193427723 0.0203125 0.015861357336090974
5 0.9359375 0.94296875 0.065625 0.1140625