5 0.71484375 0.26953125 0.0703125 0.5390625
0 0.3953125 0.575 0.125 0.071875
7 0.38344249271958847 0.7918560714114964 0.20725216271481592 0.3570510733609077
5 0.34296875 0.76953125 0.3546875 0.4609375
3 0.3881470793682256 0.6591162967456782 0.06006589067472703 0.060065890674726855
8 0.83984375 0.76953125 0.3203125 0.4609375
5 0.7328125 0.68046875 0.10625 0.2828125
7 0.72109375 0.62109375 0.0828125 0.1578125
7 0.96875 0.89765625 0.0625 0.2046875
0 0.990625 0.753125 0.01875 0.0875
5 0.884375 0.84609375 0.23125 0.3078125