8 0.75390625 0.209375 0.4890625 0.41875
6 0.4515625 0.49453125 0.115625 0.1515625
3 0.17457014871902227 0.9125 0.07393746974937905 0.0859375
2 0.13643486534514332 0.753125 0.09901019262201594 0.0984375
5 0.2546875 0.74921875 0.509375 0.5015625
5 0.9315933501216369 0.8140625 0.1028351502711466 0.21875
5 0.7869802868899203 0.828125 0.12166696350286292 0.2328125
4 0.9373439012531051 0.765625 0.034647710772388506 0.046875
4 0.76848027176461 0.78515625 0.042560204722264315 0.0640625
3 0.9273376421779188 0.73984375 0.0063136325135573655 0.0109375
3 0.7694569644848217 0.7515625 0.007857951795397966 0.0078125
0 0.7617580939733168 0.73203125 0.025163626463433175 0.028125
0 0.9290092264868743 0.72109375 0.025172716822512698 0.0296875