0 0.13091747672658816 0.25933357250329453 0.07745338534372678 0.0770079275949012
0 0.2644385013924063 0.2523063468019872 0.03168635200509069 0.03768180718159222
0 0.33502426873804214 0.34252682582294425 0.03664657200827239 0.061146578258831144
3 0.2703799660645879 0.29289953054520856 0.018986357336090796 0.020421584308955333
3 0.14578904606936044 0.32878300927157794 0.022220445337363427 0.02981476502711473
4 0.34622594541690527 0.4323114884889268 0.04965564934754481 0.10496930113146803
4 0.2733327907383603 0.34522964500658926 0.049564742679817544 0.09715680113146803
4 0.109375 0.4203125 0.084375 0.159375
3 0.32678505474217834 0.37304557279788214 0.011101132001908987 0.014126132513557366
5 0.31875 0.40625 0.14375 0.1875
5 0.2671875 0.36484375 0.090625 0.2703125
5 0.13671875 0.36171875 0.1484375 0.2765625
7 0.6870583887253154 0.3762745910464506 0.019240896005727138 0.04229658430895533
5 0.678125 0.4109375 0.05625 0.178125
8 0.725 0.25 0.55 0.5
1 0.1875 0.6921875 0.375 0.240625
2 0.21328125 0.521875 0.4265625 0.04375
4 0.225 0.91328125 0.45 0.1734375
5 0.225 0.75 0.45 0.5
8 0.725 0.6609375 0.55 0.321875