0 0.36328125 0.11328125 0.2109375 0.2265625
3 0.39453125 0.28046875 0.1484375 0.3203125
7 0.38359375 0.5078125 0.1703125 0.4625
5 0.34453125 0.36953125 0.2484375 0.7390625
0 0.97734375 0.3546875 0.0453125 0.046875
0 0.8057702944921686 0.35000700683569114 0.06592498184962743 0.051944295081344016
0 0.9319060684962739 0.4102127329297819 0.03615566861791066 0.037709078258831144
0 0.6430106983775525 0.17204160900043153 0.0879545179539809 0.07863406010845857
3 0.624533409149941 0.21902569330938695 0.05177157825883114 0.036237481849627426
3 0.7911310775714602 0.38524961524694745 0.02668976502711473 0.022029536104353476
3 0.9445833304983264 0.440608760057145 0.02200226502711473 0.02200226502711473
3 0.9875 0.38203125 0.025 0.0265625
4 0.9627884298343965 0.4811292209277293 0.06438066256778682 0.05506020472226432
4 0.7837140081914236 0.45326381704234553 0.09600336729005088 0.11930451190385653
4 0.52890625 0.275 0.1203125 0.23125
5 0.58984375 0.36796875 0.2421875 0.4859375
5 0.93671875 0.4625 0.1265625 0.284375
5 0.95859375 0.4515625 0.0828125 0.13125
5 0.8113213786047325 0.4984172357584523 0.18173283079291389 0.35260789129415604