3 0.19547352205919744 0.45625 0.015815897540672096 0.0328125
0 0.16763486837020541 0.40703125 0.07586358411256384 0.1484375
7 0.26756669067710825 0.41875 0.1621919695529872 0.215625
5 0.24375 0.43671875 0.25625 0.2640625
0 0.7336103680756179 0.2515625 0.07996930113146802 0.0484375
0 0.6037728771508041 0.27734375 0.07558178298109546 0.1
3 0.6028961783804683 0.29375 0.040870439695149585 0.0421875
3 0.7268740338648583 0.33515625 0.048782933645025395 0.059375
4 0.7578125 0.4625 0.15 0.2125
7 0.5984375 0.45 0.078125 0.2375
5 0.61171875 0.38984375 0.1046875 0.3578125
5 0.76875 0.284375 0.240625 0.56875
8 0.2796875 0.784375 0.559375 0.43125
8 0.68515625 0.784375 0.2515625 0.43125
8 0.80625 0.80703125 0.303125 0.3859375
7 0.7586229618525431 0.89609375 0.02836134933607006 0.040625
5 0.7570695522116226 0.89453125 0.034656801131468205 0.0484375