8 0.825 0.31015625 0.35 0.4796875
6 0.16484375 0.9640625 0.1015625 0.071875
6 0.30359963944744434 0.831043651376498 0.12775333703942993 0.20616018801718106
6 0.4278370910464506 0.6949799767265882 0.1749737706844554 0.2660806280235444
8 0.8734375 0.6234375 0.253125 0.146875
0 0.9349218414392342 0.7528742927275427 0.07208407825883115 0.036773841343090474
0 0.98203125 0.73984375 0.0359375 0.0296875
3 0.9859375 0.7625 0.028125 0.0125
3 0.9496246908735 0.7772657653962244 0.02351931323171641 0.014335220003181704
7 0.9734375 0.8140625 0.053125 0.0875
7 0.9086997090238726 0.8283555507240428 0.11627950585373234 0.11384541868236298
5 0.9203125 0.86171875 0.159375 0.2640625
5 0.96328125 0.846875 0.0734375 0.253125
0 0.9482581544745589 0.6092697433959062 0.007839771077238922 0.004778406667727353
7 0.9474223623200813 0.6186356527291335 0.015697722872636887 0.01268181333545435
5 0.945060431601922 0.6217333807288152 0.022056807181592218 0.031504538669636165
0 0.9496752087292851 0.6342879247294517 0.009402271077238922 0.004796588001272539
7 0.9449331665748073 0.6436083807288153 0.01570681323171641 0.01424431333545435
5 0.9472541906771083 0.6475419027291335 0.0220658975406721 0.03306703866963616