3 0.26640625 0.3375 0.0171875 0.03125
0 0.23203125 0.296875 0.078125 0.14375
7 0.32734375 0.28984375 0.1640625 0.2125
5 0.32265625 0.36484375 0.2609375 0.3703125
8 0.76796875 0.271875 0.2171875 0.54375
0 0.765625 0.23671875 0.04375 0.0421875
0 0.803125 0.22421875 0.03125 0.0359375
0 0.83515625 0.19140625 0.04375 0.0453125
0 0.9390625 0.2046875 0.028125 0.0328125
0 0.95390625 0.16796875 0.03125 0.034375
0 0.9953125 0.23046875 0.009375 0.0265625
3 0.8515625 0.2234375 0.0125 0.0140625
3 0.80234375 0.25390625 0.01875 0.01875
3 0.778125 0.275 0.0203125 0.0203125
7 0.7515625 0.33671875 0.0796875 0.14375
7 0.80625 0.309375 0.0546875 0.1140625
7 0.85 0.2921875 0.0734375 0.125
7 0.9375 0.334375 0.0359375 0.0765625
7 0.96328125 0.28203125 0.0703125 0.146875
5 0.9921875 0.35 0.015625 0.275
5 0.95703125 0.34453125 0.0859375 0.4015625
5 0.946875 0.353125 0.096875 0.33125
5 0.86171875 0.35703125 0.1171875 0.3859375
5 0.8125 0.3765625 0.0875 0.346875
5 0.76640625 0.38203125 0.1265625 0.3359375
7 0.71015625 0.68203125 0.1015625 0.2640625
7 0.9734375 0.6765625 0.053125 0.2
0 0.91328125 0.6359375 0.0796875 0.1375
3 0.94609375 0.67890625 0.028125 0.05625
5 0.93828125 0.775 0.1234375 0.45
5 0.73203125 0.775 0.1453125 0.45