8 0.17890625 0.18828125 0.3578125 0.3765625
1 0.76484375 0.46484375 0.2703125 0.2296875
2 0.78203125 0.23671875 0.3046875 0.1765625
5 0.81484375 0.3515625 0.3703125 0.45625
5 0.39453125 0.78984375 0.4703125 0.4203125
4 0.44609375 0.81875 0.3671875 0.3625
1 0.4734375 0.64140625 0.19375 0.1234375
8 0.96328125 0.8984375 0.0734375 0.103125
8 0.8585871212970716 0.8551359101318997 0.05052724082661797 0.0909158914905479
9 0.8799853983262388 0.802669440284325 0.025181807181592575 0.031395445745273774
9 0.8167541453011768 0.7944438498270493 0.0298602168225127 0.0298602168225127
9 0.7846774435057787 0.8024427021881815 0.01885908430895533 0.01885908430895533
9 0.6910274374556545 0.7858006237329586 0.0548602168225127 0.03000566256778665
9 0.768925178478664 0.8244086057789778 0.03302157825883114 0.0361283975406721