6 0.0484375 0.33515625 0.034375 0.046875
9 0.234375 0.2 0.46875 0.4
4 0.8734375 0.2828125 0.15 0.15625
2 0.878125 0.1859375 0.0484375 0.0296875
5 0.8859375 0.28046875 0.228125 0.2390625
4 0.5078125 0.7484375 0.078125 0.25625
4 0.56328125 0.74765625 0.09375 0.225
4 0.625 0.7171875 0.1140625 0.1796875
4 0.74296875 0.73984375 0.14375 0.215625
4 0.93125 0.7 0.1375 0.34375
7 0.56171875 0.96015625 0.1859375 0.0796875
7 0.8046875 0.94375 0.2375 0.1125
1 0.87734375 0.9875 0.0234375 0.025
0 0.88515625 0.94296875 0.0546875 0.075
5 0.9078125 0.95078125 0.109375 0.0984375
5 0.7484375 0.94375 0.340625 0.1125
5 0.73515625 0.71171875 0.16875 0.3046875
5 0.89609375 0.640625 0.2078125 0.48125
1 0.4921875 0.61484375 0.046875 0.0578125
1 0.53046875 0.634375 0.0296875 0.0515625
1 0.57109375 0.6359375 0.0421875 0.04375
1 0.621875 0.62265625 0.0453125 0.040625
1 0.7359375 0.6328125 0.0453125 0.046875
2 0.74296875 0.57421875 0.046875 0.03125
2 0.61484375 0.5640625 0.0546875 0.03125
2 0.559375 0.575 0.0515625 0.03125
2 0.4890625 0.53984375 0.040625 0.0453125