9 0.334245273316734 0.2106723169441497 0.08517495159900648 0.13799087939029936
9 0.46328125 0.18671875 0.0328125 0.0859375
7 0.41127995110802706 0.15709734416970864 0.1045612767345796 0.24747496369925467
7 0.20730097823539012 0.1457836360295987 0.06656130698520064 0.16131929508134385
3 0.40390625 0.01796875 0.0296875 0.0359375
3 0.1926294241770557 0.04117794926131531 0.007948855386194253 0.023482951795398055
0 0.20390625 0.01953125 0.0453125 0.0390625
5 0.4015625 0.309375 0.15625 0.61875
5 0.2171875 0.26328125 0.1 0.5265625
5 0.340625 0.79140625 0.278125 0.3453125
5 0.73984375 0.809375 0.5203125 0.38125
4 0.73984375 0.90859375 0.5203125 0.1828125
1 0.821875 0.721875 0.35625 0.171875