5 0.2328125 0.31171875 0.09375 0.5359375
8 0.82578125 0.40859375 0.3484375 0.3421875
0 0.7643415739576838 0.27995496073358783 0.02207499466899989 0.01744203866963625
7 0.7567830652848658 0.32518564473263334 0.044477253341817756 0.0630090773392725
5 0.7668302272835932 0.3346788234006787 0.07965223201781732 0.13215906667727229
5 0.20234375 0.72109375 0.1546875 0.2828125
5 0.853125 0.78984375 0.265625 0.4203125
5 0.9078125 0.78984375 0.184375 0.4203125
5 0.63984375 0.78984375 0.2828125 0.4203125
5 0.46015625 0.78984375 0.3109375 0.4203125
5 0.346875 0.78984375 0.134375 0.4203125
3 0.50234375 0.59453125 0.0578125 0.0296875
3 0.67109375 0.60078125 0.0546875 0.0421875
3 0.84296875 0.5984375 0.0484375 0.0375
3 0.94609375 0.61484375 0.0578125 0.0703125
4 0.3203125 0.78671875 0.08125 0.4140625
4 0.47467744792332167 0.790719738064906 0.20454533338636124 0.3929522106938169
4 0.6530933492600488 0.7677924100890868 0.16139422270845252 0.30964881468808986
4 0.85703125 0.80703125 0.1828125 0.3859375
4 0.9328125 0.803125 0.13125 0.39375