8 0.8203125 0.23515625 0.359375 0.4296875
8 0.84296875 0.0953125 0.3140625 0.190625
0 0.1625 0.66328125 0.146875 0.240625
3 0.0859375 0.70625 0.0671875 0.1234375
5 0.1203125 0.75234375 0.240625 0.4953125
8 0.6171875 0.8765625 0.178125 0.246875
8 0.66953125 0.7265625 0.6609375 0.546875
9 0.90390625 0.8625 0.1109375 0.1015625
7 0.7875 0.8109375 0.0140625 0.0359375
0 0.78046875 0.78984375 0.0078125 0.009375
5 0.7828125 0.8234375 0.025 0.078125
9 0.4828125 0.696875 0.01875 0.059375
9 0.51171875 0.70546875 0.0484375 0.071875
8 0.34921875 0.60859375 0.0203125 0.0484375
9 0.4015625 0.57734375 0.009375 0.0125
9 0.3890625 0.5984375 0.0140625 0.01875
9 0.4015625 0.60625 0.0140625 0.021875