9 0.253125 0.46015625 0.06875 0.2171875
0 0.23125 0.55234375 0.025 0.0328125
5 0.23671875 0.5515625 0.0359375 0.034375
5 0.7217984432686394 0.3739964094127691 0.07114993602799871 0.20704997867599956
5 0.5797109406031392 0.3637481580601336 0.08692038669636233 0.21973179201145393
4 0.7364063832750027 0.32728504141467807 0.027071577339272502 0.04405908267027261
4 0.5685103586091845 0.31908054805854275 0.03350339067472703 0.05975680800445442
3 0.7304563752785025 0.3014310660804963 0.004814769334818081 0.01099204400063627
3 0.5743518259468661 0.2871129327259518 0.006322725334181811 0.006322725334181811
0 0.5706910239497296 0.2659737293920882 0.022165901336727245 0.02525453866963625
0 0.7345717106142752 0.2835077694143599 0.019059082670272433 0.026780676002545346
9 0.109375 0.784375 0.21875 0.43125
8 0.6984375 0.78671875 0.603125 0.4265625