5 0.08359375 0.03046875 0.0671875 0.0609375
5 0.01796875 0.090625 0.0359375 0.18125
5 0.58515625 0.209375 0.4328125 0.41875
1 0.4765625 0.26015625 0.215625 0.2703125
8 0.18125 0.63125 0.3625 0.425
8 0.2015625 0.740625 0.334375 0.51875
7 0.16796875 0.4234375 0.0296875 0.009375
5 0.1671875 0.425 0.034375 0.0125
8 0.52890625 0.71015625 0.3203125 0.3484375
8 0.59453125 0.8953125 0.4515625 0.209375
4 0.554624909248137 0.6421875 0.014198855386194253 0.0234375
2 0.5576180990414825 0.61953125 0.011010222872636888 0.0125
5 0.5522402526322786 0.63515625 0.028388620413308984 0.0453125