9 0.3 0.16328125 0.178125 0.3265625
9 0.5765625 0.26484375 0.375 0.2703125
0 0.9328125 0.17265625 0.134375 0.1328125
3 0.9025737533815887 0.31953125 0.07118520401018139 0.075
5 0.82734375 0.2453125 0.3453125 0.309375
0 0.38046875 0.73515625 0.0171875 0.0671875
0 0.2973691800604518 0.740625 0.06477157200827222 0.0609375
3 0.2901930267345424 0.7953125 0.028506808004454244 0.0328125
7 0.2515625 0.89765625 0.1375 0.2046875
7 0.35390625 0.9 0.0703125 0.2
5 0.3390625 0.84921875 0.1 0.3015625
5 0.2546875 0.85 0.190625 0.3
6 0.89140625 0.95078125 0.1140625 0.0984375
6 0.7872691160884505 0.771875 0.14160788669636232 0.21875
6 0.6884305320655424 0.603125 0.19547832137172544 0.2828125