4 0.2515625 0.6025180294650541 0.1859375 0.3338942527304745
4 0.0515625 0.62734375 0.103125 0.3453125
1 0.4109375 0.8651639960911751 0.0203125 0.04543067466803521
0 0.38984375 0.8134787762436003 0.0515625 0.07217498184962742
0 0.234375 0.8125742855151783 0.0875 0.10207156010845857
7 0.309375 0.95234375 0.228125 0.0953125
5 0.39375 0.8875 0.071875 0.225
5 0.30390625 0.875 0.2515625 0.25
5 0.41328125 0.55546875 0.0328125 0.2953125
5 0.08125 0.5703125 0.1625 0.4625
5 0.246875 0.55703125 0.2875 0.4359375
1 0.15546875 0.47461522238165765 0.0734375 0.08480224687674198
2 0.41875 0.4265625 0.021875 0.028125
7 0.653125 0.66953125 0.446875 0.6609375
5 0.69609375 0.66953125 0.5328125 0.6609375
3 0.64921875 0.38125 0.0609375 0.084375