8 0.36640625 0.41953125 0.1671875 0.2609375
0 0.22562865467095072 0.4285275802037388 0.023601126463433174 0.028261355386194252
5 0.2201735402095702 0.4261520139469601 0.044249969749379045 0.08619203005422929
6 0.8522558289462022 0.051919628408340746 0.02999657220870695 0.0532977168225127
6 0.67863652176461 0.08216059855050321 0.0362920240041051 0.061146578258831144
6 0.72578125 0.0078125 0.0171875 0.015625
6 0.8946251361277946 0.02091506810349042 0.015815897540672096 0.03290340359079611
6 0.80078125 0.0046875 0.0171875 0.009375
6 0.5578745698710159 0.02442484572183279 0.022120439695149586 0.04231476502711455
6 0.4984375 0.01015625 0.015625 0.0203125
9 0.66640625 0.32265625 0.4328125 0.4546875
8 0.23515625 0.76484375 0.4046875 0.4296875
4 0.14023709709657486 0.6515413367448423 0.018895445745273864 0.02510908430895533
2 0.13566322658507007 0.6319828156676035 0.007867042154477666 0.009420451795397966
5 0.14105470853289334 0.6452958819243821 0.033048849336070066 0.040815897540672094
4 0.6109375 0.6125 0.321875 0.125
5 0.52734375 0.7546875 0.1546875 0.409375
5 0.67109375 0.775 0.4421875 0.45
5 0.7734375 0.7625 0.453125 0.425
5 0.9265625 0.71484375 0.146875 0.3296875