0 0.4734375 0.11484375 0.190625 0.2296875
3 0.4953125 0.2984375 0.103125 0.121875
7 0.3375 0.26875 0.4625 0.18125
5 0.33828125 0.1796875 0.4609375 0.359375
5 0.744166072994274 0.19375 0.09035333098930565 0.221875
5 0.61015625 0.17265625 0.0828125 0.2359375
4 0.7631887837666624 0.146875 0.03152271077238851 0.046875
4 0.58828125 0.125 0.0390625 0.065625
3 0.7594461602300956 0.11875 0.0063136325135573655 0.0109375
3 0.5986677415139889 0.09140625 0.006295451795398144 0.0078125
0 0.5956700065411036 0.06953125 0.023601126463433174 0.028125
0 0.7650194493595113 0.10078125 0.023610216822512697 0.0296875
5 0.784375 0.6796875 0.43125 0.640625