8 0.05078125 0.259375 0.1015625 0.11875
8 0.309375 0.159375 0.61875 0.31875
5 0.70234375 0.1609375 0.1671875 0.315625
5 0.75390625 0.1234375 0.1296875 0.246875
4 0.75078125 0.04453125 0.0578125 0.0890625
4 0.6703342985757769 0.12265625 0.06204656134627218 0.0953125
3 0.7037558732495492 0.0703125 0.009520450668363623 0.0125
0 0.7002041592536855 0.03984375 0.050727253341817755 0.0625
7 0.38784106659773043 0.6984375 0.0351204346753633 0.0640625
3 0.3929103746021848 0.665625 0.007994313335454351 0.015625
0 0.3931921852721391 0.64140625 0.025363626670909058 0.03125
8 0.309375 0.659375 0.61875 0.68125
8 0.80625 0.659375 0.375 0.68125