0 0.41171875 0.240625 0.0625 0.1
3 0.41484375 0.29296875 0.0171875 0.0546875
7 0.334375 0.3078125 0.096875 0.14375
5 0.36484375 0.28515625 0.1609375 0.1921875
1 0.52265625 0.36015625 0.1078125 0.2140625
2 0.5484375 0.12890625 0.159375 0.2140625
5 0.9140625 0.353125 0.171875 0.471875
5 0.70078125 0.29609375 0.4640625 0.5859375
7 0.13203125 0.7734375 0.1734375 0.36875
1 0.215625 0.6203125 0.0171875 0.04375
7 0.34140625 0.81015625 0.1984375 0.3203125
6 0.38203125 0.93046875 0.0734375 0.1390625
5 0.23359375 0.73046875 0.0640625 0.2828125
5 0.3375 0.79453125 0.2125 0.4109375
5 0.10703125 0.79453125 0.2140625 0.4109375