3 0.45195182279788215 0.14375 0.009429542154477843 0.009375
0 0.4497262474659173 0.1234375 0.020448855386194252 0.0234375
4 0.45859375 0.15703125 0.0203125 0.0421875
4 0.39458877469147613 0.20078125 0.03162270472226432 0.0640625
5 0.38834331987101595 0.2 0.06325449980360834 0.1296875
5 0.4453125 0.18046875 0.046875 0.1453125
1 0.734375 0.37578125 0.53125 0.3859375
2 0.734375 0.07734375 0.53125 0.1546875
5 0.734375 0.284375 0.53125 0.56875
4 0.734375 0.4765625 0.53125 0.184375
5 0.0859375 0.715625 0.171875 0.29375