7 0.6203125 0.1546875 0.503125 0.309375
5 0.64296875 0.1546875 0.5484375 0.309375
9 0.2947064284786641 0.7828336632551578 0.10401585518980258 0.15372496369925487
7 0.3453125 0.74140625 0.046875 0.2703125
7 0.1772921903825207 0.6882074853656688 0.08539312021691714 0.17549087939029934
3 0.1841966962362532 0.5756711239293504 0.011082945745273864 0.025063632513557366
0 0.20470009377692522 0.5427404492613153 0.05510565651766246 0.07219316256778666
5 0.3046875 0.66953125 0.128125 0.6609375
5 0.171875 0.71875 0.1625 0.5625
4 0.6379377571302787 0.7997348169441498 0.1477749455488821 0.15554199375348396
2 0.6712820431364364 0.7081376694034777 0.048601126463433175 0.02840680113146803
5 0.63828125 0.8390625 0.2265625 0.321875
5 0.75234375 0.346875 0.1671875 0.075