1 0.33203125 0.01015625 0.0296875 0.0203125
1 0.3057358738311545 0.010452957948775054 0.014144313231716587 0.014226132001908986
1 0.23250238602959877 0.11051713995863825 0.033157933645025485 0.059756808004454334
1 0.040760313624500014 0.036190943984727976 0.02989657825883123 0.036282945337363426
0 0.034375 0.0109375 0.040625 0.021875
0 0.2288779371610669 0.06212509329250189 0.0535704275949012 0.07718066534054513
0 0.40859375 0.0328125 0.0515625 0.065625
7 0.33833020521324364 0.047571149944320726 0.0911613311856975 0.09324201734563572
7 0.47890625 0.14296875 0.1015625 0.2203125
7 0.17505752469147615 0.182274508633047 0.12152151775758915 0.20921246268299926
7 0.12771034690018315 0.12970403930618307 0.1088851623713949 0.1856295120146357
7 0.046875 0.12109375 0.09375 0.1796875
5 0.06171875 0.21796875 0.1234375 0.4359375
5 0.1359375 0.22578125 0.146875 0.4515625
5 0.19638255796715925 0.27655121996341075 0.20765095705995532 0.5117567546944534
5 0.29296875 0.0515625 0.0671875 0.103125
5 0.325 0.053125 0.128125 0.10625
5 0.45546875 0.21171875 0.1484375 0.4234375
8 0.8484375 0.2359375 0.303125 0.4375
8 0.67265625 0.62109375 0.2859375 0.1640625