5 0.766581428478664 0.29222802725177655 0.07469196955298711 0.21647952267663584
5 0.619774606171761 0.2822183226050483 0.09351469242562409 0.22919769867918127
4 0.7817024344305924 0.2443990545830948 0.028388620413308984 0.04563976400381797
4 0.6083194765850701 0.23704218260663906 0.0363011143631848 0.06291817067154533
3 0.7763927657144857 0.21711893925050382 0.004751132513557366 0.01099204400063627
3 0.6155461693052819 0.20336661660568467 0.006295451795397966 0.007885225334181812
0 0.6109859343323965 0.18154616060632098 0.022020445745273776 0.02525453866963625
0 0.7804035548439013 0.19910473591664016 0.020476126463433175 0.028361357336090798
0 0.29921875 0.4453125 0.1859375 0.03125
2 0.44453125 0.61953125 0.1703125 0.0671875
2 0.08125 0.53203125 0.1625 0.0546875
9 0.11875 0.7015625 0.2375 0.54375
3 0.3181399041799713 0.5021740972310956 0.11912270472226431 0.06544428134945371
3 0.06812574776050484 0.6417927699315941 0.12064884328594587 0.05921246268299925
3 0.4316519165748073 0.7297440192155055 0.11598861436318444 0.06384541868236297
4 0.3765625 0.86953125 0.30625 0.2609375
4 0.10703125 0.80625 0.2140625 0.29375
7 0.3416359706331417 0.6261110365611412 0.30929422852997757 0.25826922270845254
4 0.14453125 0.47578125 0.1859375 0.0921875
5 0.125 0.47734375 0.25 0.0953125
5 0.12265625 0.74921875 0.2453125 0.5015625
5 0.3375 0.7890625 0.384375 0.421875
5 0.32890625 0.60390625 0.4015625 0.3484375
5 0.83671875 0.76640625 0.3265625 0.4671875