7 0.25703125 0.0890625 0.1859375 0.178125
0 0.13203125 0.05234375 0.0828125 0.1046875
3 0.16729450078556693 0.0765625 0.02846134328594587 0.0578125
5 0.253125 0.228125 0.325 0.45625
1 0.81328125 0.35 0.3734375 0.259375
2 0.7875 0.090625 0.4 0.18125
5 0.71484375 0.23984375 0.5703125 0.4796875
1 0.2015625 0.6453125 0.403125 0.33125
4 0.21484375 0.86328125 0.4296875 0.2734375
5 0.21484375 0.73984375 0.4296875 0.5203125
6 0.52890625 0.73984375 0.1984375 0.5203125
6 0.78203125 0.73984375 0.4359375 0.5203125