8 0.2 0.1671875 0.4 0.334375
8 0.2 0.24453125 0.4 0.4890625
5 0.08359375 0.2171875 0.1671875 0.434375
6 0.865625 0.0546875 0.0140625 0.0265625
6 0.76875 0.04765625 0.009375 0.0234375
6 0.85 0.0828125 0.0171875 0.025
6 0.77734375 0.065625 0.0125 0.0203125
6 0.6828125 0.04453125 0.0078125 0.015625
6 0.615625 0.04140625 0.009375 0.0171875
6 0.5328125 0.03828125 0.0125 0.01875
6 0.45 0.03515625 0.0125 0.021875
6 0.45625 0.259375 0.0625 0.1125
6 0.96015625 0.10078125 0.01875 0.0296875
6 0.725 0.04609375 0.0078125 0.0140625
6 0.9484375 0.0796875 0.0125 0.0234375
6 0.8875 0.0671875 0.0109375 0.0203125
6 0.853125 0.05546875 0.0078125 0.015625
6 0.834375 0.04921875 0.0078125 0.0125
6 0.82265625 0.04453125 0.00625 0.0109375
6 0.8140625 0.04140625 0.0046875 0.009375
6 0.77109375 0.05703125 0.0109375 0.0171875
6 0.48359375 0.028125 0.009375 0.0171875
6 0.5453125 0.0328125 0.009375 0.015625
6 0.609375 0.03515625 0.00625 0.0125
6 0.64140625 0.0359375 0.00625 0.0109375
6 0.65078125 0.034375 0.00625 0.0109375
6 0.659375 0.0328125 0.0046875 0.009375
6 0.66796875 0.02890625 0.0046875 0.0078125
6 0.71953125 0.0375 0.00625 0.0125
6 0.71328125 0.03515625 0.0046875 0.0109375
6 0.71015625 0.03359375 0.0046875 0.0109375
6 0.7046875 0.0328125 0.0046875 0.0109375
6 0.70234375 0.03125 0.0046875 0.009375
6 0.69921875 0.02890625 0.0046875 0.009375
6 0.6796875 0.02734375 0.0046875 0.009375
6 0.6640625 0.02734375 0.003125 0.0078125
6 0.765625 0.0453125 0.00625 0.0125
6 0.7640625 0.03984375 0.0046875 0.0109375
6 0.76171875 0.0359375 0.0046875 0.0109375
6 0.72734375 0.04140625 0.0046875 0.0125
8 0.2796875 0.74453125 0.240625 0.5109375
7 0.1328125 0.72421875 0.028125 0.053125
0 0.12578125 0.68984375 0.0109375 0.0140625
5 0.1296875 0.7328125 0.046875 0.1015625
5 0.00859375 0.75390625 0.0171875 0.0765625
5 0.67421875 0.92890625 0.1484375 0.1421875