0 0.33515625 0.1859375 0.1296875 0.2
3 0.30590806977282003 0.29773597970832805 0.04258747579950324 0.06899543969514968
4 0.16328125 0.2984375 0.3265625 0.340625
5 0.2 0.2515625 0.4 0.434375
8 0.815625 0.234375 0.36875 0.46875
8 0.5109375 0.27265625 0.221875 0.2609375
3 0.11079503679172457 0.5020381812091386 0.05654089149054773 0.05032725292686617
4 0.31796875 0.734375 0.1640625 0.53125
4 0.10546875 0.70859375 0.2109375 0.4515625
5 0.16640625 0.734375 0.3328125 0.53125
5 0.2875 0.734375 0.225 0.53125
8 0.7 0.8078125 0.6 0.384375
0 0.7556348381195844 0.9324235553348806 0.01886817466803503 0.020421584308955333
3 0.75003427791293 0.9551116215916593 0.012590903590796287 0.015697722872636887
7 0.7390625 0.97734375 0.040625 0.0453125
5 0.7390625 0.959375 0.0625 0.08125