8 0.209375 0.2921875 0.41875 0.375
8 0.134375 0.10078125 0.26875 0.2015625
5 0.8084973699077315 0.4171875 0.05105451734563573 0.090625
4 0.8163644139083679 0.4125 0.022293170671545327 0.0359375
8 0.6727336872613214 0.26796875 0.19128171737745242 0.325
8 0.709375 0.23984375 0.58125 0.4796875
9 0.9578125 0.2203125 0.084375 0.10625
7 0.8528308146085483 0.165625 0.016061352005090866 0.0375
0 0.8452637626114117 0.14453125 0.009484088001272895 0.009375
5 0.8479887732734118 0.17890625 0.027526110677908732 0.0828125
9 0.5339091866247746 0.04609375 0.019477253341817758 0.0625
9 0.564268848623502 0.05546875 0.05243520401018138 0.075
9 0.2673376625955033 0.82109375 0.20085561736154425 0.2078125
9 0.709375 0.68046875 0.58125 0.4015625
3 0.940625 0.496875 0.11875 0.034375
3 0.5654666272676849 0.52734375 0.1226204346753633 0.0640625
4 0.5890625 0.69296875 0.340625 0.3046875
4 0.9234375 0.6921875 0.153125 0.3875
5 0.8859375 0.73984375 0.228125 0.5203125
5 0.6265625 0.73984375 0.415625 0.5203125