7 0.14339301433974364 0.237747002337691 0.03944429508134384 0.06585225897699054
3 0.143215752337691 0.20727825233769098 0.007876132513557366 0.010982951795397966
0 0.13527598731057644 0.18535780054229303 0.025172716822512698 0.029832945745273776
5 0.16537709864869896 0.2566242673648057 0.09643970452587247 0.19430451190385672
8 0.259375 0.309375 0.51875 0.61875
8 0.365625 0.809375 0.30625 0.38125
4 0.3403351502711465 0.6624566317279904 0.03615566861791084 0.037709078258831144
3 0.333953340064492 0.6397640202916719 0.014144313231716587 0.014144313231716587
2 0.33046875 0.625 0.0171875 0.0125
5 0.346875 0.67265625 0.065625 0.1078125
9 0.24169363807270222 0.7610981439264346 0.04247839149054773 0.05024543969514959
6 0.84140625 0.78515625 0.2828125 0.3328125
2 0.95625 0.771875 0.0875 0.090625
3 0.95859375 0.946875 0.0828125 0.10625
5 0.89609375 0.85625 0.2078125 0.2875