5 0.21328125 0.03359375 0.0546875 0.0671875
4 0.22109375 0.0171875 0.0234375 0.034375
8 0.21953125 0.15 0.4390625 0.3
8 0.21953125 0.65234375 0.4390625 0.6953125
2 0.10826867536599849 0.4140625 0.012699994668999893 0.0171875
3 0.11153003536758935 0.42578125 0.007903406667727176 0.0078125
4 0.10796014003818008 0.4546875 0.023946577339272322 0.04375
5 0.11255673337045291 0.446875 0.03375792934436319 0.08125
7 0.7098675380330894 0.4453125 0.13775672803945263 0.290625
0 0.740625 0.35390625 0.0875 0.1078125
5 0.70078125 0.6015625 0.1796875 0.603125