9 0.23214734114464655 0.3826695159108775 0.09778403590796181 0.15681360226293642
9 0.31495075078556684 0.38375022687965765 0.10523292154477701 0.09435905405833438
7 0.16903880796715925 0.35335017545360187 0.13136921642972937 0.28981699980360814
7 0.041204699457707064 0.3040955848981306 0.07761698165323558 0.1816954275949012
0 0.1859410034178456 0.13372802186280577 0.059865879390299526 0.08472043364502549
0 0.07405862695441243 0.16250298253699844 0.026826120413308986 0.04546703610435347
5 0.046875 0.33359375 0.09375 0.4328125
5 0.1375 0.275 0.275 0.55
1 0.5375 0.4671875 0.296875 0.165625
2 0.63828125 0.19765625 0.4984375 0.2796875
5 0.69453125 0.29453125 0.6109375 0.5109375
3 0.12398538320092838 0.5978279250608185 0.02833407825883123 0.03610112646343318
4 0.1078013261175319 0.6940125786516147 0.12458288524403187 0.1975931383672897
5 0.103125 0.775 0.20625 0.45
8 0.8015625 0.828125 0.396875 0.34375
0 0.810780880372258 0.9521240187395478 0.007839771077238922 0.004732951795397966
7 0.8099450882177802 0.9615035639190875 0.01570681323171641 0.014153403590795931
5 0.8068019074996211 0.9646467446372469 0.02362839754067201 0.032948855386194256
0 0.8114121394474443 0.977900723560008 0.009402271077238922 0.004742042154477844
7 0.8066700972929667 0.9873029946372469 0.015715903590796287 0.015715903590796287
5 0.80703125 0.98671875 0.0234375 0.0265625